2 0.65625 0.63671875 0.315625 0.2859375
2 0.28515625 0.83359375 0.315625 0.32890625
2 0.77265625 0.3015625 0.278125 0.24921875
2 0.6515625 0.8625 0.31640625 0.2703125
2 0.49296875 0.46328125 0.19140625 0.30703125
2 0.25546875 0.60859375 0.22734375 0.2296875
2 0.71953125 0.49921875 0.26015625 0.18359375
2 0.109375 0.725 0.19921875 0.30703125
2 0.86171875 0.3875 0.15546875 0.1734375
2 0.04140625 0.40546875 0.0828125 0.0671875
2 0.24375 0.396875 0.146875 0.10625
2 0.61328125 0.32265625 0.1390625 0.12578125
2 0.95390625 0.2640625 0.08828125 0.0953125
2 0.9625 0.30859375 0.071875 0.10625
2 0.3984375 0.359375 0.1140625 0.09921875
2 0.13203125 0.4375 0.13046875 0.08203125
2 0.14609375 0.53125 0.221875 0.17734375
