2 0.84296875 0.89609375 0.278125 0.203125
2 0.5796875 0.67734375 0.1375 0.14453125
2 0.55859375 0.86875 0.2546875 0.1546875
2 0.24375 0.68515625 0.15 0.1296875
2 0.81015625 0.625 0.1375 0.1125
2 0.44375 0.60625 0.08359375 0.07578125
2 0.13984375 0.63515625 0.0796875 0.103125
2 0.3328125 0.76953125 0.16796875 0.09296875
2 0.73515625 0.54921875 0.065625 0.0390625
2 0.628125 0.5734375 0.0765625 0.05859375
2 0.3421875 0.60390625 0.10625 0.06640625
2 0.3859375 0.5578125 0.0390625 0.02734375
2 0.33203125 0.81484375 0.1734375 0.18359375
2 0.13203125 0.71171875 0.075 0.090625
