2 0.53515625 0.36796875 0.03125 0.04375
2 0.49453125 0.6578125 0.04765625 0.04140625
2 0.46875 0.44609375 0.0390625 0.04375
2 0.434375 0.4765625 0.0328125 0.03203125
2 0.353125 0.4984375 0.0421875 0.046875
2 0.45859375 0.5578125 0.034375 0.03203125
2 0.478125 0.51328125 0.034375 0.02734375
2 0.39296875 0.44765625 0.02421875 0.03671875
2 0.5578125 0.57109375 0.034375 0.0296875
2 0.3859375 0.59765625 0.0390625 0.04375
2 0.39921875 0.53203125 0.0375 0.04375
2 0.596875 0.42890625 0.034375 0.0390625
2 0.60078125 0.5609375 0.034375 0.034375
