2 0.275 0.665625 0.54375 0.61015625
2 0.85078125 0.2484375 0.23359375 0.2875
2 0.4359375 0.51015625 0.23515625 0.32265625
2 0.30703125 0.16171875 0.20234375 0.21796875
2 0.6984375 0.753125 0.31875 0.21484375
2 0.65390625 0.525 0.1796875 0.253125
2 0.94453125 0.3984375 0.1078125 0.33125
2 0.5703125 0.34609375 0.1109375 0.13359375
2 0.66640625 0.415625 0.16328125 0.1578125
2 0.34375 0.26015625 0.16796875 0.15390625
2 0.84140625 0.36328125 0.2421875 0.34921875
2 0.45234375 0.36328125 0.2421875 0.15078125
