2 0.5734375 0.47890625 0.26953125 0.24296875
2 0.74609375 0.57890625 0.35859375 0.29296875
2 0.39140625 0.69453125 0.2640625 0.26796875
2 0.25 0.86640625 0.3203125 0.125
2 0.85390625 0.2890625 0.17421875 0.14296875
2 0.2140625 0.6 0.2078125 0.27109375
2 0.28203125 0.42109375 0.215625 0.22890625
2 0.4515625 0.14140625 0.13359375 0.175
2 0.36015625 0.275 0.1765625 0.14296875
2 0.50390625 0.31953125 0.2125 0.21015625
2 0.6796875 0.3734375 0.18984375 0.125
2 0.3484375 0.1390625 0.11796875 0.15
2 0.04375 0.29453125 0.0875 0.1390625
2 0.85625 0.09609375 0.1234375 0.10703125
2 0.121875 0.546875 0.16171875 0.17421875
2 0.16953125 0.2953125 0.16953125 0.17890625
2 0.62890625 0.18515625 0.21328125 0.1234375
