0 0.619141 0.425781 0.574219 0.546875
0 0.935547 0.412109 0.050781 0.300781
0 0.921875 0.611328 0.031250 0.105469
0 0.923828 0.224609 0.035156 0.066406
0 0.306641 0.433594 0.050781 0.351562
0 0.521484 0.740234 0.285156 0.074219
0 0.716797 0.787109 0.097656 0.167969
0 0.810547 0.757812 0.074219 0.109375
0 0.558594 0.820312 0.226562 0.078125
0 0.597656 0.878906 0.148438 0.039062
0 0.869141 0.726562 0.042969 0.046875
0 0.783203 0.832031 0.042969 0.039062
0 0.427734 0.802734 0.042969 0.035156
0 0.367188 0.722656 0.046875 0.039062
0 0.316406 0.630859 0.031250 0.035156
0 0.316406 0.226562 0.039062 0.054688
0 0.632812 0.080078 0.312500 0.144531
0 0.818359 0.099609 0.050781 0.105469
0 0.863281 0.115234 0.039062 0.066406
0 0.451172 0.089844 0.050781 0.117188
0 0.408203 0.117188 0.042969 0.078125
0 0.375000 0.134766 0.031250 0.042969
