0 0.751953 0.560547 0.191406 0.261719
0 0.906250 0.517578 0.132812 0.339844
0 0.498047 0.558594 0.316406 0.265625
0 0.244141 0.500000 0.183594 0.296875
0 0.386719 0.339844 0.140625 0.171875
0 0.419922 0.767578 0.160156 0.152344
0 0.546875 0.810547 0.078125 0.214844
0 0.822266 0.734375 0.097656 0.078125
0 0.935547 0.796875 0.121094 0.093750
0 0.560547 0.781250 0.097656 0.140625
0 0.658203 0.814453 0.128906 0.277344
0 0.408203 0.890625 0.183594 0.093750
0 0.134766 0.441406 0.136719 0.164062
0 0.142578 0.638672 0.121094 0.144531
0 0.265625 0.671875 0.148438 0.101562
0 0.304688 0.822266 0.164062 0.230469
1 0.884766 0.224609 0.175781 0.230469
1 0.107422 0.830078 0.207031 0.214844
0 0.050781 0.603516 0.093750 0.097656
1 0.720703 0.140625 0.160156 0.164062
0 0.847656 0.429688 0.117188 0.093750
0 0.804688 0.806641 0.226562 0.316406
0 0.935547 0.890625 0.128906 0.164062
