0 0.554688 0.537109 0.273438 0.136719
0 0.619141 0.478516 0.167969 0.082031
0 0.375000 0.578125 0.093750 0.171875
0 0.275391 0.603516 0.121094 0.097656
0 0.169922 0.625000 0.097656 0.078125
0 0.466797 0.607422 0.121094 0.066406
0 0.277344 0.552734 0.093750 0.074219
0 0.208984 0.589844 0.097656 0.078125
0 0.599609 0.597656 0.144531 0.070312
0 0.349609 0.660156 0.074219 0.070312
1 0.632812 0.394531 0.250000 0.078125
1 0.429688 0.429688 0.195312 0.078125
1 0.265625 0.476562 0.125000 0.062500
0 0.087891 0.666016 0.066406 0.074219
0 0.041016 0.740234 0.066406 0.097656
1 0.109375 0.546875 0.109375 0.070312
1 0.064453 0.597656 0.121094 0.054688
1 0.181641 0.513672 0.089844 0.074219
