0 0.087891 0.431641 0.167969 0.199219
0 0.359375 0.484375 0.171875 0.312500
0 0.531250 0.437500 0.171875 0.171875
0 0.662109 0.417969 0.160156 0.148438
0 0.746094 0.406250 0.148438 0.101562
0 0.515625 0.583984 0.148438 0.121094
0 0.896484 0.396484 0.097656 0.074219
0 0.236328 0.541016 0.269531 0.128906
0 0.199219 0.417969 0.218750 0.218750
1 0.814453 0.578125 0.371094 0.156250
1 0.597656 0.246094 0.515625 0.195312
1 0.925781 0.232422 0.132812 0.253906
1 0.650391 0.796875 0.683594 0.281250
1 0.154297 0.816406 0.300781 0.367188
1 0.171875 0.195312 0.335938 0.218750
