0 0.435547 0.691406 0.175781 0.109375
0 0.548828 0.638672 0.058594 0.074219
0 0.589844 0.615234 0.093750 0.074219
0 0.478516 0.646484 0.074219 0.074219
0 0.533203 0.679688 0.066406 0.054688
0 0.310547 0.767578 0.082031 0.152344
0 0.410156 0.753906 0.164062 0.085938
0 0.402344 0.808594 0.117188 0.125000
0 0.263672 0.449219 0.128906 0.054688
0 0.966797 0.298828 0.066406 0.066406
1 0.134766 0.787109 0.261719 0.425781
1 0.353516 0.566406 0.167969 0.132812
1 0.568359 0.527344 0.253906 0.078125
1 0.273438 0.632812 0.148438 0.109375
1 0.697266 0.609375 0.105469 0.132812
1 0.261719 0.925781 0.156250 0.140625
1 0.619141 0.410156 0.199219 0.156250
1 0.435547 0.427734 0.183594 0.152344
1 0.146484 0.541016 0.277344 0.113281
