0 0.453125 0.515625 0.140625 0.156250
0 0.525391 0.396484 0.089844 0.082031
0 0.267578 0.544922 0.230469 0.121094
0 0.587891 0.496094 0.152344 0.101562
1 0.708984 0.392578 0.082031 0.230469
0 0.296875 0.611328 0.226562 0.097656
0 0.607422 0.451172 0.105469 0.058594
1 0.763672 0.716797 0.386719 0.285156
1 0.951172 0.339844 0.097656 0.117188
1 0.878906 0.492188 0.242188 0.398438
1 0.773438 0.720703 0.203125 0.449219
1 0.515625 0.798828 0.195312 0.402344
1 0.240234 0.837891 0.464844 0.324219
1 0.880859 0.892578 0.214844 0.214844
