0 0.261719 0.339844 0.218750 0.312500
0 0.449219 0.341797 0.203125 0.292969
0 0.589844 0.343750 0.117188 0.281250
0 0.712891 0.355469 0.121094 0.242188
0 0.812500 0.359375 0.078125 0.203125
0 0.859375 0.359375 0.078125 0.171875
0 0.083984 0.312500 0.160156 0.171875
0 0.388672 0.703125 0.074219 0.109375
0 0.447266 0.669922 0.042969 0.089844
0 0.345703 0.728516 0.058594 0.082031
0 0.652344 0.892578 0.132812 0.207031
1 0.158203 0.751953 0.300781 0.488281
1 0.529297 0.701172 0.097656 0.246094
1 0.410156 0.886719 0.195312 0.226562
0 0.906250 0.359375 0.046875 0.093750
