0 0.406250 0.435547 0.140625 0.191406
0 0.257812 0.484375 0.156250 0.250000
0 0.828125 0.105469 0.125000 0.054688
0 0.779297 0.544922 0.089844 0.089844
0 0.701172 0.593750 0.066406 0.062500
0 0.529297 0.314453 0.082031 0.105469
0 0.859375 0.500000 0.078125 0.062500
0 0.117188 0.583984 0.226562 0.355469
0 0.257812 0.595703 0.125000 0.175781
0 0.353516 0.529297 0.128906 0.175781
0 0.503906 0.416016 0.140625 0.136719
0 0.457031 0.498047 0.132812 0.066406
0 0.396484 0.552734 0.121094 0.074219
0 0.306641 0.625000 0.121094 0.078125
0 0.636719 0.621094 0.117188 0.054688
0 0.824219 0.521484 0.085938 0.089844
0 0.892578 0.460938 0.066406 0.085938
0 0.947266 0.095703 0.105469 0.066406
0 0.548828 0.662109 0.066406 0.058594
0 0.349609 0.832031 0.097656 0.148438
0 0.470703 0.343750 0.097656 0.132812
0 0.408203 0.347656 0.074219 0.085938
0 0.611328 0.289062 0.082031 0.054688
1 0.798828 0.236328 0.160156 0.113281
0 0.564453 0.382812 0.082031 0.148438
0 0.972656 0.310547 0.054688 0.097656
0 0.982422 0.285156 0.035156 0.093750
0 0.962891 0.359375 0.066406 0.062500
0 0.404297 0.759766 0.074219 0.074219
0 0.513672 0.697266 0.066406 0.050781
0 0.458984 0.738281 0.058594 0.085938
0 0.718750 0.550781 0.078125 0.078125
0 0.263672 0.904297 0.183594 0.152344
0 0.144531 0.916016 0.125000 0.128906
0 0.767578 0.109375 0.058594 0.046875
0 0.591797 0.646484 0.089844 0.066406
0 0.302734 0.833984 0.089844 0.097656
