0 0.769531 0.896484 0.109375 0.105469
0 0.875000 0.929688 0.093750 0.132812
0 0.916016 0.937500 0.074219 0.125000
0 0.962891 0.945312 0.058594 0.109375
0 0.671875 0.968750 0.109375 0.062500
0 0.593750 0.980469 0.046875 0.039062
0 0.496094 0.609375 0.070312 0.109375
0 0.562500 0.626953 0.062500 0.066406
0 0.345703 0.599609 0.089844 0.074219
0 0.402344 0.560547 0.070312 0.019531
0 0.414062 0.636719 0.101562 0.054688
0 0.441406 0.552734 0.078125 0.074219
1 0.435547 0.730469 0.355469 0.132812
1 0.230469 0.361328 0.117188 0.089844
1 0.312500 0.435547 0.078125 0.089844
1 0.365234 0.507812 0.074219 0.078125
1 0.652344 0.855469 0.117188 0.109375
1 0.634766 0.666016 0.066406 0.097656
1 0.291016 0.798828 0.175781 0.136719
