1 0.642578 0.240234 0.175781 0.144531
0 0.806641 0.427734 0.113281 0.058594
0 0.933594 0.449219 0.117188 0.164062
0 0.644531 0.589844 0.234375 0.078125
0 0.501953 0.630859 0.113281 0.097656
0 0.462891 0.675781 0.152344 0.085938
0 0.720703 0.560547 0.144531 0.097656
1 0.628906 0.458984 0.125000 0.082031
0 0.638672 0.644531 0.121094 0.070312
0 0.398438 0.732422 0.156250 0.113281
1 0.160156 0.607422 0.289062 0.277344
1 0.392578 0.476562 0.261719 0.195312
1 0.267578 0.541016 0.230469 0.246094
1 0.847656 0.818359 0.281250 0.363281
1 0.652344 0.843750 0.210938 0.304688
1 0.457031 0.900391 0.343750 0.199219
1 0.162109 0.845703 0.308594 0.285156
1 0.605469 0.355469 0.304688 0.101562
