0 0.556641 0.296875 0.261719 0.218750
0 0.531250 0.593750 0.234375 0.281250
0 0.312500 0.515625 0.156250 0.109375
0 0.375000 0.242188 0.203125 0.078125
0 0.720703 0.203125 0.246094 0.093750
0 0.560547 0.484375 0.230469 0.156250
0 0.634766 0.636719 0.183594 0.132812
0 0.525391 0.773438 0.183594 0.062500
0 0.591797 0.748047 0.097656 0.113281
0 0.343750 0.640625 0.125000 0.125000
0 0.421875 0.718750 0.125000 0.109375
0 0.656250 0.281250 0.203125 0.093750
0 0.203125 0.421875 0.093750 0.093750
0 0.326172 0.435547 0.167969 0.089844
0 0.250000 0.500000 0.125000 0.078125
0 0.500000 0.765625 0.140625 0.171875
1 0.123047 0.591797 0.128906 0.191406
1 0.855469 0.326172 0.179688 0.128906
1 0.916016 0.197266 0.128906 0.136719
1 0.765625 0.437500 0.156250 0.218750
1 0.812500 0.623047 0.140625 0.183594
1 0.314453 0.328125 0.222656 0.093750
1 0.169922 0.283203 0.214844 0.160156
1 0.078125 0.451172 0.140625 0.175781
1 0.216797 0.654297 0.121094 0.160156
1 0.710938 0.792969 0.125000 0.156250
1 0.617188 0.875000 0.085938 0.125000
1 0.298828 0.767578 0.105469 0.121094
1 0.507812 0.904297 0.156250 0.105469
