0 0.433594 0.531250 0.320312 0.500000
0 0.750000 0.765625 0.296875 0.468750
0 0.705078 0.337891 0.230469 0.371094
0 0.306641 0.750000 0.433594 0.187500
0 0.419922 0.863281 0.410156 0.273438
1 0.916016 0.218750 0.167969 0.421875
1 0.187500 0.500000 0.140625 0.265625
1 0.419922 0.187500 0.363281 0.171875
0 0.849609 0.513672 0.269531 0.160156
0 0.906250 0.916016 0.187500 0.152344
1 0.951172 0.716797 0.097656 0.230469
0 0.197266 0.863281 0.097656 0.148438
0 0.730469 0.156250 0.195312 0.195312
1 0.197266 0.304688 0.082031 0.132812
