0 0.044922 0.453125 0.082031 0.078125
0 0.263672 0.466797 0.128906 0.074219
0 0.343750 0.468750 0.031250 0.062500
0 0.421875 0.478516 0.109375 0.035156
0 0.558594 0.478516 0.054688 0.074219
0 0.498047 0.484375 0.058594 0.062500
0 0.609375 0.500000 0.046875 0.093750
0 0.671875 0.494141 0.062500 0.066406
0 0.705078 0.496094 0.074219 0.046875
0 0.546875 0.533203 0.078125 0.035156
0 0.580078 0.544922 0.082031 0.058594
0 0.689453 0.402344 0.082031 0.046875
0 0.154297 0.455078 0.121094 0.082031
1 0.835938 0.390625 0.187500 0.171875
1 0.593750 0.328125 0.312500 0.093750
1 0.808594 0.587891 0.335938 0.128906
1 0.871094 0.527344 0.234375 0.140625
1 0.437500 0.669922 0.343750 0.183594
1 0.337891 0.607422 0.277344 0.199219
1 0.429688 0.392578 0.179688 0.105469
1 0.216797 0.349609 0.253906 0.105469
1 0.310547 0.837891 0.597656 0.316406
1 0.783203 0.812500 0.425781 0.359375
