0 0.369141 0.109375 0.355469 0.109375
0 0.498047 0.357422 0.230469 0.378906
0 0.531250 0.669922 0.312500 0.238281
0 0.460938 0.890625 0.359375 0.203125
0 0.164062 0.128906 0.218750 0.085938
0 0.427734 0.046875 0.222656 0.078125
1 0.181641 0.746094 0.199219 0.218750
0 0.343750 0.623047 0.125000 0.371094
0 0.750000 0.875000 0.250000 0.218750
0 0.744141 0.683594 0.144531 0.210938
0 0.619141 0.423828 0.167969 0.339844
0 0.355469 0.169922 0.125000 0.082031
1 0.267578 0.285156 0.121094 0.140625
0 0.384766 0.316406 0.105469 0.187500
1 0.197266 0.529297 0.175781 0.214844
1 0.146484 0.933594 0.253906 0.132812
1 0.750000 0.486328 0.093750 0.160156
0 0.550781 0.146484 0.078125 0.152344
0 0.279297 0.394531 0.113281 0.062500
1 0.179688 0.402344 0.070312 0.132812
