0 0.263672 0.230469 0.050781 0.031250
0 0.703125 0.339844 0.125000 0.062500
0 0.406250 0.609375 0.093750 0.171875
0 0.525391 0.611328 0.152344 0.121094
0 0.343750 0.623047 0.046875 0.136719
0 0.312500 0.656250 0.093750 0.062500
0 0.279297 0.683594 0.089844 0.062500
0 0.625000 0.585938 0.046875 0.132812
0 0.687500 0.578125 0.062500 0.109375
0 0.744141 0.593750 0.042969 0.062500
0 0.792969 0.585938 0.046875 0.046875
0 0.810547 0.277344 0.066406 0.023438
0 0.875000 0.296875 0.062500 0.031250
0 0.216797 0.123047 0.066406 0.027344
0 0.525391 0.529297 0.191406 0.089844
1 0.341797 0.167969 0.136719 0.078125
1 0.466797 0.339844 0.339844 0.281250
1 0.804688 0.449219 0.320312 0.140625
1 0.906250 0.636719 0.187500 0.296875
1 0.189453 0.402344 0.339844 0.296875
1 0.113281 0.669922 0.218750 0.496094
1 0.576172 0.859375 0.707031 0.281250
1 0.808594 0.718750 0.289062 0.171875
1 0.638672 0.783203 0.308594 0.214844
1 0.437500 0.761719 0.203125 0.125000
1 0.783203 0.501953 0.144531 0.097656
1 0.886719 0.373047 0.226562 0.128906
1 0.683594 0.236328 0.179688 0.128906
1 0.480469 0.216797 0.140625 0.105469
1 0.205078 0.171875 0.144531 0.062500
1 0.953125 0.298828 0.093750 0.121094
1 0.835938 0.244141 0.156250 0.042969
