0 0.449219 0.316406 0.218750 0.054688
0 0.619141 0.560547 0.121094 0.113281
0 0.677734 0.544922 0.082031 0.113281
0 0.501953 0.548828 0.144531 0.066406
0 0.462891 0.703125 0.191406 0.101562
0 0.707031 0.689453 0.210938 0.074219
0 0.607422 0.304688 0.089844 0.085938
0 0.345703 0.546875 0.066406 0.031250
1 0.343750 0.214844 0.265625 0.140625
1 0.447266 0.099609 0.207031 0.066406
1 0.275391 0.343750 0.136719 0.125000
1 0.523438 0.394531 0.343750 0.085938
1 0.279297 0.742188 0.175781 0.148438
1 0.476562 0.800781 0.203125 0.093750
1 0.626953 0.857422 0.097656 0.058594
1 0.253906 0.500000 0.117188 0.140625
1 0.835938 0.751953 0.125000 0.074219
