0 0.482422 0.400391 0.089844 0.097656
0 0.562500 0.390625 0.078125 0.062500
0 0.599609 0.386719 0.074219 0.039062
0 0.636719 0.396484 0.070312 0.042969
0 0.541016 0.453125 0.074219 0.062500
0 0.562500 0.519531 0.109375 0.039062
0 0.412109 0.509766 0.074219 0.027344
0 0.279297 0.529297 0.074219 0.042969
0 0.320312 0.525391 0.062500 0.042969
0 0.451172 0.578125 0.089844 0.031250
0 0.527344 0.593750 0.046875 0.046875
0 0.552734 0.597656 0.050781 0.054688
0 0.472656 0.582031 0.070312 0.054688
0 0.671875 0.714844 0.093750 0.039062
0 0.779297 0.781250 0.097656 0.140625
0 0.853516 0.843750 0.050781 0.234375
0 0.898438 0.875000 0.039062 0.218750
0 0.917969 0.886719 0.046875 0.195312
0 0.933594 0.925781 0.070312 0.117188
0 0.839844 0.849609 0.148438 0.097656
0 0.699219 0.765625 0.062500 0.062500
0 0.742188 0.792969 0.078125 0.062500
0 0.791016 0.859375 0.074219 0.140625
0 0.451172 0.326172 0.066406 0.066406
1 0.179688 0.587891 0.125000 0.113281
1 0.343750 0.763672 0.195312 0.402344
1 0.150391 0.736328 0.292969 0.371094
1 0.500000 0.777344 0.218750 0.304688
1 0.669922 0.621094 0.136719 0.132812
1 0.687500 0.492188 0.140625 0.132812
