0 0.156250 0.593750 0.304688 0.203125
0 0.343750 0.531250 0.062500 0.125000
0 0.500000 0.500000 0.234375 0.062500
0 0.734375 0.460938 0.218750 0.054688
0 0.642578 0.482422 0.089844 0.066406
0 0.230469 0.437500 0.156250 0.062500
0 0.583984 0.580078 0.089844 0.050781
0 0.880859 0.466797 0.105469 0.050781
0 0.650391 0.078125 0.144531 0.046875
1 0.740234 0.804688 0.503906 0.382812
0 0.103516 0.451172 0.175781 0.082031
1 0.458984 0.773438 0.144531 0.453125
1 0.287109 0.853516 0.558594 0.292969
1 0.826172 0.591797 0.347656 0.152344
1 0.865234 0.310547 0.253906 0.253906
1 0.234375 0.199219 0.453125 0.382812
1 0.611328 0.271484 0.308594 0.308594
0 0.341797 0.416016 0.074219 0.035156
