0 0.451172 0.435547 0.347656 0.121094
0 0.505859 0.318359 0.191406 0.097656
0 0.654297 0.322266 0.128906 0.167969
0 0.718750 0.310547 0.171875 0.167969
0 0.830078 0.378906 0.152344 0.117188
0 0.308594 0.537109 0.156250 0.074219
0 0.455078 0.509766 0.128906 0.105469
0 0.228516 0.458984 0.089844 0.121094
0 0.353516 0.371094 0.121094 0.101562
0 0.949219 0.382812 0.101562 0.125000
0 0.652344 0.406250 0.101562 0.070312
1 0.816406 0.593750 0.367188 0.281250
1 0.349609 0.136719 0.464844 0.250000
1 0.076172 0.468750 0.121094 0.375000
0 0.201172 0.492188 0.097656 0.070312
1 0.548828 0.636719 0.285156 0.117188
1 0.644531 0.558594 0.195312 0.109375
