0 0.468750 0.562500 0.484375 0.187500
0 0.421875 0.431641 0.156250 0.066406
0 0.228516 0.419922 0.089844 0.082031
0 0.167969 0.470703 0.101562 0.066406
0 0.171875 0.595703 0.109375 0.136719
0 0.716797 0.558594 0.128906 0.171875
0 0.796875 0.607422 0.109375 0.121094
0 0.546875 0.472656 0.078125 0.085938
0 0.718750 0.494141 0.093750 0.128906
0 0.574219 0.357422 0.046875 0.042969
0 0.166016 0.292969 0.222656 0.078125
0 0.429688 0.642578 0.468750 0.183594
0 0.421875 0.273438 0.109375 0.054688
0 0.191406 0.205078 0.117188 0.050781
0 0.669922 0.609375 0.105469 0.156250
0 0.189453 0.683594 0.136719 0.085938
0 0.871094 0.625000 0.078125 0.062500
