0 0.580078 0.544922 0.152344 0.214844
0 0.623047 0.408203 0.199219 0.050781
0 0.433594 0.439453 0.062500 0.074219
0 0.437500 0.548828 0.171875 0.121094
0 0.667969 0.513672 0.125000 0.121094
0 0.466797 0.228516 0.152344 0.082031
0 0.455078 0.277344 0.121094 0.101562
0 0.392578 0.619141 0.058594 0.144531
0 0.441406 0.367188 0.156250 0.078125
1 0.708984 0.228516 0.308594 0.105469
1 0.597656 0.318359 0.148438 0.089844
1 0.806641 0.513672 0.152344 0.222656
1 0.712891 0.625000 0.097656 0.078125
1 0.468750 0.687500 0.093750 0.156250
1 0.298828 0.578125 0.097656 0.250000
1 0.484375 0.886719 0.203125 0.226562
1 0.312500 0.830078 0.218750 0.246094
