0 0.402344 0.515625 0.187500 0.312500
0 0.529297 0.503906 0.160156 0.281250
0 0.654297 0.509766 0.160156 0.261719
0 0.742188 0.535156 0.171875 0.226562
0 0.859375 0.564453 0.062500 0.183594
0 0.894531 0.580078 0.101562 0.167969
0 0.955078 0.599609 0.089844 0.152344
0 0.275391 0.515625 0.089844 0.265625
0 0.205078 0.531250 0.058594 0.210938
0 0.019531 0.496094 0.031250 0.085938
0 0.171875 0.583984 0.140625 0.128906
0 0.214844 0.501953 0.234375 0.105469
1 0.425781 0.746094 0.382812 0.140625
1 0.753906 0.705078 0.265625 0.105469
1 0.044922 0.603516 0.082031 0.097656
1 0.119141 0.728516 0.222656 0.128906
