0 0.625000 0.474609 0.195312 0.207031
0 0.531250 0.621094 0.085938 0.062500
0 0.582031 0.615234 0.093750 0.113281
0 0.451172 0.677734 0.144531 0.121094
0 0.648438 0.361328 0.125000 0.144531
0 0.527344 0.490234 0.109375 0.183594
1 0.222656 0.865234 0.250000 0.238281
1 0.804688 0.568359 0.148438 0.300781
1 0.791016 0.310547 0.160156 0.246094
1 0.398438 0.496094 0.125000 0.234375
1 0.513672 0.306641 0.121094 0.105469
1 0.652344 0.240234 0.132812 0.089844
1 0.636719 0.765625 0.210938 0.164062
1 0.712891 0.652344 0.136719 0.125000
