0 0.486328 0.621094 0.097656 0.117188
0 0.585938 0.591797 0.085938 0.058594
0 0.669922 0.578125 0.066406 0.046875
0 0.400391 0.636719 0.066406 0.062500
0 0.794922 0.699219 0.121094 0.109375
0 0.884766 0.701172 0.136719 0.089844
0 0.681641 0.697266 0.121094 0.050781
0 0.656250 0.763672 0.171875 0.074219
0 0.478516 0.841797 0.238281 0.058594
0 0.775391 0.929688 0.308594 0.046875
0 0.753906 0.576172 0.101562 0.035156
0 0.173828 0.564453 0.160156 0.035156
1 0.892578 0.556641 0.160156 0.191406
1 0.732422 0.500000 0.136719 0.093750
1 0.589844 0.515625 0.179688 0.062500
1 0.392578 0.529297 0.222656 0.050781
1 0.312500 0.667969 0.093750 0.242188
1 0.468750 0.736328 0.218750 0.136719
1 0.933594 0.814453 0.117188 0.183594
1 0.744141 0.857422 0.269531 0.097656
1 0.130859 0.671875 0.253906 0.093750
1 0.869141 0.312500 0.144531 0.125000
1 0.259766 0.273438 0.183594 0.039062
1 0.400391 0.251953 0.089844 0.050781
1 0.125000 0.285156 0.109375 0.046875
1 0.830078 0.222656 0.183594 0.078125
1 0.044922 0.562500 0.082031 0.078125
