0 0.732422 0.546875 0.238281 0.093750
0 0.583984 0.583984 0.074219 0.097656
0 0.552734 0.609375 0.089844 0.093750
0 0.496094 0.640625 0.078125 0.062500
0 0.437500 0.671875 0.046875 0.031250
0 0.400391 0.693359 0.074219 0.058594
0 0.322266 0.748047 0.074219 0.050781
0 0.865234 0.539062 0.066406 0.062500
0 0.785156 0.464844 0.117188 0.070312
0 0.689453 0.476562 0.152344 0.078125
0 0.681641 0.589844 0.167969 0.054688
0 0.921875 0.539062 0.070312 0.046875
0 0.269531 0.765625 0.070312 0.031250
0 0.291016 0.257812 0.269531 0.109375
0 0.080078 0.287109 0.152344 0.128906
1 0.345703 0.457031 0.308594 0.289062
1 0.583984 0.357422 0.277344 0.160156
1 0.539062 0.466797 0.109375 0.105469
1 0.144531 0.546875 0.281250 0.375000
1 0.306641 0.644531 0.113281 0.132812
1 0.373047 0.568359 0.160156 0.167969
1 0.810547 0.806641 0.378906 0.378906
1 0.605469 0.835938 0.203125 0.312500
0 0.363281 0.722656 0.062500 0.062500
0 0.617188 0.548828 0.078125 0.074219
0 0.810547 0.427734 0.089844 0.066406
0 0.917969 0.382812 0.093750 0.054688
1 0.492188 0.863281 0.187500 0.273438
1 0.119141 0.871094 0.222656 0.250000
1 0.353516 0.894531 0.253906 0.210938
