0 0.062500 0.357422 0.117188 0.105469
0 0.179688 0.326172 0.125000 0.089844
0 0.658203 0.601562 0.222656 0.312500
0 0.855469 0.605469 0.195312 0.312500
0 0.550781 0.634766 0.210938 0.269531
0 0.433594 0.677734 0.171875 0.238281
1 0.818359 0.333984 0.355469 0.222656
1 0.482422 0.361328 0.308594 0.175781
0 0.152344 0.371094 0.109375 0.062500
1 0.310547 0.464844 0.175781 0.187500
0 0.310547 0.646484 0.121094 0.113281
1 0.416016 0.441406 0.152344 0.093750
0 0.548828 0.517578 0.089844 0.097656
0 0.460938 0.570312 0.085938 0.109375
1 0.792969 0.880859 0.414062 0.222656
1 0.468750 0.894531 0.281250 0.187500
1 0.164062 0.708984 0.164062 0.558594
1 0.185547 0.849609 0.316406 0.261719
