0 0.523438 0.562500 0.718750 0.187500
0 0.392578 0.712891 0.347656 0.097656
0 0.560547 0.421875 0.394531 0.078125
0 0.568359 0.386719 0.316406 0.101562
0 0.789062 0.505859 0.140625 0.183594
0 0.845703 0.580078 0.152344 0.121094
0 0.621094 0.630859 0.273438 0.238281
0 0.375000 0.484375 0.187500 0.117188
1 0.501953 0.183594 0.996094 0.250000
1 0.185547 0.343750 0.363281 0.078125
1 0.066406 0.693359 0.125000 0.613281
1 0.160156 0.828125 0.054688 0.343750
1 0.216797 0.875000 0.035156 0.250000
1 0.439453 0.871094 0.402344 0.085938
1 0.951172 0.781250 0.082031 0.218750
1 0.843750 0.763672 0.171875 0.066406
1 0.900391 0.712891 0.128906 0.058594
1 0.644531 0.693359 0.187500 0.152344
1 0.916016 0.378906 0.167969 0.109375
1 0.953125 0.572266 0.093750 0.246094
1 0.201172 0.376953 0.207031 0.097656
0 0.398438 0.701172 0.218750 0.214844
0 0.798828 0.658203 0.066406 0.089844
0 0.203125 0.544922 0.132812 0.152344
0 0.339844 0.531250 0.234375 0.210938
