0 0.541016 0.253906 0.089844 0.132812
0 0.544922 0.726562 0.097656 0.148438
0 0.589844 0.767578 0.078125 0.136719
0 0.423828 0.351562 0.089844 0.101562
0 0.154297 0.394531 0.074219 0.125000
0 0.148438 0.238281 0.093750 0.179688
1 0.734375 0.494141 0.507812 0.316406
1 0.816406 0.818359 0.343750 0.363281
1 0.244141 0.740234 0.480469 0.503906
1 0.634766 0.921875 0.261719 0.148438
0 0.074219 0.041016 0.117188 0.074219
1 0.287109 0.298828 0.175781 0.347656
1 0.802734 0.203125 0.394531 0.359375
1 0.367188 0.068359 0.437500 0.128906
