0 0.527344 0.416016 0.203125 0.253906
0 0.500000 0.623047 0.234375 0.105469
0 0.355469 0.470703 0.148438 0.300781
0 0.697266 0.564453 0.128906 0.332031
0 0.591797 0.869141 0.183594 0.246094
0 0.441406 0.318359 0.195312 0.113281
0 0.347656 0.634766 0.164062 0.128906
0 0.513672 0.771484 0.121094 0.214844
0 0.814453 0.587891 0.128906 0.238281
0 0.722656 0.902344 0.125000 0.117188
1 0.744141 0.277344 0.207031 0.234375
1 0.857422 0.367188 0.167969 0.195312
1 0.298828 0.849609 0.292969 0.292969
1 0.138672 0.417969 0.253906 0.296875
1 0.177734 0.644531 0.160156 0.265625
1 0.855469 0.773438 0.148438 0.125000
1 0.765625 0.791016 0.156250 0.113281
1 0.935547 0.582031 0.082031 0.265625
1 0.533203 0.175781 0.308594 0.156250
1 0.300781 0.195312 0.210938 0.117188
1 0.246094 0.253906 0.203125 0.140625
