0 0.251953 0.587891 0.308594 0.199219
0 0.492188 0.593750 0.164062 0.203125
0 0.332031 0.419922 0.156250 0.144531
0 0.156250 0.417969 0.117188 0.195312
0 0.048828 0.617188 0.089844 0.156250
0 0.275391 0.748047 0.542969 0.113281
0 0.494141 0.482422 0.183594 0.230469
0 0.687500 0.523438 0.226562 0.179688
0 0.773438 0.353516 0.117188 0.160156
0 0.646484 0.410156 0.128906 0.054688
0 0.824219 0.628906 0.078125 0.109375
0 0.689453 0.658203 0.253906 0.082031
0 0.929688 0.621094 0.140625 0.132812
0 0.873047 0.503906 0.175781 0.125000
0 0.263672 0.337891 0.152344 0.199219
0 0.453125 0.351562 0.156250 0.125000
0 0.623047 0.359375 0.199219 0.101562
0 0.917969 0.410156 0.164062 0.289062
0 0.095703 0.232422 0.097656 0.113281
0 0.101562 0.410156 0.195312 0.289062
1 0.515625 0.117188 0.515625 0.226562
1 0.884766 0.136719 0.230469 0.265625
