0 0.529297 0.554688 0.066406 0.093750
0 0.398438 0.703125 0.078125 0.093750
0 0.556641 0.482422 0.082031 0.074219
0 0.494141 0.609375 0.097656 0.093750
0 0.562500 0.585938 0.062500 0.117188
0 0.642578 0.884766 0.136719 0.082031
0 0.656250 0.406250 0.093750 0.062500
1 0.248047 0.281250 0.488281 0.554688
1 0.746094 0.189453 0.492188 0.371094
1 0.855469 0.562500 0.273438 0.375000
0 0.656250 0.500000 0.109375 0.093750
1 0.734375 0.697266 0.281250 0.300781
1 0.523438 0.384766 0.156250 0.113281
1 0.179688 0.777344 0.351562 0.445312
1 0.544922 0.750000 0.214844 0.171875
1 0.859375 0.890625 0.281250 0.203125
1 0.468750 0.900391 0.203125 0.175781
1 0.371094 0.542969 0.140625 0.210938
1 0.421875 0.812500 0.125000 0.125000
