0 0.523438 0.685547 0.062500 0.332031
0 0.455078 0.619141 0.050781 0.167969
0 0.404297 0.625000 0.058594 0.078125
0 0.251953 0.439453 0.050781 0.105469
0 0.300781 0.423828 0.031250 0.082031
0 0.210938 0.453125 0.039062 0.093750
0 0.191406 0.464844 0.070312 0.070312
0 0.373047 0.109375 0.089844 0.046875
0 0.453125 0.107422 0.078125 0.058594
0 0.292969 0.125000 0.070312 0.031250
0 0.753906 0.171875 0.125000 0.062500
0 0.884766 0.171875 0.113281 0.046875
0 0.638672 0.242188 0.097656 0.078125
0 0.544922 0.246094 0.097656 0.070312
0 0.187500 0.210938 0.125000 0.109375
0 0.291016 0.203125 0.066406 0.046875
0 0.066406 0.246094 0.125000 0.132812
0 0.171875 0.259766 0.117188 0.058594
0 0.187500 0.720703 0.109375 0.152344
0 0.068359 0.695312 0.128906 0.125000
0 0.232422 0.683594 0.074219 0.093750
0 0.376953 0.884766 0.121094 0.191406
0 0.466797 0.847656 0.058594 0.296875
0 0.564453 0.953125 0.136719 0.093750
0 0.529297 0.849609 0.128906 0.097656
0 0.281250 0.906250 0.062500 0.187500
0 0.218750 0.933594 0.062500 0.132812
0 0.144531 0.876953 0.031250 0.042969
0 0.080078 0.966797 0.058594 0.066406
0 0.824219 0.109375 0.226562 0.031250
0 0.312500 0.402344 0.062500 0.039062
0 0.531250 0.107422 0.046875 0.058594
0 0.554688 0.542969 0.062500 0.039062
0 0.544922 0.628906 0.066406 0.132812
1 0.898438 0.451172 0.203125 0.160156
1 0.908203 0.710938 0.183594 0.148438
1 0.701172 0.437500 0.191406 0.179688
1 0.851562 0.263672 0.296875 0.105469
1 0.474609 0.402344 0.230469 0.210938
