0 0.562500 0.625000 0.078125 0.062500
0 0.640625 0.634766 0.109375 0.074219
0 0.765625 0.660156 0.140625 0.101562
0 0.875000 0.669922 0.093750 0.097656
0 0.947266 0.662109 0.105469 0.144531
0 0.806641 0.574219 0.042969 0.078125
0 0.675781 0.605469 0.054688 0.070312
0 0.500000 0.617188 0.093750 0.062500
0 0.156250 0.718750 0.078125 0.062500
0 0.232422 0.703125 0.074219 0.046875
0 0.126953 0.730469 0.089844 0.062500
0 0.310547 0.671875 0.121094 0.046875
0 0.773438 0.601562 0.062500 0.093750
0 0.847656 0.558594 0.054688 0.062500
0 0.388672 0.746094 0.152344 0.054688
0 0.378906 0.687500 0.046875 0.046875
0 0.640625 0.699219 0.078125 0.054688
0 0.564453 0.689453 0.082031 0.066406
0 0.548828 0.771484 0.175781 0.042969
0 0.716797 0.798828 0.183594 0.050781
0 0.898438 0.814453 0.171875 0.050781
1 0.259766 0.830078 0.175781 0.097656
1 0.484375 0.839844 0.265625 0.085938
1 0.732422 0.873047 0.214844 0.066406
1 0.847656 0.751953 0.187500 0.058594
1 0.937500 0.580078 0.109375 0.066406
1 0.699219 0.750000 0.125000 0.046875
1 0.126953 0.810547 0.152344 0.058594
