0 0.171875 0.619141 0.226562 0.191406
0 0.048828 0.726562 0.089844 0.351562
0 0.093750 0.767578 0.148438 0.144531
0 0.394531 0.556641 0.148438 0.128906
0 0.416016 0.667969 0.050781 0.109375
0 0.544922 0.140625 0.160156 0.187500
0 0.746094 0.769531 0.109375 0.101562
0 0.634766 0.326172 0.074219 0.105469
0 0.066406 0.130859 0.125000 0.253906
0 0.320312 0.619141 0.140625 0.144531
0 0.498047 0.490234 0.058594 0.113281
1 0.765625 0.552734 0.460938 0.316406
0 0.289062 0.027344 0.148438 0.046875
1 0.298828 0.269531 0.332031 0.421875
1 0.531250 0.332031 0.125000 0.187500
1 0.072266 0.392578 0.136719 0.246094
1 0.560547 0.804688 0.230469 0.359375
1 0.904297 0.781250 0.191406 0.164062
0 0.775391 0.884766 0.089844 0.113281
0 0.835938 0.955078 0.070312 0.074219
1 0.337891 0.857422 0.246094 0.277344
1 0.681641 0.105469 0.105469 0.140625
1 0.777344 0.328125 0.203125 0.226562
1 0.197266 0.923828 0.191406 0.152344
