0 0.345703 0.398438 0.441406 0.328125
0 0.337891 0.222656 0.105469 0.093750
0 0.156250 0.392578 0.140625 0.253906
0 0.603516 0.416016 0.128906 0.324219
0 0.357422 0.699219 0.410156 0.265625
0 0.617188 0.671875 0.179688 0.257812
0 0.712891 0.548828 0.105469 0.371094
0 0.792969 0.533203 0.140625 0.292969
0 0.285156 0.845703 0.210938 0.128906
1 0.933594 0.558594 0.109375 0.250000
1 0.878906 0.810547 0.218750 0.253906
1 0.673828 0.898438 0.214844 0.171875
1 0.494141 0.927734 0.191406 0.144531
0 0.125000 0.453125 0.156250 0.140625
