0 0.410156 0.605469 0.234375 0.101562
0 0.031250 0.636719 0.054688 0.078125
0 0.697266 0.492188 0.074219 0.085938
0 0.777344 0.589844 0.125000 0.078125
1 0.931641 0.486328 0.136719 0.136719
0 0.855469 0.607422 0.093750 0.050781
1 0.177734 0.630859 0.214844 0.128906
1 0.625000 0.591797 0.195312 0.105469
1 0.800781 0.482422 0.125000 0.128906
1 0.904297 0.322266 0.191406 0.199219
1 0.203125 0.404297 0.382812 0.183594
1 0.501953 0.416016 0.207031 0.128906
1 0.775391 0.699219 0.207031 0.085938
1 0.410156 0.822266 0.187500 0.105469
