0 0.453125 0.609375 0.406250 0.234375
0 0.703125 0.593750 0.093750 0.171875
0 0.300781 0.652344 0.226562 0.179688
0 0.496094 0.687500 0.164062 0.125000
0 0.367188 0.500000 0.164062 0.093750
0 0.751953 0.603516 0.058594 0.144531
0 0.763672 0.132812 0.464844 0.257812
0 0.283203 0.123047 0.550781 0.238281
1 0.636719 0.357422 0.390625 0.183594
1 0.894531 0.398438 0.179688 0.250000
0 0.939453 0.662109 0.121094 0.082031
1 0.240234 0.339844 0.472656 0.210938
1 0.093750 0.607422 0.179688 0.292969
0 0.210938 0.906250 0.171875 0.085938
1 0.509766 0.876953 0.402344 0.246094
1 0.060547 0.839844 0.113281 0.140625
1 0.228516 0.810547 0.238281 0.097656
1 0.775391 0.847656 0.199219 0.304688
1 0.900391 0.865234 0.183594 0.269531
1 0.892578 0.541016 0.199219 0.152344
