0 0.609375 0.375000 0.250000 0.171875
0 0.408203 0.375000 0.144531 0.109375
0 0.304688 0.404297 0.078125 0.105469
0 0.619141 0.531250 0.222656 0.140625
0 0.425781 0.669922 0.023438 0.191406
0 0.578125 0.689453 0.023438 0.167969
0 0.378906 0.503906 0.070312 0.140625
0 0.710938 0.421875 0.109375 0.171875
0 0.498047 0.792969 0.167969 0.023438
0 0.376953 0.710938 0.136719 0.140625
0 0.425781 0.630859 0.148438 0.167969
1 0.888672 0.449219 0.214844 0.500000
0 0.640625 0.619141 0.117188 0.128906
0 0.621094 0.738281 0.109375 0.148438
1 0.855469 0.771484 0.289062 0.300781
1 0.671875 0.906250 0.328125 0.187500
1 0.453125 0.914062 0.281250 0.171875
1 0.130859 0.457031 0.253906 0.289062
1 0.267578 0.546875 0.105469 0.164062
1 0.148438 0.720703 0.265625 0.355469
1 0.332031 0.894531 0.156250 0.210938
1 0.162109 0.904297 0.316406 0.191406
1 0.187500 0.205078 0.367188 0.230469
1 0.478516 0.197266 0.238281 0.167969
1 0.691406 0.201172 0.242188 0.121094
0 0.441406 0.324219 0.132812 0.062500
0 0.666016 0.298828 0.121094 0.058594
