0 0.484375 0.248047 0.375000 0.316406
0 0.593750 0.453125 0.296875 0.140625
0 0.646484 0.529297 0.238281 0.152344
0 0.263672 0.230469 0.199219 0.218750
0 0.669922 0.339844 0.214844 0.226562
0 0.478516 0.128906 0.183594 0.195312
0 0.359375 0.376953 0.218750 0.136719
1 0.886719 0.484375 0.210938 0.515625
1 0.531250 0.730469 0.640625 0.234375
1 0.294922 0.548828 0.308594 0.183594
1 0.074219 0.455078 0.132812 0.316406
1 0.181641 0.404297 0.136719 0.121094
1 0.080078 0.171875 0.152344 0.335938
1 0.779297 0.156250 0.199219 0.125000
1 0.228516 0.060547 0.136719 0.097656
1 0.341797 0.046875 0.089844 0.085938
1 0.669922 0.048828 0.191406 0.089844
