0 0.437500 0.314453 0.140625 0.269531
0 0.337891 0.324219 0.050781 0.195312
0 0.294922 0.343750 0.042969 0.156250
0 0.541016 0.402344 0.066406 0.359375
0 0.570312 0.462891 0.132812 0.285156
0 0.667969 0.464844 0.062500 0.187500
0 0.453125 0.486328 0.109375 0.066406
0 0.476562 0.498047 0.125000 0.152344
0 0.427734 0.187500 0.082031 0.062500
0 0.496094 0.232422 0.078125 0.058594
0 0.613281 0.339844 0.101562 0.062500
0 0.324219 0.406250 0.078125 0.093750
0 0.427734 0.427734 0.121094 0.113281
1 0.648438 0.808594 0.406250 0.382812
1 0.136719 0.240234 0.257812 0.464844
1 0.179688 0.740234 0.343750 0.519531
1 0.714844 0.158203 0.265625 0.300781
1 0.431641 0.078125 0.332031 0.140625
1 0.773438 0.466797 0.132812 0.300781
1 0.425781 0.789062 0.171875 0.421875
1 0.363281 0.550781 0.070312 0.132812
