0 0.230469 0.527344 0.203125 0.156250
0 0.048828 0.892578 0.089844 0.199219
0 0.146484 0.521484 0.121094 0.089844
0 0.216797 0.609375 0.074219 0.062500
0 0.732422 0.435547 0.136719 0.128906
0 0.730469 0.531250 0.156250 0.093750
0 0.816406 0.435547 0.085938 0.089844
0 0.638672 0.380859 0.089844 0.066406
0 0.111328 0.896484 0.089844 0.144531
0 0.035156 0.792969 0.062500 0.117188
1 0.753906 0.796875 0.492188 0.406250
1 0.449219 0.171875 0.515625 0.335938
1 0.361328 0.828125 0.363281 0.343750
1 0.466797 0.498047 0.246094 0.347656
1 0.855469 0.191406 0.289062 0.359375
1 0.933594 0.492188 0.132812 0.296875
1 0.867188 0.605469 0.109375 0.226562
1 0.185547 0.210938 0.363281 0.414062
1 0.041016 0.574219 0.074219 0.304688
1 0.130859 0.695312 0.097656 0.164062
1 0.332031 0.689453 0.140625 0.144531
