0 0.460938 0.394531 0.156250 0.273438
0 0.533203 0.398438 0.097656 0.242188
0 0.396484 0.423828 0.074219 0.222656
0 0.330078 0.445312 0.066406 0.140625
0 0.859375 0.519531 0.281250 0.117188
0 0.916016 0.580078 0.144531 0.097656
0 0.894531 0.480469 0.187500 0.093750
0 0.808594 0.558594 0.085938 0.093750
0 0.253906 0.466797 0.085938 0.074219
0 0.605469 0.347656 0.062500 0.125000
1 0.351562 0.775391 0.687500 0.441406
1 0.097656 0.472656 0.187500 0.164062
1 0.845703 0.822266 0.300781 0.355469
1 0.816406 0.199219 0.343750 0.382812
1 0.652344 0.494141 0.117188 0.160156
1 0.482422 0.199219 0.128906 0.101562
1 0.576172 0.107422 0.082031 0.066406
1 0.632812 0.191406 0.156250 0.117188
