0 0.484375 0.695312 0.125000 0.171875
0 0.617188 0.591797 0.171875 0.128906
0 0.480469 0.468750 0.218750 0.171875
0 0.687500 0.417969 0.078125 0.218750
0 0.763672 0.328125 0.058594 0.125000
0 0.498047 0.136719 0.097656 0.093750
0 0.511719 0.351562 0.140625 0.085938
0 0.390625 0.609375 0.078125 0.109375
0 0.298828 0.619141 0.113281 0.058594
0 0.792969 0.277344 0.109375 0.085938
0 0.650391 0.166016 0.191406 0.050781
0 0.787109 0.093750 0.082031 0.054688
0 0.839844 0.191406 0.085938 0.085938
0 0.650391 0.306641 0.167969 0.066406
0 0.734375 0.431641 0.054688 0.136719
0 0.501953 0.791016 0.128906 0.082031
1 0.218750 0.833984 0.421875 0.332031
0 0.623047 0.666016 0.058594 0.089844
1 0.900391 0.513672 0.199219 0.371094
1 0.943359 0.230469 0.113281 0.312500
1 0.123047 0.500000 0.222656 0.390625
1 0.253906 0.382812 0.187500 0.398438
1 0.224609 0.189453 0.425781 0.371094
1 0.505859 0.246094 0.136719 0.117188
1 0.656250 0.234375 0.156250 0.078125
1 0.652344 0.074219 0.187500 0.125000
1 0.507812 0.046875 0.125000 0.085938
1 0.832031 0.833984 0.335938 0.324219
1 0.681641 0.857422 0.222656 0.285156
1 0.513672 0.919922 0.175781 0.160156
