0 0.273438 0.435547 0.179688 0.230469
0 0.441406 0.527344 0.156250 0.390625
0 0.650391 0.546875 0.246094 0.359375
1 0.050781 0.423828 0.093750 0.253906
0 0.339844 0.091797 0.132812 0.082031
0 0.484375 0.068359 0.156250 0.089844
0 0.890625 0.464844 0.218750 0.171875
0 0.628906 0.048828 0.140625 0.089844
0 0.296875 0.582031 0.125000 0.054688
0 0.324219 0.675781 0.140625 0.078125
0 0.195312 0.443359 0.164062 0.207031
0 0.787109 0.615234 0.121094 0.121094
0 0.890625 0.369141 0.218750 0.191406
0 0.560547 0.111328 0.058594 0.074219
0 0.843750 0.046875 0.289062 0.085938
0 0.851562 0.626953 0.125000 0.058594
1 0.960938 0.625000 0.078125 0.140625
1 0.849609 0.724609 0.160156 0.089844
1 0.611328 0.779297 0.316406 0.089844
1 0.154297 0.617188 0.152344 0.125000
1 0.361328 0.767578 0.183594 0.082031
1 0.648438 0.322266 0.242188 0.089844
