0 0.531250 0.533203 0.093750 0.128906
0 0.601562 0.535156 0.125000 0.070312
0 0.658203 0.541016 0.074219 0.042969
0 0.722656 0.562500 0.046875 0.031250
0 0.451172 0.546875 0.066406 0.125000
0 0.373047 0.519531 0.105469 0.031250
0 0.291016 0.533203 0.050781 0.027344
0 0.294922 0.603516 0.074219 0.042969
0 0.398438 0.580078 0.039062 0.058594
0 0.345703 0.574219 0.058594 0.031250
0 0.300781 0.566406 0.031250 0.023438
0 0.218750 0.566406 0.093750 0.070312
0 0.318359 0.611328 0.082031 0.066406
1 0.820312 0.767578 0.335938 0.222656
1 0.667969 0.873047 0.398438 0.253906
1 0.369141 0.871094 0.269531 0.226562
