0 0.027344 0.417969 0.046875 0.117188
0 0.031250 0.541016 0.054688 0.152344
0 0.337891 0.515625 0.097656 0.125000
0 0.431641 0.578125 0.097656 0.171875
0 0.480469 0.468750 0.070312 0.046875
0 0.484375 0.533203 0.125000 0.113281
0 0.470703 0.589844 0.074219 0.070312
0 0.437500 0.671875 0.078125 0.109375
0 0.531250 0.556641 0.078125 0.089844
1 0.281250 0.156250 0.312500 0.250000
0 0.263672 0.406250 0.058594 0.140625
0 0.355469 0.367188 0.070312 0.164062
1 0.562500 0.351562 0.343750 0.164062
1 0.160156 0.169922 0.312500 0.324219
1 0.148438 0.535156 0.164062 0.406250
1 0.296875 0.722656 0.125000 0.281250
1 0.421875 0.804688 0.140625 0.132812
1 0.597656 0.683594 0.210938 0.164062
1 0.535156 0.167969 0.250000 0.320312
