0 0.550781 0.625000 0.195312 0.085938
0 0.251953 0.486328 0.089844 0.066406
0 0.193359 0.363281 0.097656 0.070312
1 0.623047 0.259766 0.542969 0.503906
1 0.830078 0.746094 0.339844 0.500000
1 0.896484 0.269531 0.207031 0.531250
1 0.355469 0.839844 0.687500 0.320312
1 0.210938 0.164062 0.406250 0.320312
1 0.376953 0.515625 0.144531 0.382812
1 0.552734 0.515625 0.269531 0.132812
1 0.167969 0.638672 0.328125 0.222656
1 0.072266 0.431641 0.136719 0.292969
1 0.339844 0.378906 0.179688 0.140625
1 0.158203 0.490234 0.105469 0.175781
