0 0.484375 0.398438 0.203125 0.171875
0 0.531250 0.531250 0.234375 0.093750
0 0.544922 0.595703 0.152344 0.066406
0 0.544922 0.640625 0.128906 0.093750
0 0.439453 0.279297 0.066406 0.066406
0 0.554688 0.417969 0.140625 0.156250
0 0.730469 0.640625 0.062500 0.203125
0 0.878906 0.791016 0.070312 0.167969
0 0.763672 0.794922 0.058594 0.066406
0 0.718750 0.853516 0.046875 0.097656
0 0.855469 0.876953 0.070312 0.207031
0 0.328125 0.289062 0.078125 0.117188
0 0.673828 0.904297 0.066406 0.097656
0 0.638672 0.509766 0.089844 0.183594
0 0.500000 0.281250 0.046875 0.046875
0 0.410156 0.218750 0.085938 0.078125
0 0.373047 0.314453 0.082031 0.121094
0 0.513672 0.355469 0.097656 0.156250
1 0.308594 0.482422 0.140625 0.183594
1 0.371094 0.730469 0.179688 0.289062
1 0.578125 0.779297 0.218750 0.152344
1 0.650391 0.667969 0.089844 0.070312
1 0.367188 0.939453 0.476562 0.121094
1 0.167969 0.748047 0.328125 0.503906
0 0.447266 0.410156 0.128906 0.210938
