0 0.578125 0.671875 0.125000 0.109375
0 0.625000 0.591797 0.125000 0.050781
0 0.679688 0.218750 0.093750 0.109375
0 0.722656 0.173828 0.085938 0.082031
0 0.873047 0.041016 0.058594 0.035156
0 0.587891 0.736328 0.097656 0.121094
0 0.017578 0.515625 0.027344 0.062500
0 0.861328 0.152344 0.066406 0.093750
0 0.679688 0.060547 0.062500 0.042969
0 0.765625 0.064453 0.078125 0.027344
0 0.917969 0.072266 0.078125 0.035156
0 0.910156 0.119141 0.046875 0.050781
0 0.812500 0.263672 0.125000 0.058594
0 0.746094 0.291016 0.109375 0.050781
0 0.658203 0.626953 0.066406 0.089844
0 0.716797 0.560547 0.066406 0.050781
1 0.755859 0.419922 0.246094 0.214844
1 0.871094 0.765625 0.242188 0.468750
1 0.722656 0.837891 0.164062 0.324219
0 0.576172 0.863281 0.074219 0.140625
1 0.939453 0.380859 0.121094 0.339844
1 0.271484 0.267578 0.527344 0.441406
1 0.529297 0.246094 0.214844 0.484375
1 0.265625 0.744141 0.453125 0.503906
1 0.505859 0.531250 0.082031 0.140625
0 0.603516 0.517578 0.113281 0.097656
0 0.097656 0.773438 0.187500 0.437500
