0 0.431641 0.324219 0.207031 0.093750
0 0.246094 0.349609 0.210938 0.128906
0 0.523438 0.396484 0.250000 0.097656
0 0.742188 0.402344 0.171875 0.132812
0 0.623047 0.308594 0.191406 0.070312
0 0.812500 0.328125 0.203125 0.070312
0 0.644531 0.484375 0.226562 0.101562
0 0.759766 0.529297 0.230469 0.128906
0 0.781250 0.603516 0.179688 0.058594
1 0.939453 0.519531 0.121094 0.281250
1 0.896484 0.404297 0.121094 0.082031
0 0.367188 0.406250 0.109375 0.101562
1 0.210938 0.537109 0.203125 0.222656
1 0.425781 0.578125 0.203125 0.250000
1 0.587891 0.666016 0.113281 0.238281
1 0.785156 0.767578 0.281250 0.238281
1 0.759766 0.189453 0.285156 0.167969
1 0.460938 0.193359 0.320312 0.160156
1 0.201172 0.203125 0.222656 0.156250
0 0.136719 0.361328 0.156250 0.089844
1 0.072266 0.244141 0.128906 0.128906
1 0.085938 0.515625 0.156250 0.156250
