0 0.531250 0.558594 0.281250 0.289062
0 0.509766 0.171875 0.199219 0.265625
0 0.779297 0.656250 0.199219 0.281250
0 0.558594 0.773438 0.304688 0.359375
0 0.634766 0.281250 0.136719 0.109375
0 0.673828 0.431641 0.144531 0.230469
0 0.437500 0.798828 0.062500 0.214844
0 0.488281 0.283203 0.132812 0.128906
0 0.560547 0.384766 0.144531 0.136719
0 0.642578 0.173828 0.058594 0.167969
0 0.617188 0.148438 0.156250 0.125000
0 0.660156 0.896484 0.523438 0.207031
0 0.804688 0.546875 0.148438 0.156250
1 0.779297 0.179688 0.136719 0.257812
1 0.839844 0.373047 0.171875 0.175781
1 0.892578 0.210938 0.105469 0.125000
1 0.775391 0.044922 0.175781 0.082031
0 0.880859 0.771484 0.136719 0.167969
