0 0.376953 0.554688 0.238281 0.343750
0 0.517578 0.556641 0.089844 0.316406
0 0.431641 0.322266 0.167969 0.121094
0 0.388672 0.771484 0.199219 0.121094
0 0.572266 0.576172 0.074219 0.128906
0 0.660156 0.626953 0.078125 0.105469
0 0.794922 0.527344 0.050781 0.093750
1 0.783203 0.843750 0.425781 0.312500
1 0.914062 0.621094 0.164062 0.437500
1 0.814453 0.673828 0.207031 0.183594
1 0.585938 0.863281 0.179688 0.273438
0 0.337891 0.871094 0.082031 0.140625
1 0.537109 0.917969 0.308594 0.164062
1 0.144531 0.863281 0.273438 0.273438
1 0.128906 0.529297 0.250000 0.433594
1 0.691406 0.337891 0.164062 0.464844
1 0.591797 0.265625 0.144531 0.265625
1 0.175781 0.191406 0.328125 0.375000
1 0.468750 0.134766 0.335938 0.253906
1 0.810547 0.244141 0.363281 0.464844
