0 0.123047 0.187500 0.082031 0.218750
0 0.160156 0.193359 0.085938 0.167969
0 0.095703 0.224609 0.058594 0.097656
0 0.421875 0.462891 0.109375 0.066406
0 0.455078 0.558594 0.097656 0.117188
0 0.679688 0.535156 0.109375 0.078125
0 0.689453 0.056641 0.089844 0.074219
0 0.060547 0.205078 0.113281 0.097656
1 0.441406 0.263672 0.359375 0.316406
1 0.707031 0.460938 0.453125 0.078125
1 0.810547 0.605469 0.160156 0.218750
1 0.568359 0.591797 0.113281 0.183594
1 0.125000 0.503906 0.242188 0.437500
1 0.310547 0.599609 0.105469 0.363281
1 0.667969 0.859375 0.601562 0.281250
0 0.074219 0.123047 0.140625 0.097656
