0 0.419922 0.234375 0.066406 0.062500
0 0.562500 0.248047 0.062500 0.113281
0 0.515625 0.515625 0.093750 0.125000
0 0.562500 0.625000 0.109375 0.093750
0 0.554688 0.406250 0.132812 0.125000
0 0.404297 0.437500 0.183594 0.125000
0 0.498047 0.246094 0.058594 0.085938
0 0.625000 0.228516 0.078125 0.105469
1 0.669922 0.748047 0.097656 0.246094
0 0.359375 0.273438 0.062500 0.117188
0 0.730469 0.357422 0.156250 0.121094
0 0.591797 0.033203 0.261719 0.058594
0 0.617188 0.531250 0.117188 0.140625
0 0.718750 0.546875 0.093750 0.140625
1 0.794922 0.750000 0.128906 0.234375
1 0.304688 0.900391 0.171875 0.199219
1 0.828125 0.529297 0.125000 0.214844
1 0.425781 0.316406 0.070312 0.093750
0 0.687500 0.214844 0.093750 0.054688
0 0.421875 0.513672 0.156250 0.121094
