0 0.369141 0.654297 0.214844 0.050781
0 0.423828 0.632812 0.207031 0.046875
0 0.462891 0.595703 0.050781 0.066406
0 0.369141 0.750000 0.019531 0.093750
0 0.390625 0.734375 0.031250 0.109375
0 0.437500 0.714844 0.046875 0.054688
0 0.343750 0.759766 0.031250 0.066406
0 0.218750 0.826172 0.093750 0.035156
0 0.035156 0.906250 0.062500 0.054688
0 0.107422 0.908203 0.160156 0.050781
0 0.607422 0.496094 0.058594 0.039062
0 0.736328 0.369141 0.066406 0.027344
0 0.160156 0.857422 0.093750 0.050781
0 0.027344 0.968750 0.046875 0.046875
0 0.304688 0.623047 0.031250 0.003906
0 0.884766 0.376953 0.050781 0.066406
0 0.548828 0.531250 0.050781 0.031250
0 0.517578 0.605469 0.082031 0.046875
0 0.396484 0.607422 0.097656 0.050781
0 0.281250 0.816406 0.054688 0.046875
0 0.960938 0.375000 0.062500 0.039062
0 0.812500 0.375000 0.078125 0.070312
0 0.638672 0.556641 0.089844 0.042969
0 0.339844 0.699219 0.085938 0.046875
