0 0.607422 0.417969 0.191406 0.515625
0 0.421875 0.605469 0.281250 0.351562
0 0.761719 0.447266 0.179688 0.378906
0 0.199219 0.679688 0.156250 0.171875
0 0.484375 0.359375 0.156250 0.187500
0 0.234375 0.562500 0.078125 0.187500
0 0.386719 0.765625 0.218750 0.140625
0 0.093750 0.718750 0.062500 0.140625
0 0.375000 0.390625 0.062500 0.093750
0 0.203125 0.607422 0.125000 0.089844
0 0.625000 0.107422 0.093750 0.113281
0 0.884766 0.419922 0.089844 0.230469
0 0.763672 0.230469 0.152344 0.117188
0 0.496094 0.259766 0.085938 0.074219
0 0.437500 0.873047 0.125000 0.066406
0 0.496094 0.917969 0.148438 0.085938
0 0.322266 0.482422 0.152344 0.113281
0 0.072266 0.703125 0.074219 0.046875
0 0.941406 0.386719 0.109375 0.195312
1 0.140625 0.892578 0.265625 0.207031
0 0.882812 0.253906 0.078125 0.093750
1 0.050781 0.531250 0.093750 0.203125
1 0.140625 0.470703 0.078125 0.160156
1 0.824219 0.107422 0.203125 0.105469
1 0.253906 0.375000 0.132812 0.062500
0 0.658203 0.966797 0.167969 0.066406
0 0.375000 0.841797 0.125000 0.066406
1 0.353516 0.298828 0.105469 0.074219
