0 0.607422 0.511719 0.246094 0.070312
0 0.416016 0.517578 0.136719 0.066406
0 0.296875 0.574219 0.078125 0.125000
0 0.417969 0.585938 0.148438 0.054688
0 0.197266 0.623047 0.097656 0.113281
0 0.091797 0.634766 0.097656 0.066406
0 0.025391 0.675781 0.042969 0.031250
0 0.072266 0.687500 0.058594 0.031250
0 0.103516 0.687500 0.066406 0.093750
0 0.191406 0.673828 0.109375 0.074219
0 0.785156 0.558594 0.117188 0.078125
0 0.685547 0.593750 0.089844 0.093750
0 0.796875 0.654297 0.125000 0.113281
0 0.910156 0.634766 0.132812 0.214844
0 0.738281 0.671875 0.164062 0.054688
0 0.623047 0.681641 0.058594 0.019531
0 0.767578 0.533203 0.066406 0.097656
0 0.857422 0.537109 0.105469 0.113281
0 0.931641 0.507812 0.050781 0.031250
0 0.976562 0.531250 0.031250 0.046875
0 0.955078 0.587891 0.089844 0.082031
0 0.482422 0.603516 0.269531 0.074219
1 0.302734 0.699219 0.105469 0.109375
1 0.474609 0.703125 0.230469 0.125000
1 0.662109 0.740234 0.136719 0.082031
1 0.792969 0.759766 0.109375 0.097656
