0 0.423828 0.337891 0.167969 0.292969
0 0.525391 0.388672 0.089844 0.347656
0 0.597656 0.457031 0.125000 0.289062
0 0.509766 0.527344 0.175781 0.093750
0 0.285156 0.335938 0.125000 0.179688
0 0.419922 0.199219 0.105469 0.109375
0 0.207031 0.347656 0.148438 0.132812
0 0.666016 0.470703 0.058594 0.121094
1 0.490234 0.818359 0.972656 0.363281
1 0.792969 0.619141 0.187500 0.472656
1 0.167969 0.589844 0.328125 0.304688
1 0.414062 0.683594 0.242188 0.210938
1 0.376953 0.632812 0.089844 0.296875
1 0.066406 0.257812 0.125000 0.414062
