0 0.408203 0.419922 0.308594 0.464844
0 0.640625 0.419922 0.140625 0.472656
0 0.824219 0.666016 0.218750 0.207031
0 0.765625 0.160156 0.109375 0.109375
0 0.187500 0.287109 0.117188 0.425781
0 0.169922 0.562500 0.183594 0.125000
0 0.390625 0.929688 0.234375 0.125000
0 0.078125 0.175781 0.140625 0.242188
0 0.654297 0.671875 0.183594 0.109375
0 0.414062 0.626953 0.226562 0.121094
0 0.687500 0.341797 0.195312 0.417969
1 0.894531 0.386719 0.210938 0.343750
0 0.839844 0.085938 0.109375 0.156250
0 0.431641 0.187500 0.277344 0.179688
0 0.792969 0.851562 0.125000 0.078125
0 0.074219 0.410156 0.140625 0.210938
1 0.132812 0.798828 0.250000 0.332031
1 0.410156 0.779297 0.312500 0.167969
1 0.615234 0.876953 0.183594 0.246094
1 0.847656 0.949219 0.281250 0.101562
0 0.679688 0.087891 0.203125 0.160156
0 0.947266 0.111328 0.105469 0.199219
