0 0.546875 0.537109 0.132812 0.503906
0 0.658203 0.484375 0.089844 0.375000
0 0.699219 0.501953 0.109375 0.347656
0 0.730469 0.535156 0.148438 0.226562
0 0.595703 0.656250 0.121094 0.109375
0 0.423828 0.503906 0.113281 0.390625
0 0.347656 0.531250 0.070312 0.375000
0 0.292969 0.593750 0.046875 0.343750
0 0.250000 0.673828 0.031250 0.152344
0 0.427734 0.751953 0.097656 0.074219
0 0.380859 0.716797 0.136719 0.222656
0 0.324219 0.751953 0.101562 0.097656
0 0.781250 0.523438 0.117188 0.109375
0 0.462891 0.763672 0.183594 0.121094
0 0.388672 0.398438 0.097656 0.132812
0 0.324219 0.458984 0.078125 0.121094
0 0.033203 0.283203 0.058594 0.253906
0 0.085938 0.291016 0.039062 0.222656
0 0.078125 0.320312 0.101562 0.125000
1 0.685547 0.166016 0.269531 0.238281
1 0.382812 0.220703 0.351562 0.128906
1 0.759766 0.740234 0.199219 0.136719
1 0.636719 0.843750 0.156250 0.093750
1 0.451172 0.896484 0.277344 0.128906
1 0.826172 0.337891 0.136719 0.183594
1 0.218750 0.869141 0.132812 0.199219
1 0.220703 0.425781 0.097656 0.281250
1 0.183594 0.677734 0.078125 0.214844
1 0.181641 0.195312 0.136719 0.132812
