0 0.369141 0.310547 0.105469 0.183594
0 0.279297 0.283203 0.058594 0.089844
0 0.205078 0.353516 0.097656 0.058594
0 0.429688 0.339844 0.093750 0.117188
0 0.294922 0.654297 0.160156 0.222656
0 0.421875 0.603516 0.093750 0.105469
0 0.562500 0.603516 0.187500 0.160156
0 0.199219 0.669922 0.085938 0.183594
0 0.406250 0.732422 0.046875 0.128906
0 0.507812 0.669922 0.234375 0.097656
0 0.496094 0.744141 0.132812 0.097656
0 0.406250 0.408203 0.125000 0.074219
1 0.486328 0.490234 0.230469 0.074219
0 0.607422 0.730469 0.105469 0.109375
1 0.546875 0.900391 0.375000 0.199219
0 0.232422 0.886719 0.238281 0.226562
1 0.794922 0.771484 0.246094 0.457031
1 0.242188 0.466797 0.203125 0.144531
1 0.197266 0.242188 0.105469 0.156250
