0 0.423828 0.623047 0.183594 0.042969
0 0.589844 0.656250 0.062500 0.054688
0 0.716797 0.722656 0.160156 0.062500
0 0.660156 0.589844 0.085938 0.046875
0 0.503906 0.644531 0.109375 0.078125
0 0.955078 0.554688 0.050781 0.046875
0 0.867188 0.535156 0.039062 0.031250
0 0.789062 0.546875 0.054688 0.054688
0 0.941406 0.759766 0.101562 0.113281
1 0.755859 0.919922 0.355469 0.152344
0 0.640625 0.699219 0.125000 0.085938
1 0.152344 0.625000 0.125000 0.140625
1 0.417969 0.908203 0.414062 0.160156
1 0.289062 0.798828 0.546875 0.207031
1 0.673828 0.830078 0.238281 0.136719
1 0.482422 0.486328 0.167969 0.058594
