0 0.460938 0.605469 0.070312 0.039062
0 0.492188 0.734375 0.148438 0.109375
0 0.554688 0.660156 0.093750 0.039062
0 0.560547 0.718750 0.082031 0.109375
0 0.398438 0.742188 0.031250 0.078125
0 0.371094 0.746094 0.031250 0.031250
0 0.582031 0.525391 0.085938 0.042969
0 0.330078 0.640625 0.050781 0.031250
0 0.431641 0.970703 0.121094 0.050781
0 0.060547 0.964844 0.082031 0.070312
0 0.218750 0.890625 0.046875 0.031250
0 0.009766 0.968750 0.003906 0.062500
0 0.607422 0.599609 0.066406 0.066406
0 0.667969 0.607422 0.046875 0.050781
0 0.582031 0.617188 0.085938 0.054688
1 0.478516 0.507812 0.105469 0.093750
0 0.685547 0.824219 0.035156 0.031250
0 0.757812 0.841797 0.031250 0.027344
1 0.210938 0.759766 0.273438 0.207031
0 0.039062 0.798828 0.070312 0.097656
1 0.371094 0.587891 0.101562 0.066406
1 0.476562 0.867188 0.273438 0.132812
1 0.808594 0.613281 0.218750 0.117188
1 0.816406 0.484375 0.171875 0.148438
1 0.730469 0.734375 0.242188 0.125000
1 0.578125 0.457031 0.093750 0.078125
1 0.255859 0.634766 0.074219 0.074219
1 0.304688 0.589844 0.062500 0.046875
1 0.693359 0.523438 0.113281 0.093750
