0 0.478516 0.347656 0.097656 0.117188
0 0.560547 0.417969 0.066406 0.140625
0 0.523438 0.429688 0.109375 0.093750
0 0.859375 0.119141 0.046875 0.066406
0 0.716797 0.033203 0.058594 0.058594
0 0.841797 0.130859 0.050781 0.042969
1 0.339844 0.142578 0.671875 0.277344
1 0.212891 0.617188 0.402344 0.679688
0 0.781250 0.593750 0.125000 0.117188
0 0.919922 0.716797 0.121094 0.128906
1 0.843750 0.357422 0.312500 0.363281
1 0.660156 0.470703 0.109375 0.363281
1 0.548828 0.748047 0.316406 0.503906
1 0.869141 0.896484 0.230469 0.207031
1 0.921875 0.527344 0.156250 0.242188
1 0.757812 0.746094 0.195312 0.179688
