0 0.376953 0.466797 0.464844 0.105469
0 0.751953 0.460938 0.488281 0.218750
0 0.871094 0.265625 0.250000 0.171875
0 0.763672 0.300781 0.214844 0.109375
0 0.593750 0.351562 0.140625 0.125000
0 0.873047 0.619141 0.246094 0.105469
0 0.421875 0.525391 0.179688 0.074219
0 0.449219 0.451172 0.117188 0.113281
0 0.718750 0.031250 0.140625 0.054688
1 0.527344 0.789062 0.429688 0.421875
0 0.824219 0.267578 0.210938 0.113281
0 0.931641 0.789062 0.136719 0.234375
1 0.763672 0.837891 0.207031 0.324219
1 0.898438 0.953125 0.203125 0.085938
1 0.169922 0.763672 0.332031 0.472656
1 0.072266 0.417969 0.128906 0.453125
1 0.322266 0.273438 0.371094 0.218750
1 0.582031 0.175781 0.156250 0.226562
1 0.835938 0.121094 0.328125 0.117188
1 0.267578 0.347656 0.238281 0.125000
1 0.326172 0.111328 0.644531 0.214844
1 0.896484 0.066406 0.207031 0.125000
