0 0.142578 0.585938 0.105469 0.140625
0 0.250000 0.562500 0.093750 0.046875
0 0.343750 0.576172 0.078125 0.058594
0 0.486328 0.570312 0.160156 0.031250
0 0.546875 0.589844 0.062500 0.070312
0 0.636719 0.593750 0.109375 0.062500
0 0.421875 0.619141 0.046875 0.042969
0 0.345703 0.625000 0.082031 0.046875
0 0.248047 0.619141 0.097656 0.074219
0 0.734375 0.578125 0.078125 0.031250
0 0.808594 0.591797 0.062500 0.066406
0 0.244141 0.718750 0.082031 0.031250
0 0.187500 0.718750 0.031250 0.015625
0 0.914062 0.662109 0.125000 0.035156
1 0.550781 0.695312 0.460938 0.070312
1 0.082031 0.708984 0.156250 0.074219
