0 0.390625 0.308594 0.265625 0.234375
0 0.591797 0.388672 0.128906 0.269531
0 0.697266 0.398438 0.074219 0.187500
0 0.740234 0.404297 0.191406 0.207031
0 0.429688 0.429688 0.218750 0.164062
0 0.265625 0.289062 0.117188 0.093750
0 0.548828 0.250000 0.105469 0.085938
0 0.378906 0.203125 0.164062 0.070312
0 0.888672 0.404297 0.097656 0.058594
0 0.300781 0.763672 0.171875 0.035156
1 0.701172 0.736328 0.175781 0.167969
1 0.455078 0.791016 0.097656 0.144531
1 0.896484 0.830078 0.199219 0.253906
1 0.658203 0.917969 0.253906 0.164062
0 0.687500 0.308594 0.109375 0.085938
0 0.271484 0.351562 0.105469 0.062500
1 0.791016 0.107422 0.410156 0.207031
1 0.373047 0.083984 0.457031 0.160156
1 0.109375 0.275391 0.195312 0.519531
1 0.583984 0.611328 0.253906 0.183594
1 0.859375 0.654297 0.273438 0.292969
1 0.103516 0.410156 0.199219 0.257812
