0 0.335938 0.375000 0.156250 0.343750
0 0.593750 0.277344 0.250000 0.234375
0 0.720703 0.279297 0.113281 0.238281
0 0.468750 0.343750 0.140625 0.171875
0 0.439453 0.406250 0.097656 0.156250
0 0.419922 0.218750 0.113281 0.093750
0 0.250000 0.402344 0.156250 0.351562
0 0.591797 0.181641 0.230469 0.128906
1 0.705078 0.460938 0.308594 0.125000
1 0.228516 0.648438 0.449219 0.140625
1 0.105469 0.427734 0.117188 0.316406
1 0.494141 0.558594 0.152344 0.140625
1 0.390625 0.138672 0.156250 0.074219
1 0.304688 0.169922 0.117188 0.066406
