0 0.623047 0.291016 0.082031 0.167969
0 0.732422 0.251953 0.128906 0.035156
0 0.689453 0.314453 0.058594 0.089844
0 0.455078 0.359375 0.261719 0.085938
0 0.423828 0.517578 0.074219 0.238281
0 0.527344 0.435547 0.195312 0.136719
0 0.828125 0.544922 0.140625 0.097656
0 0.345703 0.546875 0.097656 0.226562
0 0.304688 0.599609 0.164062 0.183594
0 0.878906 0.304688 0.093750 0.062500
0 0.937500 0.371094 0.109375 0.062500
0 0.957031 0.205078 0.085938 0.082031
0 0.960938 0.421875 0.070312 0.046875
0 0.929688 0.576172 0.046875 0.113281
0 0.041016 0.238281 0.074219 0.101562
1 0.632812 0.570312 0.140625 0.171875
0 0.847656 0.593750 0.132812 0.109375
0 0.972656 0.642578 0.054688 0.105469
0 0.835938 0.269531 0.093750 0.070312
1 0.419922 0.183594 0.230469 0.164062
1 0.289062 0.039062 0.164062 0.062500
1 0.095703 0.039062 0.121094 0.046875
1 0.718750 0.837891 0.546875 0.300781
1 0.783203 0.394531 0.121094 0.179688
1 0.693359 0.429688 0.128906 0.101562
1 0.728516 0.583984 0.050781 0.191406
0 0.712891 0.101562 0.097656 0.085938
1 0.826172 0.160156 0.113281 0.148438
1 0.595703 0.111328 0.113281 0.167969
0 0.583984 0.230469 0.058594 0.062500
1 0.447266 0.269531 0.214844 0.085938
1 0.191406 0.302734 0.210938 0.402344
1 0.113281 0.755859 0.210938 0.488281
1 0.396484 0.847656 0.339844 0.296875
0 0.523438 0.556641 0.117188 0.089844
1 0.748047 0.191406 0.191406 0.078125
1 0.458984 0.070312 0.167969 0.125000
1 0.066406 0.138672 0.125000 0.089844
