0 0.503906 0.480469 0.062500 0.085938
0 0.533203 0.562500 0.066406 0.062500
0 0.607422 0.482422 0.121094 0.089844
0 0.441406 0.468750 0.062500 0.046875
0 0.390625 0.498047 0.031250 0.066406
0 0.417969 0.572266 0.031250 0.082031
0 0.468750 0.580078 0.062500 0.058594
0 0.187500 0.527344 0.031250 0.085938
0 0.220703 0.509766 0.035156 0.066406
0 0.263672 0.542969 0.042969 0.039062
0 0.294922 0.484375 0.066406 0.046875
0 0.347656 0.496094 0.039062 0.039062
0 0.013672 0.509766 0.019531 0.019531
0 0.062500 0.548828 0.109375 0.035156
0 0.123047 0.642578 0.066406 0.066406
0 0.212891 0.640625 0.097656 0.046875
0 0.279297 0.623047 0.035156 0.035156
0 0.349609 0.619141 0.105469 0.050781
0 0.042969 0.658203 0.078125 0.058594
0 0.882812 0.808594 0.179688 0.039062
0 0.662109 0.478516 0.066406 0.082031
0 0.580078 0.556641 0.027344 0.050781
0 0.828125 0.406250 0.109375 0.054688
0 0.939453 0.439453 0.121094 0.050781
0 0.968750 0.484375 0.062500 0.031250
0 0.976562 0.392578 0.031250 0.042969
0 0.412109 0.384766 0.089844 0.042969
