0 0.259766 0.443359 0.144531 0.207031
0 0.330078 0.781250 0.175781 0.312500
0 0.494141 0.671875 0.136719 0.359375
0 0.410156 0.582031 0.195312 0.093750
0 0.626953 0.498047 0.128906 0.238281
0 0.740234 0.443359 0.167969 0.144531
0 0.623047 0.687500 0.144531 0.132812
0 0.234375 0.800781 0.156250 0.273438
0 0.851562 0.375000 0.125000 0.101562
0 0.556641 0.478516 0.121094 0.089844
0 0.923828 0.318359 0.105469 0.113281
0 0.968750 0.265625 0.062500 0.093750
0 0.125000 0.882812 0.234375 0.226562
0 0.361328 0.394531 0.082031 0.164062
1 0.656250 0.267578 0.296875 0.207031
1 0.847656 0.175781 0.171875 0.156250
1 0.785156 0.218750 0.171875 0.203125
1 0.474609 0.308594 0.144531 0.187500
1 0.947266 0.142578 0.105469 0.167969
0 0.156250 0.492188 0.140625 0.203125
