0 0.447266 0.714844 0.136719 0.085938
0 0.554688 0.736328 0.078125 0.128906
0 0.623047 0.734375 0.066406 0.125000
0 0.667969 0.750000 0.085938 0.054688
0 0.390625 0.718750 0.117188 0.062500
0 0.722656 0.970703 0.164062 0.050781
0 0.066406 0.904297 0.093750 0.035156
0 0.744141 0.832031 0.089844 0.046875
0 0.794922 0.666016 0.042969 0.019531
0 0.619141 0.978516 0.050781 0.042969
0 0.068359 0.710938 0.121094 0.046875
0 0.312500 0.791016 0.101562 0.035156
1 0.220703 0.714844 0.175781 0.101562
1 0.287109 0.910156 0.339844 0.179688
0 0.865234 0.980469 0.152344 0.039062
1 0.914062 0.732422 0.171875 0.230469
1 0.894531 0.867188 0.210938 0.148438
1 0.779297 0.738281 0.105469 0.109375
1 0.564453 0.841797 0.191406 0.074219
1 0.101562 0.810547 0.195312 0.121094
1 0.457031 0.636719 0.148438 0.054688
