0 0.511719 0.390625 0.312500 0.203125
0 0.248047 0.419922 0.191406 0.167969
0 0.312500 0.585938 0.164062 0.187500
0 0.777344 0.519531 0.171875 0.179688
0 0.644531 0.291016 0.109375 0.144531
0 0.453125 0.310547 0.132812 0.128906
0 0.447266 0.513672 0.160156 0.175781
0 0.675781 0.578125 0.132812 0.132812
0 0.750000 0.617188 0.117188 0.132812
0 0.861328 0.535156 0.105469 0.125000
0 0.636719 0.710938 0.148438 0.117188
1 0.810547 0.812500 0.183594 0.250000
1 0.625000 0.849609 0.195312 0.136719
1 0.484375 0.707031 0.140625 0.210938
0 0.673828 0.285156 0.089844 0.078125
0 0.236328 0.367188 0.121094 0.132812
0 0.138672 0.404297 0.121094 0.128906
0 0.177734 0.517578 0.121094 0.097656
1 0.312500 0.248047 0.132812 0.082031
1 0.960938 0.650391 0.078125 0.308594
1 0.888672 0.691406 0.160156 0.148438
1 0.531250 0.871094 0.156250 0.164062
0 0.251953 0.656250 0.136719 0.132812
