0 0.501953 0.542969 0.175781 0.210938
0 0.248047 0.140625 0.160156 0.171875
0 0.687500 0.566406 0.296875 0.265625
0 0.859375 0.466797 0.203125 0.199219
0 0.916016 0.355469 0.160156 0.179688
0 0.783203 0.855469 0.238281 0.289062
0 0.931641 0.937500 0.105469 0.125000
1 0.458984 0.855469 0.386719 0.289062
1 0.263672 0.373047 0.308594 0.285156
1 0.335938 0.617188 0.164062 0.203125
1 0.580078 0.218750 0.347656 0.421875
1 0.869141 0.134766 0.261719 0.253906
1 0.421875 0.125000 0.187500 0.234375
1 0.923828 0.632812 0.152344 0.132812
1 0.955078 0.771484 0.074219 0.167969
