0 0.546875 0.470703 0.093750 0.058594
0 0.623047 0.486328 0.042969 0.050781
0 0.500000 0.529297 0.078125 0.050781
0 0.355469 0.582031 0.125000 0.085938
1 0.615234 0.238281 0.097656 0.109375
1 0.673828 0.316406 0.097656 0.156250
1 0.632812 0.349609 0.171875 0.105469
0 0.658203 0.439453 0.082031 0.058594
1 0.759766 0.562500 0.097656 0.296875
0 0.666016 0.125000 0.066406 0.062500
0 0.453125 0.564453 0.125000 0.074219
0 0.578125 0.517578 0.132812 0.066406
1 0.621094 0.671875 0.148438 0.234375
1 0.710938 0.599609 0.125000 0.246094
1 0.519531 0.748047 0.187500 0.277344
1 0.386719 0.722656 0.187500 0.187500
1 0.628906 0.865234 0.234375 0.238281
1 0.443359 0.900391 0.214844 0.167969
1 0.527344 0.267578 0.085938 0.074219
