0 0.423828 0.453125 0.167969 0.140625
0 0.671875 0.406250 0.109375 0.078125
0 0.308594 0.476562 0.078125 0.117188
0 0.437500 0.679688 0.109375 0.109375
0 0.523438 0.652344 0.054688 0.085938
0 0.417969 0.287109 0.085938 0.050781
0 0.591797 0.455078 0.183594 0.144531
0 0.757812 0.355469 0.179688 0.070312
0 0.158203 0.480469 0.261719 0.093750
0 0.437500 0.355469 0.140625 0.085938
0 0.556641 0.537109 0.175781 0.058594
0 0.470703 0.621094 0.136719 0.054688
0 0.451172 0.726562 0.082031 0.085938
1 0.285156 0.330078 0.109375 0.175781
1 0.640625 0.228516 0.296875 0.152344
1 0.583984 0.310547 0.160156 0.097656
1 0.855469 0.230469 0.125000 0.171875
1 0.412109 0.191406 0.191406 0.101562
1 0.177734 0.660156 0.339844 0.257812
1 0.740234 0.816406 0.191406 0.367188
1 0.906250 0.873047 0.187500 0.238281
1 0.730469 0.091797 0.382812 0.175781
0 0.171875 0.359375 0.109375 0.062500
1 0.703125 0.890625 0.304688 0.218750
1 0.353516 0.896484 0.613281 0.207031
1 0.691406 0.667969 0.257812 0.210938
1 0.863281 0.503906 0.250000 0.226562
1 0.925781 0.378906 0.140625 0.171875
