0 0.298828 0.261719 0.191406 0.187500
0 0.392578 0.218750 0.152344 0.109375
0 0.566406 0.417969 0.109375 0.187500
0 0.671875 0.482422 0.078125 0.097656
0 0.658203 0.607422 0.089844 0.191406
1 0.326172 0.089844 0.363281 0.164062
1 0.169922 0.253906 0.152344 0.187500
1 0.593750 0.128906 0.171875 0.195312
0 0.621094 0.275391 0.101562 0.089844
1 0.812500 0.306641 0.265625 0.230469
1 0.896484 0.625000 0.175781 0.406250
1 0.773438 0.908203 0.453125 0.160156
1 0.609375 0.767578 0.171875 0.136719
1 0.259766 0.679688 0.511719 0.640625
0 0.335938 0.376953 0.164062 0.113281
0 0.773438 0.652344 0.117188 0.351562
