0 0.375000 0.265625 0.234375 0.062500
0 0.562500 0.285156 0.171875 0.109375
0 0.679688 0.283203 0.093750 0.074219
0 0.244141 0.595703 0.324219 0.105469
0 0.482422 0.625000 0.152344 0.156250
0 0.609375 0.576172 0.140625 0.097656
0 0.716797 0.580078 0.089844 0.121094
0 0.779297 0.611328 0.121094 0.097656
0 0.570312 0.748047 0.179688 0.074219
0 0.373047 0.812500 0.269531 0.093750
0 0.568359 0.867188 0.128906 0.078125
0 0.058594 0.609375 0.078125 0.062500
0 0.335938 0.671875 0.171875 0.078125
0 0.169922 0.814453 0.183594 0.113281
0 0.056641 0.814453 0.105469 0.128906
1 0.593750 0.460938 0.171875 0.125000
1 0.408203 0.375000 0.175781 0.062500
1 0.751953 0.767578 0.214844 0.082031
0 0.609375 0.671875 0.109375 0.125000
1 0.158203 0.947266 0.300781 0.105469
0 0.408203 0.855469 0.199219 0.070312
