0 0.541016 0.541016 0.113281 0.097656
0 0.447266 0.609375 0.074219 0.125000
0 0.419922 0.638672 0.097656 0.105469
0 0.595703 0.423828 0.128906 0.136719
0 0.533203 0.609375 0.105469 0.093750
0 0.523438 0.464844 0.085938 0.109375
0 0.355469 0.656250 0.085938 0.054688
1 0.783203 0.453125 0.222656 0.203125
1 0.746094 0.697266 0.289062 0.371094
1 0.453125 0.845703 0.398438 0.300781
1 0.818359 0.191406 0.277344 0.117188
1 0.634766 0.261719 0.082031 0.109375
1 0.753906 0.281250 0.218750 0.156250
1 0.923828 0.777344 0.128906 0.445312
1 0.142578 0.841797 0.277344 0.292969
1 0.158203 0.462891 0.300781 0.472656
