0 0.531250 0.525391 0.343750 0.394531
0 0.291016 0.652344 0.128906 0.125000
0 0.056641 0.642578 0.105469 0.113281
0 0.265625 0.355469 0.250000 0.078125
0 0.304688 0.531250 0.140625 0.093750
0 0.373047 0.716797 0.183594 0.097656
0 0.714844 0.357422 0.078125 0.128906
1 0.794922 0.572266 0.136719 0.277344
0 0.437500 0.312500 0.187500 0.109375
0 0.242188 0.658203 0.101562 0.097656
1 0.791016 0.859375 0.292969 0.281250
1 0.933594 0.527344 0.132812 0.640625
1 0.148438 0.685547 0.078125 0.167969
1 0.064453 0.750000 0.121094 0.093750
0 0.400391 0.453125 0.152344 0.140625
1 0.070312 0.353516 0.132812 0.441406
1 0.238281 0.255859 0.203125 0.113281
1 0.433594 0.193359 0.171875 0.121094
1 0.814453 0.367188 0.113281 0.132812
1 0.582031 0.869141 0.234375 0.261719
1 0.314453 0.886719 0.355469 0.226562
1 0.115234 0.902344 0.214844 0.195312
