0 0.435547 0.453125 0.191406 0.250000
0 0.597656 0.500000 0.132812 0.265625
0 0.652344 0.337891 0.109375 0.058594
0 0.703125 0.500000 0.132812 0.250000
0 0.302734 0.476562 0.113281 0.140625
1 0.402344 0.169922 0.265625 0.292969
1 0.123047 0.425781 0.238281 0.523438
0 0.128906 0.830078 0.234375 0.238281
1 0.367188 0.832031 0.218750 0.242188
1 0.681641 0.240234 0.285156 0.097656
0 0.621094 0.634766 0.117188 0.128906
0 0.378906 0.591797 0.109375 0.105469
0 0.687500 0.289062 0.140625 0.085938
1 0.847656 0.041016 0.289062 0.074219
1 0.919922 0.099609 0.160156 0.136719
