0 0.359375 0.345703 0.281250 0.371094
0 0.593750 0.486328 0.171875 0.269531
0 0.710938 0.570312 0.117188 0.406250
0 0.830078 0.642578 0.113281 0.261719
0 0.640625 0.654297 0.210938 0.113281
0 0.628906 0.687500 0.101562 0.195312
0 0.533203 0.283203 0.066406 0.144531
0 0.371094 0.130859 0.187500 0.074219
0 0.419922 0.058594 0.144531 0.062500
0 0.589844 0.259766 0.101562 0.074219
0 0.486328 0.183594 0.113281 0.140625
0 0.527344 0.646484 0.093750 0.082031
0 0.779297 0.488281 0.113281 0.132812
1 0.240234 0.769531 0.464844 0.460938
1 0.740234 0.892578 0.519531 0.199219
1 0.947266 0.625000 0.105469 0.507812
1 0.884766 0.312500 0.230469 0.218750
1 0.111328 0.406250 0.214844 0.351562
1 0.722656 0.216797 0.156250 0.269531
1 0.646484 0.105469 0.191406 0.203125
1 0.107422 0.203125 0.207031 0.250000
1 0.220703 0.080078 0.113281 0.152344
