0 0.830078 0.322266 0.105469 0.042969
0 0.687500 0.746094 0.078125 0.093750
0 0.750000 0.734375 0.046875 0.078125
0 0.796875 0.748047 0.046875 0.058594
0 0.328125 0.814453 0.078125 0.136719
0 0.390625 0.812500 0.046875 0.062500
0 0.875000 0.873047 0.093750 0.246094
0 0.953125 0.875000 0.062500 0.234375
0 0.625000 0.886719 0.062500 0.078125
0 0.710938 0.886719 0.101562 0.070312
0 0.171875 0.501953 0.093750 0.089844
0 0.060547 0.533203 0.113281 0.089844
0 0.355469 0.589844 0.109375 0.054688
0 0.281250 0.605469 0.031250 0.046875
0 0.277344 0.835938 0.039062 0.093750
0 0.437500 0.498047 0.062500 0.066406
0 0.525391 0.484375 0.097656 0.062500
0 0.587891 0.326172 0.058594 0.027344
0 0.673828 0.392578 0.089844 0.035156
0 0.384766 0.511719 0.042969 0.031250
1 0.947266 0.470703 0.105469 0.089844
1 0.939453 0.328125 0.113281 0.093750
1 0.689453 0.500000 0.222656 0.156250
1 0.498047 0.593750 0.160156 0.109375
1 0.517578 0.744141 0.191406 0.191406
1 0.126953 0.875000 0.246094 0.187500
1 0.166016 0.681641 0.167969 0.191406
1 0.701172 0.316406 0.152344 0.101562
1 0.812500 0.416016 0.156250 0.136719
1 0.544922 0.392578 0.160156 0.097656
1 0.720703 0.611328 0.285156 0.144531
1 0.277344 0.498047 0.109375 0.121094
