0 0.406250 0.515625 0.171875 0.234375
0 0.546875 0.546875 0.109375 0.234375
0 0.705078 0.562500 0.191406 0.203125
0 0.886719 0.574219 0.062500 0.195312
0 0.265625 0.560547 0.109375 0.144531
0 0.107422 0.556641 0.207031 0.113281
1 0.751953 0.382812 0.402344 0.156250
1 0.757812 0.748047 0.375000 0.136719
1 0.419922 0.343750 0.199219 0.093750
1 0.542969 0.382812 0.117188 0.078125
1 0.167969 0.382812 0.312500 0.203125
1 0.339844 0.703125 0.242188 0.140625
1 0.107422 0.693359 0.207031 0.152344
1 0.531250 0.722656 0.156250 0.109375
0 0.503906 0.617188 0.078125 0.093750
0 0.960938 0.580078 0.078125 0.191406
0 0.847656 0.566406 0.101562 0.218750
