0 0.566406 0.634766 0.195312 0.074219
0 0.626953 0.841797 0.175781 0.074219
0 0.781250 0.867188 0.125000 0.125000
0 0.669922 0.851562 0.082031 0.125000
0 0.328125 0.406250 0.109375 0.093750
0 0.361328 0.416016 0.121094 0.097656
0 0.234375 0.406250 0.125000 0.109375
1 0.279297 0.660156 0.464844 0.328125
1 0.683594 0.384766 0.304688 0.191406
0 0.816406 0.496094 0.085938 0.070312
1 0.824219 0.648438 0.328125 0.257812
1 0.595703 0.492188 0.238281 0.203125
1 0.595703 0.728516 0.238281 0.105469
1 0.343750 0.919922 0.328125 0.160156
1 0.580078 0.939453 0.128906 0.097656
1 0.826172 0.966797 0.292969 0.066406
1 0.906250 0.900391 0.140625 0.097656
1 0.341797 0.308594 0.160156 0.070312
1 0.906250 0.421875 0.125000 0.171875
