0 0.337891 0.500000 0.542969 0.140625
0 0.689453 0.408203 0.457031 0.128906
0 0.126953 0.599609 0.199219 0.113281
0 0.328125 0.589844 0.187500 0.031250
0 0.320312 0.414062 0.289062 0.070312
0 0.669922 0.324219 0.191406 0.085938
0 0.927734 0.433594 0.128906 0.101562
0 0.257812 0.621094 0.218750 0.085938
0 0.482422 0.578125 0.269531 0.085938
0 0.740234 0.494141 0.277344 0.113281
1 0.810547 0.673828 0.378906 0.214844
1 0.492188 0.765625 0.242188 0.265625
1 0.187500 0.832031 0.367188 0.312500
1 0.882812 0.253906 0.226562 0.148438
