0 0.060547 0.531250 0.113281 0.203125
0 0.181641 0.509766 0.113281 0.207031
0 0.312500 0.503906 0.140625 0.195312
0 0.419922 0.535156 0.074219 0.156250
0 0.503906 0.564453 0.109375 0.089844
0 0.423828 0.423828 0.058594 0.066406
0 0.595703 0.421875 0.058594 0.093750
0 0.660156 0.421875 0.062500 0.109375
0 0.728516 0.441406 0.074219 0.046875
0 0.734375 0.392578 0.078125 0.042969
0 0.482422 0.455078 0.035156 0.152344
0 0.535156 0.388672 0.062500 0.027344
0 0.535156 0.441406 0.062500 0.054688
0 0.597656 0.554688 0.070312 0.062500
0 0.333984 0.568359 0.082031 0.136719
0 0.818359 0.421875 0.121094 0.109375
0 0.943359 0.724609 0.105469 0.066406
1 0.724609 0.537109 0.183594 0.113281
1 0.941406 0.447266 0.117188 0.214844
