0 0.388672 0.634766 0.292969 0.363281
0 0.466797 0.406250 0.300781 0.171875
0 0.525391 0.283203 0.292969 0.128906
0 0.357422 0.433594 0.183594 0.078125
0 0.580078 0.201172 0.308594 0.121094
0 0.658203 0.111328 0.347656 0.136719
0 0.460938 0.294922 0.242188 0.121094
1 0.869141 0.296875 0.261719 0.203125
1 0.734375 0.437500 0.203125 0.140625
0 0.437500 0.871094 0.265625 0.125000
0 0.261719 0.593750 0.156250 0.164062
0 0.568359 0.753906 0.136719 0.093750
0 0.623047 0.859375 0.097656 0.101562
1 0.652344 0.601562 0.210938 0.195312
1 0.656250 0.957031 0.125000 0.078125
0 0.343750 0.396484 0.109375 0.074219
0 0.269531 0.515625 0.117188 0.078125
1 0.705078 0.863281 0.050781 0.101562
