0 0.298828 0.572266 0.089844 0.097656
0 0.226562 0.531250 0.148438 0.125000
0 0.125000 0.554688 0.062500 0.046875
0 0.095703 0.500000 0.058594 0.046875
0 0.060547 0.546875 0.066406 0.046875
0 0.173828 0.435547 0.113281 0.074219
0 0.378906 0.564453 0.085938 0.066406
0 0.441406 0.541016 0.140625 0.074219
0 0.539062 0.554688 0.109375 0.046875
0 0.955078 0.593750 0.089844 0.046875
0 0.953125 0.666016 0.093750 0.066406
0 0.660156 0.564453 0.054688 0.019531
0 0.853516 0.572266 0.121094 0.042969
0 0.916016 0.617188 0.097656 0.062500
0 0.890625 0.681641 0.218750 0.066406
1 0.621094 0.638672 0.320312 0.105469
1 0.740234 0.542969 0.097656 0.148438
1 0.419922 0.623047 0.128906 0.042969
