0 0.558594 0.265625 0.468750 0.234375
0 0.296875 0.626953 0.218750 0.480469
0 0.470703 0.464844 0.136719 0.156250
0 0.867188 0.531250 0.070312 0.054688
0 0.935547 0.585938 0.058594 0.054688
0 0.951172 0.931641 0.058594 0.058594
1 0.113281 0.269531 0.218750 0.203125
1 0.714844 0.576172 0.187500 0.378906
1 0.904297 0.759766 0.191406 0.246094
1 0.556641 0.740234 0.277344 0.378906
1 0.410156 0.937500 0.304688 0.125000
0 0.660156 0.160156 0.250000 0.125000
0 0.458984 0.160156 0.136719 0.101562
0 0.566406 0.449219 0.093750 0.164062
1 0.900391 0.240234 0.199219 0.371094
0 0.843750 0.494141 0.062500 0.089844
0 0.898438 0.580078 0.078125 0.066406
