0 0.496094 0.511719 0.343750 0.171875
0 0.597656 0.359375 0.226562 0.062500
0 0.644531 0.183594 0.109375 0.140625
0 0.597656 0.273438 0.140625 0.179688
0 0.505859 0.351562 0.097656 0.140625
0 0.648438 0.478516 0.179688 0.261719
0 0.320312 0.523438 0.132812 0.109375
0 0.250000 0.580078 0.046875 0.082031
0 0.355469 0.660156 0.164062 0.234375
0 0.466797 0.687500 0.058594 0.187500
0 0.603516 0.648438 0.207031 0.101562
0 0.425781 0.677734 0.117188 0.230469
0 0.291016 0.671875 0.066406 0.093750
0 0.296875 0.748047 0.046875 0.058594
0 0.437500 0.384766 0.078125 0.074219
0 0.671875 0.296875 0.156250 0.078125
1 0.154297 0.667969 0.121094 0.210938
1 0.611328 0.771484 0.214844 0.128906
1 0.804688 0.474609 0.125000 0.269531
1 0.152344 0.480469 0.140625 0.078125
1 0.441406 0.074219 0.070312 0.101562
