0 0.359375 0.437500 0.234375 0.296875
0 0.638672 0.416016 0.308594 0.355469
0 0.703125 0.234375 0.187500 0.203125
0 0.294922 0.515625 0.183594 0.187500
0 0.890625 0.359375 0.203125 0.437500
0 0.515625 0.296875 0.187500 0.187500
0 0.447266 0.355469 0.222656 0.226562
1 0.093750 0.492188 0.171875 0.250000
1 0.343750 0.669922 0.312500 0.089844
1 0.669922 0.640625 0.332031 0.078125
1 0.451172 0.105469 0.308594 0.203125
1 0.781250 0.060547 0.203125 0.113281
1 0.623047 0.064453 0.121094 0.121094
1 0.873047 0.095703 0.121094 0.089844
1 0.279297 0.232422 0.097656 0.097656
1 0.164062 0.332031 0.132812 0.132812
