0 0.447266 0.244141 0.269531 0.167969
0 0.623047 0.345703 0.167969 0.269531
0 0.484375 0.388672 0.171875 0.175781
0 0.619141 0.572266 0.183594 0.199219
0 0.683594 0.355469 0.179688 0.148438
0 0.775391 0.466797 0.167969 0.105469
1 0.859375 0.761719 0.281250 0.468750
0 0.216797 0.667969 0.417969 0.664062
0 0.576172 0.835938 0.285156 0.328125
1 0.158203 0.167969 0.308594 0.328125
1 0.656250 0.076172 0.687500 0.144531
1 0.929688 0.347656 0.140625 0.351562
1 0.785156 0.218750 0.140625 0.109375
1 0.484375 0.572266 0.101562 0.175781
