0 0.357422 0.259766 0.066406 0.074219
0 0.294922 0.312500 0.042969 0.062500
0 0.248047 0.373047 0.050781 0.058594
0 0.492188 0.533203 0.070312 0.066406
0 0.439453 0.134766 0.058594 0.074219
0 0.384766 0.173828 0.050781 0.058594
0 0.476562 0.078125 0.046875 0.062500
0 0.330078 0.263672 0.074219 0.058594
0 0.273438 0.337891 0.070312 0.058594
0 0.214844 0.394531 0.093750 0.054688
0 0.533203 0.621094 0.113281 0.093750
0 0.662109 0.691406 0.136719 0.101562
0 0.710938 0.611328 0.101562 0.105469
0 0.478516 0.701172 0.105469 0.097656
0 0.738281 0.779297 0.140625 0.089844
1 0.507812 0.880859 0.312500 0.238281
1 0.820312 0.917969 0.304688 0.164062
1 0.458984 0.402344 0.277344 0.203125
1 0.281250 0.542969 0.312500 0.226562
1 0.679688 0.464844 0.218750 0.195312
1 0.880859 0.632812 0.238281 0.203125
1 0.896484 0.775391 0.160156 0.253906
1 0.335938 0.728516 0.171875 0.238281
1 0.494141 0.261719 0.160156 0.171875
1 0.109375 0.517578 0.187500 0.175781
1 0.572266 0.222656 0.207031 0.210938
