0 0.451172 0.759766 0.082031 0.066406
0 0.386719 0.806641 0.054688 0.074219
0 0.330078 0.835938 0.042969 0.085938
0 0.294922 0.871094 0.042969 0.085938
0 0.238281 0.882812 0.078125 0.132812
0 0.195312 0.888672 0.078125 0.058594
0 0.175781 0.921875 0.093750 0.070312
0 0.154297 0.960938 0.097656 0.070312
0 0.085938 0.966797 0.039062 0.050781
0 0.048828 0.986328 0.027344 0.027344
0 0.484375 0.714844 0.031250 0.031250
0 0.433594 0.810547 0.039062 0.019531
0 0.544922 0.708984 0.066406 0.074219
0 0.472656 0.748047 0.070312 0.058594
1 0.179688 0.636719 0.078125 0.054688
1 0.708984 0.585938 0.082031 0.046875
1 0.626953 0.634766 0.089844 0.066406
1 0.851562 0.468750 0.148438 0.101562
