0 0.187500 0.525391 0.132812 0.074219
0 0.296875 0.531250 0.062500 0.093750
0 0.439453 0.523438 0.066406 0.070312
0 0.529297 0.525391 0.074219 0.058594
0 0.603516 0.484375 0.144531 0.109375
0 0.712891 0.492188 0.058594 0.070312
0 0.781250 0.484375 0.078125 0.046875
0 0.531250 0.466797 0.070312 0.050781
0 0.212891 0.578125 0.097656 0.031250
0 0.341797 0.515625 0.058594 0.070312
0 0.359375 0.533203 0.093750 0.035156
0 0.468750 0.496094 0.062500 0.078125
0 0.595703 0.421875 0.058594 0.031250
1 0.876953 0.462891 0.105469 0.089844
1 0.441406 0.703125 0.164062 0.109375
1 0.123047 0.689453 0.128906 0.183594
0 0.714844 0.279297 0.101562 0.066406
1 0.759766 0.367188 0.246094 0.101562
1 0.376953 0.376953 0.230469 0.128906
1 0.292969 0.705078 0.195312 0.183594
1 0.595703 0.650391 0.144531 0.128906
1 0.830078 0.623047 0.332031 0.183594
1 0.878906 0.267578 0.210938 0.105469
1 0.935547 0.416016 0.105469 0.167969
