0 0.484375 0.693359 0.257812 0.183594
0 0.343750 0.707031 0.109375 0.085938
0 0.630859 0.185547 0.308594 0.058594
1 0.822266 0.691406 0.324219 0.617188
1 0.207031 0.380859 0.398438 0.410156
1 0.136719 0.667969 0.242188 0.148438
1 0.035156 0.822266 0.054688 0.128906
1 0.671875 0.083984 0.585938 0.144531
1 0.894531 0.269531 0.210938 0.218750
1 0.189453 0.087891 0.371094 0.160156
1 0.570312 0.900391 0.750000 0.199219
1 0.123047 0.875000 0.238281 0.250000
1 0.818359 0.593750 0.316406 0.421875
0 0.685547 0.248047 0.074219 0.058594
0 0.644531 0.292969 0.085938 0.039062
0 0.587891 0.320312 0.058594 0.039062
0 0.517578 0.570312 0.136719 0.054688
0 0.550781 0.525391 0.070312 0.058594
0 0.394531 0.662109 0.156250 0.082031
0 0.466797 0.599609 0.105469 0.058594
0 0.574219 0.490234 0.039062 0.082031
0 0.525391 0.546875 0.082031 0.054688
0 0.550781 0.505859 0.046875 0.074219
