0 0.460938 0.593750 0.117188 0.265625
0 0.513672 0.597656 0.144531 0.234375
0 0.367188 0.640625 0.062500 0.281250
0 0.341797 0.656250 0.105469 0.218750
0 0.578125 0.546875 0.093750 0.078125
0 0.527344 0.234375 0.039062 0.062500
0 0.585938 0.212891 0.078125 0.074219
0 0.111328 0.955078 0.121094 0.050781
0 0.687500 0.835938 0.171875 0.085938
1 0.373047 0.888672 0.246094 0.152344
0 0.304688 0.652344 0.109375 0.062500
1 0.603516 0.371094 0.386719 0.164062
1 0.783203 0.619141 0.316406 0.339844
1 0.136719 0.792969 0.218750 0.242188
1 0.544922 0.869141 0.097656 0.261719
0 0.685547 0.257812 0.066406 0.062500
1 0.890625 0.892578 0.218750 0.207031
1 0.865234 0.316406 0.269531 0.289062
1 0.294922 0.357422 0.308594 0.191406
1 0.126953 0.580078 0.230469 0.269531
1 0.798828 0.103516 0.292969 0.191406
1 0.492188 0.089844 0.398438 0.164062
1 0.244141 0.251953 0.480469 0.355469
