0 0.478516 0.416016 0.214844 0.222656
0 0.384766 0.431641 0.128906 0.175781
0 0.566406 0.445312 0.125000 0.242188
0 0.658203 0.460938 0.105469 0.187500
0 0.470703 0.623047 0.097656 0.183594
0 0.535156 0.572266 0.085938 0.160156
0 0.306641 0.671875 0.058594 0.125000
0 0.390625 0.644531 0.109375 0.070312
0 0.339844 0.433594 0.101562 0.070312
0 0.484375 0.750000 0.093750 0.179688
1 0.144531 0.302734 0.273438 0.589844
1 0.597656 0.152344 0.625000 0.296875
1 0.859375 0.478516 0.281250 0.902344
1 0.800781 0.785156 0.398438 0.421875
1 0.140625 0.800781 0.257812 0.398438
1 0.453125 0.927734 0.390625 0.144531
1 0.650391 0.779297 0.214844 0.253906
1 0.298828 0.853516 0.253906 0.199219
