0 0.472656 0.447266 0.125000 0.441406
0 0.566406 0.347656 0.171875 0.210938
0 0.679688 0.332031 0.109375 0.156250
0 0.429688 0.396484 0.125000 0.222656
0 0.337891 0.441406 0.222656 0.125000
0 0.343750 0.541016 0.140625 0.066406
0 0.427734 0.541016 0.214844 0.128906
0 0.478516 0.705078 0.082031 0.074219
0 0.501953 0.830078 0.089844 0.292969
0 0.726562 0.359375 0.093750 0.109375
1 0.728516 0.730469 0.292969 0.539062
0 0.416016 0.093750 0.105469 0.078125
0 0.937500 0.058594 0.085938 0.085938
0 0.728516 0.064453 0.097656 0.089844
1 0.878906 0.298828 0.210938 0.339844
1 0.250000 0.810547 0.375000 0.378906
1 0.261719 0.218750 0.179688 0.312500
1 0.552734 0.121094 0.152344 0.210938
1 0.708984 0.181641 0.167969 0.121094
1 0.835938 0.083984 0.109375 0.160156
1 0.919922 0.726562 0.160156 0.546875
1 0.152344 0.593750 0.132812 0.296875
1 0.101562 0.880859 0.195312 0.207031
