0 0.486328 0.431641 0.253906 0.207031
0 0.365234 0.435547 0.105469 0.207031
0 0.615234 0.447266 0.097656 0.199219
0 0.628906 0.445312 0.132812 0.156250
0 0.482422 0.341797 0.183594 0.074219
0 0.513672 0.562500 0.191406 0.046875
0 0.462891 0.685547 0.066406 0.183594
0 0.529297 0.599609 0.066406 0.042969
0 0.476562 0.666016 0.093750 0.152344
0 0.410156 0.619141 0.085938 0.050781
0 0.486328 0.775391 0.089844 0.199219
1 0.302734 0.150391 0.589844 0.292969
1 0.798828 0.156250 0.402344 0.304688
1 0.839844 0.640625 0.296875 0.718750
1 0.134766 0.628906 0.261719 0.695312
0 0.316406 0.666016 0.093750 0.167969
1 0.677734 0.796875 0.261719 0.406250
1 0.332031 0.882812 0.187500 0.234375
1 0.519531 0.943359 0.210938 0.113281
