0 0.794922 0.714844 0.402344 0.382812
0 0.416016 0.687500 0.347656 0.296875
0 0.316406 0.617188 0.265625 0.085938
0 0.583984 0.908203 0.121094 0.175781
0 0.527344 0.882812 0.085938 0.046875
0 0.417969 0.886719 0.187500 0.062500
0 0.398438 0.972656 0.187500 0.046875
0 0.837891 0.974609 0.324219 0.050781
1 0.238281 0.980469 0.179688 0.039062
0 0.248047 0.634766 0.214844 0.074219
0 0.611328 0.431641 0.121094 0.066406
1 0.775391 0.437500 0.089844 0.101562
1 0.890625 0.427734 0.070312 0.082031
1 0.478516 0.455078 0.136719 0.058594
1 0.105469 0.548828 0.140625 0.113281
1 0.074219 0.714844 0.132812 0.218750
1 0.214844 0.787109 0.156250 0.207031
