0 0.312500 0.128906 0.359375 0.250000
0 0.572266 0.082031 0.160156 0.140625
0 0.361328 0.271484 0.238281 0.113281
0 0.378906 0.320312 0.210938 0.109375
0 0.455078 0.503906 0.199219 0.289062
0 0.556641 0.603516 0.136719 0.378906
0 0.623047 0.648438 0.097656 0.390625
0 0.691406 0.673828 0.132812 0.339844
0 0.486328 0.654297 0.144531 0.128906
0 0.121094 0.134766 0.117188 0.191406
1 0.869141 0.814453 0.222656 0.355469
1 0.882812 0.466797 0.234375 0.363281
1 0.669922 0.238281 0.347656 0.164062
1 0.740234 0.386719 0.207031 0.132812
1 0.619141 0.355469 0.121094 0.109375
1 0.787109 0.115234 0.253906 0.207031
1 0.597656 0.921875 0.320312 0.156250
1 0.353516 0.822266 0.269531 0.214844
1 0.511719 0.890625 0.132812 0.179688
1 0.285156 0.550781 0.148438 0.320312
1 0.322266 0.714844 0.175781 0.125000
