0 0.734375 0.359375 0.484375 0.218750
0 0.171875 0.197266 0.335938 0.097656
0 0.339844 0.242188 0.062500 0.109375
0 0.640625 0.501953 0.437500 0.167969
0 0.888672 0.585938 0.207031 0.289062
0 0.310547 0.312500 0.332031 0.171875
0 0.386719 0.251953 0.187500 0.113281
0 0.595703 0.275391 0.246094 0.160156
0 0.064453 0.292969 0.121094 0.109375
0 0.179688 0.343750 0.164062 0.171875
0 0.417969 0.451172 0.281250 0.183594
0 0.763672 0.626953 0.347656 0.152344
1 0.238281 0.076172 0.468750 0.136719
1 0.250000 0.750000 0.203125 0.390625
