0 0.486328 0.496094 0.144531 0.179688
0 0.603516 0.617188 0.144531 0.109375
0 0.541016 0.521484 0.121094 0.097656
0 0.818359 0.292969 0.128906 0.164062
1 0.625000 0.160156 0.250000 0.312500
1 0.875000 0.113281 0.250000 0.187500
1 0.941406 0.375000 0.117188 0.335938
1 0.767578 0.722656 0.183594 0.281250
1 0.927734 0.820312 0.144531 0.281250
1 0.619141 0.744141 0.246094 0.144531
1 0.453125 0.634766 0.171875 0.105469
1 0.791016 0.486328 0.183594 0.238281
1 0.679688 0.378906 0.195312 0.171875
1 0.515625 0.300781 0.195312 0.195312
