0 0.171875 0.511719 0.171875 0.078125
0 0.283203 0.554688 0.035156 0.140625
0 0.359375 0.564453 0.109375 0.089844
0 0.242188 0.578125 0.062500 0.078125
0 0.191406 0.455078 0.140625 0.035156
0 0.236328 0.423828 0.042969 0.042969
1 0.656250 0.628906 0.343750 0.250000
0 0.173828 0.535156 0.089844 0.070312
0 0.400391 0.435547 0.089844 0.050781
1 0.404297 0.714844 0.160156 0.187500
1 0.529297 0.562500 0.191406 0.171875
1 0.281250 0.699219 0.187500 0.132812
1 0.908203 0.828125 0.160156 0.343750
1 0.705078 0.830078 0.253906 0.277344
1 0.265625 0.369141 0.218750 0.074219
1 0.044922 0.449219 0.066406 0.156250
1 0.095703 0.386719 0.050781 0.156250
1 0.162109 0.359375 0.082031 0.148438
1 0.312500 0.437500 0.078125 0.078125
1 0.406250 0.494141 0.093750 0.050781
