0 0.783203 0.671875 0.097656 0.109375
0 0.857422 0.671875 0.042969 0.093750
0 0.884766 0.660156 0.042969 0.085938
0 0.673828 0.679688 0.097656 0.109375
0 0.587891 0.687500 0.058594 0.093750
0 0.525391 0.689453 0.058594 0.089844
0 0.482422 0.695312 0.082031 0.062500
0 0.789062 0.583984 0.164062 0.042969
0 0.927734 0.648438 0.042969 0.062500
1 0.890625 0.869141 0.210938 0.261719
1 0.941406 0.539062 0.117188 0.140625
1 0.974609 0.677734 0.050781 0.144531
1 0.935547 0.736328 0.066406 0.105469
1 0.753906 0.826172 0.125000 0.160156
