0 0.650391 0.455078 0.246094 0.207031
0 0.876953 0.427734 0.246094 0.253906
0 0.482422 0.537109 0.128906 0.269531
0 0.652344 0.607422 0.257812 0.089844
0 0.359375 0.527344 0.187500 0.226562
0 0.392578 0.658203 0.167969 0.089844
0 0.642578 0.332031 0.269531 0.140625
0 0.556641 0.251953 0.097656 0.152344
0 0.224609 0.544922 0.160156 0.167969
0 0.804688 0.625000 0.109375 0.148438
1 0.371094 0.271484 0.265625 0.261719
1 0.630859 0.126953 0.253906 0.089844
1 0.148438 0.693359 0.226562 0.113281
1 0.390625 0.746094 0.234375 0.078125
1 0.628906 0.734375 0.148438 0.164062
1 0.541016 0.736328 0.121094 0.128906
1 0.849609 0.777344 0.300781 0.140625
1 0.929688 0.683594 0.132812 0.250000
1 0.843750 0.126953 0.179688 0.074219
1 0.177734 0.326172 0.160156 0.269531
1 0.072266 0.542969 0.128906 0.234375
