0 0.544922 0.386719 0.058594 0.054688
0 0.029297 0.900391 0.050781 0.105469
0 0.156250 0.781250 0.125000 0.078125
0 0.263672 0.703125 0.097656 0.046875
1 0.488281 0.541016 0.117188 0.183594
1 0.171875 0.625000 0.312500 0.109375
0 0.085938 0.839844 0.101562 0.070312
1 0.375000 0.576172 0.109375 0.113281
1 0.648438 0.328125 0.132812 0.078125
1 0.503906 0.775391 0.320312 0.261719
1 0.626953 0.544922 0.191406 0.222656
1 0.326172 0.857422 0.183594 0.230469
1 0.234375 0.916016 0.187500 0.167969
1 0.138672 0.939453 0.144531 0.121094
