0 0.562500 0.671875 0.062500 0.093750
0 0.617188 0.671875 0.031250 0.078125
0 0.656250 0.656250 0.101562 0.062500
0 0.722656 0.646484 0.085938 0.050781
0 0.498047 0.691406 0.105469 0.109375
0 0.417969 0.708984 0.132812 0.105469
0 0.285156 0.773438 0.164062 0.078125
0 0.267578 0.837891 0.089844 0.058594
1 0.558594 0.828125 0.210938 0.140625
1 0.158203 0.871094 0.113281 0.054688
1 0.109375 0.898438 0.085938 0.062500
1 0.660156 0.566406 0.203125 0.101562
1 0.476562 0.585938 0.179688 0.078125
1 0.800781 0.623047 0.070312 0.144531
