0 0.281250 0.404297 0.250000 0.136719
0 0.507812 0.539062 0.203125 0.312500
0 0.250000 0.593750 0.281250 0.093750
0 0.683594 0.544922 0.093750 0.230469
0 0.767578 0.531250 0.113281 0.164062
0 0.843750 0.537109 0.132812 0.113281
0 0.375000 0.888672 0.125000 0.082031
0 0.429688 0.359375 0.156250 0.046875
0 0.498047 0.427734 0.238281 0.183594
0 0.339844 0.513672 0.148438 0.066406
0 0.207031 0.472656 0.117188 0.085938
0 0.576172 0.537109 0.121094 0.292969
0 0.654297 0.437500 0.097656 0.078125
0 0.351562 0.667969 0.156250 0.070312
0 0.359375 0.593750 0.125000 0.078125
0 0.212891 0.632812 0.144531 0.070312
0 0.078125 0.605469 0.062500 0.093750
0 0.125000 0.406250 0.062500 0.078125
0 0.132812 0.388672 0.148438 0.089844
0 0.416016 0.890625 0.121094 0.093750
0 0.343750 0.929688 0.156250 0.117188
1 0.650391 0.841797 0.214844 0.207031
1 0.804688 0.248047 0.320312 0.128906
1 0.876953 0.818359 0.238281 0.363281
0 0.447266 0.927734 0.097656 0.089844
1 0.460938 0.773438 0.250000 0.117188
1 0.767578 0.783203 0.230469 0.230469
1 0.621094 0.943359 0.218750 0.113281
1 0.306641 0.769531 0.128906 0.125000
1 0.917969 0.402344 0.164062 0.164062
1 0.787109 0.369141 0.144531 0.113281
1 0.171875 0.238281 0.273438 0.171875
1 0.474609 0.279297 0.339844 0.105469
