0 0.447266 0.466797 0.121094 0.222656
0 0.332031 0.521484 0.101562 0.113281
0 0.541016 0.529297 0.058594 0.089844
0 0.474609 0.363281 0.105469 0.132812
0 0.541016 0.273438 0.113281 0.054688
0 0.517578 0.416016 0.074219 0.074219
0 0.384766 0.417969 0.074219 0.117188
0 0.300781 0.695312 0.210938 0.085938
0 0.648438 0.144531 0.093750 0.101562
0 0.580078 0.201172 0.066406 0.042969
0 0.472656 0.125000 0.234375 0.062500
1 0.791016 0.173828 0.175781 0.136719
1 0.949219 0.164062 0.101562 0.132812
1 0.656250 0.351562 0.109375 0.062500
0 0.595703 0.533203 0.074219 0.066406
0 0.113281 0.082031 0.195312 0.093750
0 0.246094 0.091797 0.078125 0.050781
0 0.207031 0.312500 0.125000 0.062500
1 0.310547 0.328125 0.082031 0.101562
1 0.371094 0.320312 0.070312 0.054688
