0 0.246094 0.562500 0.039062 0.062500
0 0.294922 0.576172 0.050781 0.074219
0 0.390625 0.576172 0.140625 0.066406
0 0.416016 0.554688 0.183594 0.031250
0 0.535156 0.546875 0.054688 0.062500
0 0.591797 0.554688 0.035156 0.046875
0 0.636719 0.585938 0.031250 0.070312
0 0.666016 0.607422 0.027344 0.089844
0 0.689453 0.625000 0.027344 0.031250
0 0.701172 0.535156 0.058594 0.046875
0 0.759766 0.546875 0.042969 0.046875
0 0.812500 0.541016 0.078125 0.074219
0 0.847656 0.541016 0.039062 0.058594
0 0.199219 0.546875 0.046875 0.015625
0 0.181641 0.576172 0.074219 0.011719
0 0.509766 0.550781 0.074219 0.054688
1 0.416016 0.650391 0.144531 0.066406
1 0.853516 0.634766 0.277344 0.097656
1 0.537109 0.638672 0.121094 0.089844
1 0.070312 0.638672 0.125000 0.253906
1 0.238281 0.691406 0.218750 0.156250
