0 0.591797 0.576172 0.050781 0.058594
0 0.687500 0.585938 0.156250 0.054688
0 0.404297 0.968750 0.066406 0.062500
0 0.462891 0.968750 0.042969 0.062500
0 0.513672 0.964844 0.050781 0.054688
0 0.589844 0.943359 0.085938 0.050781
0 0.312500 0.953125 0.078125 0.046875
0 0.855469 0.289062 0.078125 0.046875
0 0.746094 0.291016 0.132812 0.058594
0 0.431641 0.664062 0.097656 0.062500
0 0.955078 0.386719 0.027344 0.023438
0 0.695312 0.408203 0.132812 0.066406
0 0.556641 0.509766 0.097656 0.050781
1 0.849609 0.421875 0.167969 0.140625
1 0.400391 0.863281 0.207031 0.125000
1 0.337891 0.689453 0.089844 0.113281
0 0.992188 0.402344 0.015625 0.093750
1 0.474609 0.388672 0.300781 0.191406
1 0.794922 0.855469 0.261719 0.289062
1 0.894531 0.826172 0.210938 0.339844
1 0.570312 0.816406 0.265625 0.195312
1 0.953125 0.228516 0.093750 0.191406
