0 0.761719 0.246094 0.171875 0.078125
0 0.609375 0.296875 0.125000 0.078125
0 0.693359 0.326172 0.191406 0.074219
0 0.535156 0.312500 0.085938 0.062500
0 0.650391 0.437500 0.113281 0.078125
0 0.560547 0.500000 0.128906 0.078125
0 0.494141 0.531250 0.097656 0.078125
0 0.404297 0.548828 0.167969 0.082031
0 0.250000 0.607422 0.187500 0.097656
0 0.056641 0.687500 0.105469 0.078125
0 0.058594 0.970703 0.109375 0.058594
0 0.201172 0.982422 0.160156 0.027344
1 0.367188 0.812500 0.367188 0.296875
1 0.634766 0.681641 0.175781 0.238281
1 0.841797 0.371094 0.097656 0.132812
1 0.910156 0.265625 0.125000 0.171875
1 0.111328 0.835938 0.214844 0.179688
1 0.716797 0.554688 0.136719 0.156250
