0 0.314453 0.527344 0.113281 0.101562
0 0.492188 0.599609 0.210938 0.152344
0 0.351562 0.673828 0.078125 0.167969
0 0.447266 0.753906 0.097656 0.148438
0 0.496094 0.263672 0.078125 0.027344
0 0.558594 0.861328 0.117188 0.191406
0 0.496094 0.865234 0.117188 0.113281
1 0.810547 0.716797 0.371094 0.542969
1 0.527344 0.404297 0.312500 0.230469
1 0.156250 0.791016 0.296875 0.417969
1 0.128906 0.320312 0.250000 0.632812
1 0.330078 0.324219 0.199219 0.304688
1 0.457031 0.123047 0.390625 0.238281
1 0.781250 0.255859 0.437500 0.277344
