0 0.466797 0.712891 0.082031 0.066406
0 0.232422 0.685547 0.152344 0.058594
0 0.408203 0.531250 0.105469 0.046875
0 0.562500 0.578125 0.093750 0.046875
0 0.500000 0.640625 0.070312 0.062500
0 0.529297 0.685547 0.121094 0.050781
0 0.373047 0.701172 0.121094 0.042969
1 0.732422 0.705078 0.277344 0.175781
0 0.216797 0.759766 0.089844 0.074219
0 0.298828 0.767578 0.066406 0.058594
1 0.478516 0.859375 0.238281 0.171875
0 0.410156 0.742188 0.148438 0.062500
0 0.515625 0.726562 0.070312 0.062500
0 0.523438 0.623047 0.070312 0.082031
