0 0.261719 0.591797 0.179688 0.058594
0 0.390625 0.621094 0.062500 0.070312
0 0.507812 0.650391 0.156250 0.074219
0 0.621094 0.654297 0.054688 0.121094
0 0.527344 0.673828 0.117188 0.089844
0 0.671875 0.667969 0.101562 0.132812
0 0.488281 0.597656 0.132812 0.101562
0 0.369141 0.578125 0.113281 0.062500
0 0.763672 0.654297 0.066406 0.089844
0 0.576172 0.613281 0.105469 0.101562
0 0.796875 0.648438 0.109375 0.070312
0 0.689453 0.599609 0.105469 0.082031
1 0.177734 0.816406 0.332031 0.367188
0 0.484375 0.535156 0.187500 0.117188
1 0.671875 0.873047 0.640625 0.253906
1 0.759766 0.457031 0.292969 0.195312
1 0.177734 0.453125 0.339844 0.187500
1 0.480469 0.414062 0.273438 0.109375
