0 0.505859 0.529297 0.332031 0.207031
0 0.339844 0.591797 0.117188 0.261719
0 0.423828 0.689453 0.191406 0.152344
0 0.568359 0.638672 0.207031 0.097656
0 0.539062 0.412109 0.187500 0.074219
0 0.310547 0.615234 0.113281 0.152344
0 0.568359 0.707031 0.152344 0.125000
0 0.476562 0.798828 0.125000 0.152344
1 0.820312 0.845703 0.351562 0.308594
1 0.839844 0.513672 0.320312 0.480469
1 0.683594 0.890625 0.265625 0.218750
1 0.208984 0.886719 0.410156 0.226562
1 0.525391 0.943359 0.238281 0.113281
1 0.125000 0.597656 0.242188 0.437500
1 0.695312 0.312500 0.328125 0.132812
1 0.839844 0.250000 0.320312 0.281250
1 0.142578 0.271484 0.269531 0.527344
1 0.904297 0.142578 0.191406 0.277344
