0 0.546875 0.376953 0.171875 0.277344
0 0.416016 0.496094 0.105469 0.296875
0 0.306641 0.619141 0.105469 0.332031
0 0.218750 0.326172 0.062500 0.105469
0 0.144531 0.386719 0.093750 0.109375
0 0.261719 0.304688 0.078125 0.101562
0 0.685547 0.603516 0.105469 0.167969
0 0.673828 0.441406 0.089844 0.156250
0 0.453125 0.718750 0.171875 0.140625
0 0.210938 0.660156 0.085938 0.250000
0 0.798828 0.751953 0.113281 0.113281
0 0.576172 0.648438 0.199219 0.250000
0 0.363281 0.847656 0.164062 0.195312
0 0.818359 0.873047 0.136719 0.199219
0 0.277344 0.220703 0.078125 0.113281
0 0.386719 0.191406 0.062500 0.132812
0 0.525391 0.236328 0.097656 0.113281
0 0.250000 0.546875 0.140625 0.179688
0 0.359375 0.443359 0.109375 0.128906
0 0.181641 0.703125 0.152344 0.226562
0 0.482422 0.089844 0.113281 0.109375
