0 0.638672 0.470703 0.175781 0.371094
0 0.443359 0.470703 0.238281 0.121094
0 0.326172 0.605469 0.066406 0.257812
0 0.468750 0.714844 0.218750 0.257812
0 0.591797 0.710938 0.089844 0.117188
0 0.664062 0.636719 0.125000 0.148438
0 0.750000 0.509766 0.062500 0.246094
0 0.664062 0.310547 0.093750 0.121094
0 0.314453 0.660156 0.152344 0.234375
0 0.240234 0.685547 0.136719 0.199219
0 0.769531 0.568359 0.117188 0.253906
1 0.828125 0.826172 0.195312 0.238281
1 0.896484 0.687500 0.121094 0.203125
1 0.712891 0.830078 0.144531 0.222656
1 0.636719 0.888672 0.125000 0.222656
