0 0.445312 0.177734 0.195312 0.105469
0 0.798828 0.277344 0.160156 0.289062
0 0.408203 0.335938 0.238281 0.203125
0 0.625000 0.437500 0.187500 0.218750
0 0.453125 0.558594 0.156250 0.218750
0 0.609375 0.671875 0.187500 0.320312
0 0.326172 0.701172 0.105469 0.308594
0 0.458984 0.828125 0.191406 0.343750
0 0.617188 0.906250 0.179688 0.179688
0 0.203125 0.826172 0.140625 0.292969
0 0.328125 0.921875 0.109375 0.140625
0 0.076172 0.890625 0.097656 0.218750
0 0.623047 0.251953 0.207031 0.160156
0 0.916016 0.093750 0.136719 0.093750
1 0.859375 0.716797 0.281250 0.558594
1 0.130859 0.361328 0.253906 0.519531
1 0.951172 0.345703 0.097656 0.183594
1 0.964844 0.216797 0.070312 0.113281
1 0.060547 0.691406 0.105469 0.132812
