0 0.236328 0.261719 0.105469 0.195312
0 0.353516 0.308594 0.121094 0.234375
0 0.554688 0.326172 0.257812 0.253906
0 0.791016 0.308594 0.261719 0.179688
0 0.740234 0.458984 0.105469 0.136719
0 0.515625 0.533203 0.328125 0.152344
0 0.328125 0.669922 0.125000 0.152344
0 0.482422 0.632812 0.238281 0.101562
0 0.357422 0.501953 0.105469 0.160156
0 0.957031 0.291016 0.085938 0.144531
0 0.328125 0.763672 0.101562 0.097656
0 0.419922 0.720703 0.136719 0.097656
0 0.689453 0.546875 0.128906 0.093750
0 0.833984 0.361328 0.121094 0.113281
1 0.693359 0.714844 0.191406 0.132812
1 0.439453 0.869141 0.113281 0.183594
1 0.210938 0.898438 0.359375 0.156250
1 0.830078 0.564453 0.066406 0.128906
0 0.166016 0.250000 0.089844 0.070312
