0 0.667969 0.248047 0.164062 0.183594
0 0.470703 0.375000 0.417969 0.093750
0 0.361328 0.513672 0.136719 0.152344
0 0.208984 0.517578 0.191406 0.191406
0 0.496094 0.492188 0.148438 0.218750
0 0.617188 0.498047 0.156250 0.191406
0 0.232422 0.792969 0.425781 0.398438
0 0.080078 0.556641 0.152344 0.136719
0 0.480469 0.322266 0.210938 0.074219
1 0.703125 0.810547 0.453125 0.378906
1 0.892578 0.419922 0.128906 0.386719
1 0.767578 0.482422 0.128906 0.269531
1 0.955078 0.185547 0.082031 0.121094
0 0.841797 0.173828 0.128906 0.097656
0 0.787109 0.265625 0.066406 0.109375
0 0.580078 0.232422 0.058594 0.105469
0 0.525391 0.240234 0.058594 0.027344
