0 0.296875 0.324219 0.328125 0.093750
0 0.310547 0.419922 0.167969 0.113281
0 0.562500 0.312500 0.125000 0.187500
0 0.857422 0.564453 0.238281 0.324219
0 0.556641 0.656250 0.214844 0.109375
0 0.187500 0.388672 0.093750 0.082031
0 0.494141 0.326172 0.183594 0.082031
0 0.750000 0.355469 0.234375 0.101562
0 0.187500 0.578125 0.359375 0.109375
0 0.720703 0.242188 0.183594 0.140625
1 0.453125 0.482422 0.109375 0.222656
1 0.632812 0.496094 0.234375 0.164062
1 0.398438 0.726562 0.078125 0.265625
1 0.707031 0.712891 0.070312 0.199219
1 0.869141 0.775391 0.261719 0.105469
1 0.216797 0.757812 0.300781 0.242188
1 0.560547 0.783203 0.222656 0.128906
1 0.068359 0.373047 0.128906 0.285156
