0 0.515625 0.404297 0.203125 0.394531
0 0.375000 0.496094 0.062500 0.367188
0 0.625000 0.408203 0.125000 0.339844
0 0.691406 0.511719 0.085938 0.132812
0 0.337891 0.511719 0.121094 0.242188
0 0.751953 0.667969 0.214844 0.109375
0 0.564453 0.046875 0.097656 0.062500
0 0.449219 0.625000 0.132812 0.125000
0 0.296875 0.498047 0.140625 0.082031
0 0.275391 0.648438 0.121094 0.078125
1 0.560547 0.140625 0.207031 0.109375
1 0.748047 0.158203 0.144531 0.167969
0 0.814453 0.576172 0.175781 0.113281
0 0.900391 0.642578 0.082031 0.121094
0 0.212891 0.640625 0.113281 0.078125
0 0.259766 0.591797 0.121094 0.128906
1 0.777344 0.351562 0.164062 0.164062
1 0.152344 0.738281 0.257812 0.101562
1 0.708984 0.833984 0.378906 0.191406
1 0.119141 0.888672 0.230469 0.199219
1 0.195312 0.386719 0.156250 0.148438
