0 0.343750 0.171875 0.109375 0.125000
0 0.406250 0.294922 0.125000 0.105469
0 0.472656 0.369141 0.218750 0.160156
0 0.464844 0.486328 0.257812 0.121094
0 0.468750 0.623047 0.265625 0.175781
0 0.417969 0.734375 0.132812 0.140625
0 0.492188 0.804688 0.218750 0.140625
0 0.494141 0.861328 0.105469 0.097656
0 0.939453 0.152344 0.105469 0.078125
0 0.875000 0.064453 0.109375 0.066406
0 0.542969 0.730469 0.125000 0.132812
0 0.392578 0.156250 0.160156 0.203125
0 0.306641 0.203125 0.105469 0.125000
1 0.652344 0.158203 0.335938 0.253906
1 0.910156 0.375000 0.171875 0.359375
1 0.732422 0.451172 0.261719 0.308594
1 0.673828 0.806641 0.121094 0.386719
1 0.246094 0.439453 0.187500 0.332031
1 0.263672 0.796875 0.121094 0.390625
1 0.191406 0.183594 0.101562 0.234375
