0 0.492188 0.361328 0.125000 0.191406
0 0.373047 0.423828 0.097656 0.191406
0 0.437500 0.558594 0.140625 0.101562
0 0.578125 0.667969 0.148438 0.226562
0 0.460938 0.656250 0.078125 0.078125
0 0.521484 0.255859 0.089844 0.074219
0 0.298828 0.376953 0.074219 0.089844
0 0.310547 0.470703 0.113281 0.128906
0 0.564453 0.380859 0.097656 0.207031
0 0.421875 0.333984 0.078125 0.097656
1 0.248047 0.609375 0.230469 0.132812
1 0.427734 0.757812 0.136719 0.117188
1 0.353516 0.683594 0.121094 0.132812
0 0.517578 0.111328 0.113281 0.214844
0 0.710938 0.570312 0.148438 0.078125
0 0.640625 0.701172 0.109375 0.144531
1 0.726562 0.835938 0.289062 0.109375
