0 0.638672 0.449219 0.121094 0.312500
0 0.517578 0.544922 0.121094 0.253906
0 0.664062 0.714844 0.023438 0.195312
0 0.707031 0.435547 0.132812 0.175781
0 0.705078 0.628906 0.199219 0.164062
0 0.437500 0.615234 0.156250 0.285156
0 0.558594 0.796875 0.187500 0.250000
0 0.310547 0.748047 0.128906 0.191406
0 0.173828 0.835938 0.183594 0.132812
0 0.306641 0.943359 0.253906 0.105469
0 0.433594 0.837891 0.179688 0.128906
0 0.093750 0.935547 0.179688 0.121094
0 0.201172 0.751953 0.144531 0.082031
0 0.347656 0.632812 0.140625 0.093750
0 0.574219 0.400391 0.140625 0.097656
0 0.662109 0.253906 0.105469 0.101562
0 0.685547 0.777344 0.121094 0.156250
0 0.710938 0.095703 0.062500 0.058594
1 0.814453 0.238281 0.175781 0.203125
1 0.845703 0.443359 0.136719 0.183594
1 0.900391 0.699219 0.183594 0.312500
1 0.763672 0.933594 0.191406 0.132812
