0 0.380859 0.775391 0.144531 0.183594
0 0.484375 0.773438 0.078125 0.148438
0 0.578125 0.765625 0.109375 0.171875
0 0.705078 0.736328 0.128906 0.222656
0 0.835938 0.730469 0.125000 0.234375
0 0.941406 0.720703 0.117188 0.246094
0 0.640625 0.697266 0.132812 0.097656
0 0.169922 0.496094 0.105469 0.062500
0 0.091797 0.527344 0.050781 0.054688
0 0.033203 0.544922 0.058594 0.035156
0 0.195312 0.568359 0.109375 0.050781
0 0.132812 0.583984 0.109375 0.058594
0 0.281250 0.468750 0.078125 0.031250
0 0.343750 0.482422 0.046875 0.074219
0 0.363281 0.464844 0.054688 0.046875
0 0.525391 0.544922 0.097656 0.035156
0 0.574219 0.498047 0.078125 0.066406
0 0.609375 0.546875 0.062500 0.031250
0 0.662109 0.542969 0.058594 0.039062
0 0.744141 0.542969 0.050781 0.039062
0 0.792969 0.541016 0.039062 0.042969
0 0.843750 0.531250 0.062500 0.031250
0 0.683594 0.398438 0.125000 0.039062
0 0.488281 0.535156 0.093750 0.039062
0 0.242188 0.804688 0.109375 0.125000
0 0.142578 0.808594 0.089844 0.132812
0 0.066406 0.826172 0.062500 0.121094
0 0.023438 0.830078 0.039062 0.121094
0 0.955078 0.839844 0.089844 0.070312
0 0.955078 0.955078 0.082031 0.066406
0 0.878906 0.966797 0.062500 0.058594
0 0.775391 0.927734 0.058594 0.050781
0 0.876953 0.384766 0.144531 0.050781
0 0.906250 0.445312 0.093750 0.046875
0 0.781250 0.466797 0.164062 0.042969
0 0.359375 0.554688 0.062500 0.054688
1 0.503906 0.408203 0.156250 0.097656
1 0.697266 0.351562 0.144531 0.054688
1 0.345703 0.400391 0.144531 0.074219
1 0.287109 0.572266 0.058594 0.160156
1 0.417969 0.628906 0.195312 0.085938
1 0.941406 0.533203 0.117188 0.113281
1 0.146484 0.673828 0.285156 0.113281
