0 0.402344 0.107422 0.203125 0.058594
0 0.648438 0.291016 0.250000 0.402344
0 0.464844 0.296875 0.171875 0.343750
0 0.343750 0.339844 0.109375 0.281250
0 0.308594 0.343750 0.156250 0.250000
0 0.271484 0.615234 0.292969 0.269531
0 0.541016 0.572266 0.261719 0.199219
0 0.812500 0.388672 0.093750 0.316406
0 0.761719 0.671875 0.203125 0.078125
0 0.701172 0.484375 0.183594 0.125000
0 0.875000 0.406250 0.093750 0.296875
0 0.912109 0.437500 0.152344 0.234375
0 0.621094 0.673828 0.148438 0.066406
1 0.929688 0.679688 0.117188 0.070312
