0 0.626953 0.804688 0.183594 0.140625
0 0.523438 0.775391 0.039062 0.082031
0 0.679688 0.718750 0.203125 0.031250
0 0.742188 0.804688 0.031250 0.132812
0 0.744141 0.892578 0.082031 0.050781
0 0.816406 0.937500 0.148438 0.031250
0 0.884766 0.882812 0.230469 0.078125
0 0.931641 0.917969 0.128906 0.101562
0 0.812500 0.976562 0.078125 0.031250
0 0.730469 0.662109 0.109375 0.136719
0 0.652344 0.648438 0.031250 0.046875
0 0.849609 0.748047 0.167969 0.246094
0 0.980469 0.660156 0.031250 0.046875
0 0.986328 0.736328 0.027344 0.035156
0 0.902344 0.617188 0.078125 0.085938
0 0.587891 0.759766 0.097656 0.089844
1 0.355469 0.884766 0.273438 0.222656
1 0.187500 0.923828 0.179688 0.152344
1 0.419922 0.763672 0.167969 0.214844
1 0.533203 0.640625 0.175781 0.140625
1 0.605469 0.572266 0.132812 0.097656
1 0.697266 0.529297 0.113281 0.121094
1 0.080078 0.935547 0.105469 0.097656
1 0.341797 0.794922 0.136719 0.160156
