0 0.087891 0.529297 0.167969 0.300781
0 0.548828 0.759766 0.472656 0.300781
0 0.437500 0.177734 0.289062 0.144531
0 0.267578 0.349609 0.113281 0.269531
0 0.224609 0.322266 0.105469 0.183594
0 0.121094 0.332031 0.125000 0.093750
0 0.810547 0.244141 0.097656 0.246094
0 0.673828 0.283203 0.199219 0.339844
0 0.886719 0.435547 0.226562 0.136719
0 0.898438 0.220703 0.203125 0.308594
0 0.492188 0.265625 0.226562 0.085938
0 0.460938 0.466797 0.304688 0.300781
0 0.716797 0.537109 0.253906 0.253906
0 0.791016 0.685547 0.089844 0.121094
0 0.261719 0.628906 0.195312 0.414062
1 0.082031 0.843750 0.148438 0.312500
1 0.554688 0.958984 0.460938 0.082031
0 0.492188 0.072266 0.109375 0.136719
0 0.734375 0.111328 0.164062 0.113281
1 0.240234 0.919922 0.144531 0.144531
1 0.919922 0.554688 0.152344 0.085938
1 0.597656 0.056641 0.101562 0.105469
0 0.845703 0.052734 0.128906 0.089844
