0 0.291016 0.304688 0.332031 0.195312
0 0.496094 0.343750 0.070312 0.140625
0 0.570312 0.384766 0.109375 0.113281
0 0.671875 0.400391 0.093750 0.113281
0 0.742188 0.396484 0.125000 0.121094
0 0.267578 0.378906 0.144531 0.125000
0 0.300781 0.216797 0.156250 0.074219
0 0.951172 0.689453 0.097656 0.113281
1 0.744141 0.277344 0.128906 0.117188
1 0.515625 0.230469 0.117188 0.085938
0 0.392578 0.390625 0.113281 0.093750
1 0.212891 0.501953 0.230469 0.121094
1 0.626953 0.259766 0.097656 0.144531
1 0.728516 0.488281 0.175781 0.054688
1 0.458984 0.474609 0.246094 0.058594
1 0.841797 0.378906 0.058594 0.132812
