0 0.480469 0.312500 0.093750 0.203125
0 0.400391 0.388672 0.066406 0.269531
0 0.564453 0.294922 0.066406 0.113281
0 0.628906 0.572266 0.171875 0.097656
0 0.785156 0.566406 0.132812 0.109375
0 0.886719 0.531250 0.078125 0.093750
0 0.376953 0.673828 0.144531 0.152344
0 0.484375 0.750000 0.062500 0.093750
0 0.609375 0.783203 0.078125 0.105469
0 0.085938 0.228516 0.156250 0.136719
0 0.232422 0.279297 0.121094 0.066406
0 0.166016 0.121094 0.066406 0.046875
0 0.275391 0.517578 0.175781 0.074219
0 0.306641 0.419922 0.121094 0.121094
0 0.966797 0.546875 0.066406 0.062500
0 0.888672 0.294922 0.105469 0.058594
0 0.304688 0.140625 0.187500 0.101562
0 0.640625 0.320312 0.140625 0.109375
0 0.451172 0.449219 0.089844 0.109375
0 0.042969 0.353516 0.078125 0.136719
0 0.302734 0.636719 0.144531 0.171875
0 0.482422 0.648438 0.074219 0.140625
0 0.548828 0.773438 0.105469 0.109375
0 0.421875 0.761719 0.148438 0.070312
0 0.707031 0.814453 0.117188 0.167969
0 0.798828 0.859375 0.128906 0.101562
0 0.816406 0.517578 0.101562 0.082031
0 0.337891 0.328125 0.105469 0.109375
1 0.189453 0.402344 0.113281 0.148438
1 0.121094 0.558594 0.125000 0.156250
1 0.175781 0.619141 0.109375 0.128906
1 0.423828 0.861328 0.144531 0.113281
1 0.931641 0.859375 0.121094 0.281250
1 0.835938 0.746094 0.117188 0.125000
1 0.646484 0.955078 0.332031 0.089844
1 0.529297 0.921875 0.183594 0.156250
0 0.669922 0.841797 0.089844 0.066406
0 0.644531 0.607422 0.132812 0.066406
0 0.773438 0.611328 0.085938 0.058594
0 0.970703 0.574219 0.058594 0.062500
0 0.880859 0.568359 0.066406 0.074219
1 0.951172 0.705078 0.097656 0.089844
1 0.648438 0.681641 0.250000 0.082031
1 0.130859 0.388672 0.082031 0.175781
1 0.300781 0.216797 0.203125 0.050781
1 0.451172 0.144531 0.097656 0.101562
1 0.191406 0.193359 0.039062 0.089844
1 0.062500 0.064453 0.109375 0.113281
0 0.060547 0.166016 0.113281 0.082031
