0 0.373047 0.367188 0.160156 0.078125
0 0.593750 0.626953 0.171875 0.121094
0 0.695312 0.556641 0.156250 0.050781
0 0.679688 0.568359 0.195312 0.105469
1 0.230469 0.324219 0.125000 0.265625
1 0.380859 0.253906 0.175781 0.140625
1 0.382812 0.441406 0.164062 0.054688
1 0.779297 0.671875 0.191406 0.093750
1 0.296875 0.953125 0.281250 0.093750
1 0.250000 0.685547 0.453125 0.425781
1 0.615234 0.849609 0.261719 0.300781
1 0.644531 0.335938 0.335938 0.359375
1 0.910156 0.498047 0.179688 0.089844
1 0.890625 0.646484 0.218750 0.128906
1 0.804688 0.121094 0.382812 0.187500
1 0.462891 0.105469 0.285156 0.203125
1 0.189453 0.347656 0.105469 0.171875
