0 0.273438 0.111328 0.156250 0.058594
0 0.277344 0.259766 0.359375 0.238281
0 0.544922 0.341797 0.167969 0.316406
0 0.673828 0.388672 0.089844 0.300781
0 0.718750 0.404297 0.078125 0.246094
0 0.884766 0.523438 0.230469 0.296875
0 0.343750 0.361328 0.218750 0.089844
0 0.656250 0.517578 0.203125 0.089844
0 0.703125 0.566406 0.125000 0.093750
0 0.765625 0.607422 0.109375 0.074219
0 0.808594 0.328125 0.125000 0.078125
0 0.074219 0.212891 0.140625 0.105469
0 0.390625 0.437500 0.125000 0.093750
0 0.199219 0.373047 0.109375 0.066406
0 0.332031 0.414062 0.085938 0.093750
0 0.914062 0.384766 0.171875 0.128906
0 0.832031 0.777344 0.109375 0.078125
1 0.144531 0.564453 0.281250 0.292969
1 0.414062 0.626953 0.257812 0.230469
0 0.091797 0.085938 0.113281 0.046875
