0 0.486328 0.339844 0.074219 0.117188
0 0.597656 0.333984 0.125000 0.097656
0 0.449219 0.523438 0.109375 0.242188
0 0.349609 0.587891 0.089844 0.183594
0 0.281250 0.605469 0.054688 0.093750
0 0.703125 0.595703 0.171875 0.121094
0 0.796875 0.619141 0.093750 0.105469
0 0.505859 0.414062 0.167969 0.125000
0 0.396484 0.509766 0.074219 0.113281
0 0.595703 0.072266 0.097656 0.136719
0 0.679688 0.058594 0.070312 0.101562
0 0.722656 0.351562 0.125000 0.085938
0 0.501953 0.484375 0.074219 0.117188
0 0.501953 0.634766 0.128906 0.074219
1 0.726562 0.466797 0.234375 0.136719
1 0.580078 0.539062 0.074219 0.109375
1 0.796875 0.886719 0.406250 0.210938
0 0.113281 0.447266 0.093750 0.074219
0 0.166016 0.388672 0.082031 0.082031
1 0.234375 0.251953 0.070312 0.082031
1 0.074219 0.580078 0.125000 0.175781
1 0.382812 0.767578 0.125000 0.167969
