0 0.390625 0.242188 0.093750 0.140625
0 0.542969 0.265625 0.242188 0.109375
0 0.552734 0.478516 0.386719 0.089844
0 0.707031 0.423828 0.101562 0.050781
0 0.607422 0.507812 0.066406 0.101562
0 0.394531 0.683594 0.320312 0.078125
0 0.484375 0.650391 0.140625 0.058594
0 0.666016 0.642578 0.160156 0.058594
0 0.406250 0.687500 0.085938 0.062500
1 0.365234 0.121094 0.199219 0.093750
1 0.253906 0.248047 0.179688 0.160156
1 0.269531 0.462891 0.164062 0.183594
1 0.822266 0.640625 0.160156 0.218750
1 0.613281 0.802734 0.140625 0.097656
1 0.451172 0.771484 0.160156 0.089844
1 0.478516 0.042969 0.160156 0.078125
