0 0.437500 0.408203 0.234375 0.183594
0 0.681641 0.453125 0.246094 0.296875
0 0.835938 0.511719 0.156250 0.382812
0 0.921875 0.554688 0.156250 0.312500
0 0.697266 0.578125 0.230469 0.140625
0 0.474609 0.464844 0.144531 0.156250
0 0.246094 0.404297 0.140625 0.121094
0 0.193359 0.402344 0.152344 0.085938
1 0.166016 0.740234 0.300781 0.519531
1 0.435547 0.775391 0.246094 0.449219
1 0.787109 0.851562 0.425781 0.281250
1 0.830078 0.148438 0.339844 0.289062
1 0.417969 0.146484 0.515625 0.277344
1 0.101562 0.199219 0.195312 0.304688
