0 0.482422 0.478516 0.246094 0.214844
0 0.691406 0.451172 0.203125 0.128906
0 0.312500 0.500000 0.093750 0.171875
0 0.248047 0.515625 0.058594 0.125000
0 0.222656 0.527344 0.093750 0.078125
0 0.474609 0.375000 0.167969 0.125000
0 0.722656 0.070312 0.156250 0.078125
0 0.841797 0.076172 0.066406 0.066406
0 0.892578 0.052734 0.082031 0.042969
0 0.734375 0.031250 0.031250 0.015625
0 0.654297 0.542969 0.191406 0.085938
0 0.478516 0.599609 0.152344 0.152344
1 0.517578 0.767578 0.222656 0.105469
1 0.312500 0.796875 0.156250 0.187500
1 0.527344 0.923828 0.257812 0.152344
1 0.214844 0.796875 0.117188 0.125000
1 0.617188 0.667969 0.109375 0.117188
