0 0.501953 0.464844 0.089844 0.156250
0 0.472656 0.517578 0.078125 0.128906
0 0.542969 0.404297 0.093750 0.074219
0 0.421875 0.576172 0.054688 0.144531
0 0.558594 0.945312 0.101562 0.093750
0 0.134766 0.923828 0.066406 0.136719
0 0.037109 0.763672 0.066406 0.175781
1 0.191406 0.337891 0.375000 0.660156
1 0.666016 0.187500 0.566406 0.351562
1 0.800781 0.675781 0.398438 0.617188
1 0.582031 0.751953 0.242188 0.292969
1 0.300781 0.832031 0.218750 0.312500
1 0.164062 0.759766 0.179688 0.175781
1 0.447266 0.835938 0.105469 0.328125
