0 0.417969 0.595703 0.335938 0.582031
0 0.636719 0.330078 0.093750 0.097656
0 0.769531 0.337891 0.179688 0.082031
0 0.589844 0.494141 0.210938 0.371094
0 0.466797 0.914062 0.214844 0.156250
1 0.113281 0.812500 0.210938 0.375000
0 0.261719 0.474609 0.234375 0.285156
0 0.929688 0.335938 0.140625 0.054688
0 0.720703 0.378906 0.082031 0.093750
0 0.591797 0.798828 0.121094 0.097656
0 0.664062 0.039062 0.164062 0.070312
0 0.714844 0.146484 0.140625 0.058594
1 0.835938 0.242188 0.273438 0.101562
1 0.892578 0.107422 0.191406 0.207031
