0 0.546875 0.472656 0.195312 0.132812
0 0.558594 0.423828 0.070312 0.121094
0 0.646484 0.451172 0.089844 0.144531
0 0.462891 0.494141 0.152344 0.066406
0 0.564453 0.556641 0.160156 0.050781
1 0.695312 0.308594 0.125000 0.125000
1 0.423828 0.292969 0.285156 0.132812
1 0.386719 0.392578 0.132812 0.128906
1 0.228516 0.332031 0.175781 0.242188
1 0.320312 0.490234 0.125000 0.082031
1 0.781250 0.123047 0.179688 0.238281
1 0.820312 0.316406 0.125000 0.125000
1 0.589844 0.117188 0.226562 0.226562
1 0.382812 0.150391 0.195312 0.144531
1 0.742188 0.404297 0.078125 0.097656
1 0.939453 0.455078 0.121094 0.574219
1 0.800781 0.572266 0.203125 0.222656
1 0.648438 0.642578 0.203125 0.113281
1 0.242188 0.205078 0.109375 0.160156
1 0.152344 0.246094 0.210938 0.156250
