0 0.398438 0.234375 0.312500 0.296875
0 0.214844 0.263672 0.054688 0.238281
0 0.156250 0.281250 0.046875 0.140625
0 0.164062 0.275391 0.117188 0.105469
0 0.210938 0.333984 0.109375 0.097656
0 0.617188 0.167969 0.125000 0.054688
0 0.546875 0.224609 0.101562 0.113281
0 0.648438 0.242188 0.062500 0.125000
0 0.560547 0.316406 0.121094 0.085938
0 0.601562 0.154297 0.085938 0.105469
0 0.656250 0.154297 0.054688 0.097656
0 0.753906 0.447266 0.070312 0.058594
0 0.839844 0.433594 0.070312 0.054688
0 0.847656 0.414062 0.046875 0.062500
0 0.853516 0.152344 0.035156 0.062500
0 0.841797 0.097656 0.050781 0.039062
0 0.398438 0.138672 0.210938 0.152344
0 0.279297 0.156250 0.097656 0.125000
1 0.843750 0.740234 0.312500 0.519531
1 0.750000 0.175781 0.125000 0.242188
1 0.849609 0.343750 0.292969 0.070312
1 0.943359 0.445312 0.113281 0.148438
1 0.359375 0.691406 0.710938 0.601562
1 0.050781 0.210938 0.093750 0.406250
1 0.140625 0.105469 0.085938 0.203125
1 0.937500 0.166016 0.117188 0.316406
1 0.880859 0.271484 0.128906 0.152344
1 0.462891 0.035156 0.285156 0.062500
