0 0.437500 0.429688 0.250000 0.109375
0 0.390625 0.923828 0.093750 0.128906
0 0.589844 0.435547 0.078125 0.128906
0 0.640625 0.529297 0.062500 0.113281
0 0.812500 0.578125 0.078125 0.078125
0 0.261719 0.437500 0.109375 0.093750
0 0.433594 0.498047 0.140625 0.035156
0 0.851562 0.857422 0.109375 0.058594
0 0.730469 0.503906 0.101562 0.062500
0 0.562500 0.550781 0.125000 0.140625
0 0.433594 0.384766 0.179688 0.066406
0 0.701172 0.462891 0.144531 0.121094
0 0.742188 0.562500 0.140625 0.101562
0 0.308594 0.486328 0.132812 0.050781
1 0.833984 0.724609 0.316406 0.191406
1 0.148438 0.777344 0.265625 0.445312
1 0.390625 0.582031 0.218750 0.132812
1 0.339844 0.750000 0.109375 0.179688
1 0.474609 0.781250 0.152344 0.140625
1 0.607422 0.677734 0.199219 0.089844
1 0.671875 0.882812 0.234375 0.109375
1 0.896484 0.949219 0.207031 0.093750
1 0.955078 0.886719 0.089844 0.125000
1 0.103516 0.476562 0.199219 0.210938
1 0.257812 0.337891 0.101562 0.097656
1 0.890625 0.447266 0.210938 0.128906
1 0.929688 0.562500 0.140625 0.171875
