0 0.468750 0.203125 0.109375 0.031250
0 0.576172 0.210938 0.097656 0.031250
0 0.416016 0.343750 0.144531 0.031250
0 0.587891 0.335938 0.121094 0.039062
0 0.375000 0.589844 0.296875 0.078125
0 0.597656 0.566406 0.140625 0.062500
0 0.566406 0.669922 0.203125 0.128906
0 0.199219 0.621094 0.109375 0.132812
0 0.373047 0.822266 0.097656 0.167969
0 0.283203 0.871094 0.089844 0.132812
0 0.107422 0.656250 0.066406 0.109375
0 0.044922 0.716797 0.082031 0.089844
0 0.423828 0.437500 0.339844 0.078125
0 0.273438 0.515625 0.117188 0.062500
0 0.656250 0.416016 0.125000 0.058594
1 0.580078 0.267578 0.097656 0.058594
1 0.718750 0.748047 0.093750 0.191406
1 0.546875 0.869141 0.250000 0.253906
1 0.367188 0.683594 0.218750 0.109375
1 0.189453 0.814453 0.097656 0.246094
1 0.085938 0.876953 0.140625 0.230469
1 0.265625 0.767578 0.109375 0.058594
1 0.355469 0.968750 0.226562 0.062500
1 0.716797 0.916016 0.128906 0.167969
0 0.564453 0.134766 0.152344 0.042969
0 0.652344 0.109375 0.093750 0.031250
