0 0.466797 0.634766 0.316406 0.238281
0 0.587891 0.431641 0.191406 0.167969
0 0.652344 0.296875 0.117188 0.078125
0 0.312500 0.857422 0.406250 0.191406
0 0.259766 0.685547 0.089844 0.152344
0 0.437500 0.468750 0.093750 0.093750
0 0.572266 0.312500 0.042969 0.062500
0 0.640625 0.546875 0.125000 0.140625
0 0.699219 0.359375 0.078125 0.140625
0 0.660156 0.251953 0.078125 0.066406
0 0.212891 0.750000 0.136719 0.171875
0 0.335938 0.609375 0.148438 0.109375
0 0.431641 0.533203 0.183594 0.136719
0 0.515625 0.439453 0.125000 0.128906
0 0.761719 0.619141 0.125000 0.292969
0 0.142578 0.906250 0.183594 0.187500
0 0.375000 0.939453 0.296875 0.121094
0 0.556641 0.853516 0.144531 0.285156
0 0.689453 0.181641 0.050781 0.066406
0 0.779297 0.390625 0.136719 0.156250
1 0.923828 0.472656 0.144531 0.515625
1 0.761719 0.828125 0.234375 0.109375
1 0.876953 0.212891 0.160156 0.191406
1 0.216797 0.236328 0.222656 0.144531
1 0.076172 0.304688 0.128906 0.250000
1 0.214844 0.316406 0.132812 0.132812
1 0.435547 0.263672 0.222656 0.152344
1 0.320312 0.376953 0.132812 0.144531
1 0.156250 0.496094 0.195312 0.195312
1 0.107422 0.542969 0.207031 0.218750
