0 0.564453 0.384766 0.316406 0.238281
0 0.376953 0.583984 0.058594 0.167969
0 0.468750 0.593750 0.140625 0.171875
0 0.603516 0.585938 0.214844 0.242188
0 0.482422 0.699219 0.121094 0.156250
0 0.583984 0.281250 0.292969 0.125000
0 0.697266 0.376953 0.160156 0.175781
0 0.599609 0.769531 0.167969 0.203125
1 0.169922 0.337891 0.324219 0.660156
1 0.513672 0.943359 0.308594 0.113281
1 0.570312 0.097656 0.460938 0.179688
0 0.769531 0.281250 0.109375 0.140625
0 0.583984 0.250000 0.191406 0.132812
0 0.427734 0.359375 0.121094 0.148438
