0 0.449219 0.433594 0.218750 0.117188
0 0.554688 0.589844 0.218750 0.195312
0 0.380859 0.505859 0.167969 0.082031
0 0.558594 0.683594 0.187500 0.085938
0 0.599609 0.437500 0.136719 0.164062
0 0.410156 0.376953 0.085938 0.097656
1 0.837891 0.591797 0.324219 0.441406
1 0.835938 0.193359 0.328125 0.378906
0 0.396484 0.556641 0.144531 0.097656
0 0.582031 0.724609 0.140625 0.074219
1 0.636719 0.884766 0.718750 0.222656
1 0.402344 0.166016 0.789062 0.324219
1 0.148438 0.656250 0.289062 0.687500
1 0.373047 0.736328 0.160156 0.246094
