0 0.281250 0.654297 0.281250 0.308594
0 0.453125 0.478516 0.437500 0.074219
0 0.505859 0.570312 0.230469 0.117188
0 0.498047 0.425781 0.332031 0.085938
0 0.615234 0.359375 0.378906 0.078125
0 0.671875 0.314453 0.187500 0.066406
0 0.718750 0.382812 0.156250 0.101562
0 0.683594 0.466797 0.101562 0.089844
1 0.857422 0.734375 0.285156 0.500000
1 0.908203 0.445312 0.183594 0.078125
1 0.869141 0.167969 0.261719 0.234375
1 0.410156 0.931641 0.812500 0.136719
1 0.642578 0.753906 0.167969 0.242188
0 0.476562 0.726562 0.156250 0.203125
1 0.109375 0.361328 0.187500 0.230469
1 0.308594 0.279297 0.195312 0.214844
1 0.525391 0.218750 0.214844 0.125000
1 0.681641 0.171875 0.113281 0.171875
0 0.101562 0.677734 0.109375 0.183594
0 0.318359 0.828125 0.207031 0.062500
0 0.828125 0.357422 0.039062 0.066406
0 0.863281 0.337891 0.039062 0.074219
1 0.939453 0.349609 0.097656 0.121094
0 0.634766 0.541016 0.066406 0.074219
