0 0.310547 0.431641 0.316406 0.355469
0 0.636719 0.462891 0.304688 0.308594
0 0.851562 0.589844 0.125000 0.132812
0 0.826172 0.435547 0.066406 0.230469
0 0.093750 0.593750 0.125000 0.250000
0 0.216797 0.591797 0.152344 0.160156
0 0.359375 0.593750 0.140625 0.109375
0 0.449219 0.576172 0.085938 0.152344
0 0.437500 0.337891 0.156250 0.183594
0 0.214844 0.361328 0.242188 0.214844
1 0.796875 0.730469 0.281250 0.140625
1 0.589844 0.705078 0.179688 0.160156
1 0.361328 0.728516 0.277344 0.113281
1 0.123047 0.779297 0.238281 0.113281
