0 0.625000 0.607422 0.054688 0.183594
0 0.484375 0.345703 0.109375 0.097656
0 0.585938 0.644531 0.085938 0.125000
0 0.550781 0.662109 0.085938 0.074219
0 0.667969 0.593750 0.078125 0.054688
1 0.572266 0.865234 0.308594 0.238281
1 0.201172 0.527344 0.238281 0.148438
1 0.417969 0.509766 0.195312 0.222656
1 0.636719 0.294922 0.164062 0.105469
0 0.742188 0.632812 0.078125 0.070312
1 0.214844 0.810547 0.414062 0.378906
1 0.302734 0.414062 0.105469 0.109375
1 0.847656 0.316406 0.234375 0.156250
1 0.718750 0.427734 0.265625 0.167969
1 0.574219 0.457031 0.156250 0.101562
1 0.535156 0.505859 0.109375 0.128906
1 0.884766 0.685547 0.144531 0.347656
1 0.757812 0.773438 0.187500 0.179688
