0 0.263672 0.337891 0.402344 0.160156
0 0.474609 0.460938 0.558594 0.234375
0 0.175781 0.478516 0.125000 0.175781
0 0.800781 0.423828 0.195312 0.238281
0 0.763672 0.039062 0.417969 0.070312
0 0.828125 0.078125 0.109375 0.062500
0 0.154297 0.085938 0.285156 0.085938
0 0.271484 0.048828 0.347656 0.089844
0 0.869141 0.074219 0.121094 0.117188
0 0.585938 0.330078 0.250000 0.144531
1 0.843750 0.660156 0.312500 0.148438
1 0.525391 0.675781 0.425781 0.164062
1 0.029297 0.412109 0.042969 0.300781
1 0.949219 0.410156 0.085938 0.312500
1 0.214844 0.189453 0.398438 0.105469
