0 0.625000 0.531250 0.234375 0.140625
0 0.453125 0.556641 0.093750 0.097656
0 0.792969 0.460938 0.070312 0.109375
0 0.710938 0.474609 0.140625 0.105469
0 0.855469 0.406250 0.101562 0.078125
0 0.332031 0.550781 0.171875 0.101562
0 0.957031 0.388672 0.085938 0.082031
0 0.478516 0.517578 0.144531 0.089844
0 0.568359 0.615234 0.105469 0.074219
0 0.421875 0.605469 0.109375 0.054688
0 0.843750 0.447266 0.070312 0.066406
0 0.732422 0.539062 0.074219 0.085938
1 0.890625 0.761719 0.218750 0.468750
1 0.730469 0.804688 0.210938 0.390625
1 0.539062 0.833984 0.320312 0.332031
1 0.242188 0.824219 0.460938 0.351562
1 0.125000 0.435547 0.234375 0.511719
1 0.583984 0.230469 0.347656 0.367188
1 0.300781 0.306641 0.210938 0.371094
1 0.875000 0.251953 0.250000 0.199219
