0 0.726562 0.437500 0.179688 0.117188
0 0.908203 0.453125 0.175781 0.140625
0 0.650391 0.435547 0.128906 0.074219
0 0.388672 0.435547 0.128906 0.121094
0 0.457031 0.433594 0.101562 0.109375
0 0.300781 0.449219 0.109375 0.132812
0 0.246094 0.458984 0.085938 0.097656
0 0.781250 0.828125 0.421875 0.328125
0 0.587891 0.732422 0.191406 0.113281
0 0.642578 0.824219 0.316406 0.148438
0 0.615234 0.908203 0.214844 0.097656
0 0.445312 0.726562 0.109375 0.125000
0 0.314453 0.728516 0.144531 0.089844
0 0.396484 0.486328 0.136719 0.074219
0 0.218750 0.308594 0.093750 0.039062
0 0.029297 0.439453 0.050781 0.105469
0 0.056641 0.291016 0.105469 0.035156
1 0.195312 0.886719 0.375000 0.226562
0 0.505859 0.798828 0.128906 0.097656
1 0.437500 0.921875 0.085938 0.140625
1 0.382812 0.839844 0.117188 0.085938
0 0.955078 0.291016 0.089844 0.042969
0 0.966797 0.382812 0.066406 0.078125
0 0.648438 0.666016 0.148438 0.066406
1 0.128906 0.458984 0.132812 0.167969
1 0.345703 0.289062 0.144531 0.164062
1 0.199219 0.253906 0.109375 0.054688
0 0.560547 0.447266 0.121094 0.058594
