0 0.519531 0.257812 0.125000 0.140625
0 0.417969 0.322266 0.132812 0.199219
0 0.496094 0.390625 0.109375 0.132812
0 0.271484 0.363281 0.160156 0.101562
0 0.603516 0.255859 0.058594 0.089844
0 0.666016 0.259766 0.074219 0.074219
0 0.875000 0.433594 0.125000 0.054688
0 0.917969 0.529297 0.148438 0.121094
0 0.953125 0.638672 0.093750 0.121094
0 0.953125 0.716797 0.078125 0.058594
1 0.644531 0.382812 0.171875 0.140625
1 0.552734 0.736328 0.363281 0.527344
1 0.628906 0.117188 0.171875 0.132812
1 0.845703 0.320312 0.167969 0.179688
1 0.201172 0.472656 0.292969 0.117188
0 0.873047 0.658203 0.097656 0.144531
0 0.804688 0.580078 0.046875 0.058594
0 0.326172 0.292969 0.066406 0.062500
0 0.814453 0.181641 0.089844 0.050781
