0 0.482422 0.619141 0.277344 0.300781
0 0.298828 0.691406 0.089844 0.289062
0 0.203125 0.830078 0.093750 0.339844
0 0.468750 0.875000 0.250000 0.218750
0 0.558594 0.406250 0.062500 0.117188
0 0.673828 0.343750 0.082031 0.171875
0 0.593750 0.312500 0.078125 0.078125
0 0.656250 0.544922 0.070312 0.144531
0 0.371094 0.564453 0.148438 0.113281
0 0.470703 0.460938 0.097656 0.109375
0 0.269531 0.664062 0.101562 0.109375
0 0.107422 0.906250 0.089844 0.164062
0 0.529297 0.445312 0.097656 0.187500
0 0.623047 0.416016 0.105469 0.175781
0 0.681641 0.271484 0.105469 0.097656
0 0.724609 0.373047 0.066406 0.121094
0 0.697266 0.564453 0.042969 0.082031
0 0.705078 0.183594 0.066406 0.101562
0 0.156250 0.804688 0.125000 0.109375
0 0.074219 0.929688 0.109375 0.140625
1 0.232422 0.232422 0.222656 0.160156
1 0.085938 0.310547 0.156250 0.246094
1 0.171875 0.302734 0.171875 0.183594
1 0.880859 0.513672 0.230469 0.417969
1 0.761719 0.746094 0.234375 0.250000
1 0.767578 0.484375 0.128906 0.085938
1 0.931641 0.726562 0.128906 0.179688
1 0.892578 0.283203 0.207031 0.238281
