0 0.535156 0.634766 0.070312 0.097656
0 0.673828 0.654297 0.089844 0.097656
0 0.869141 0.462891 0.066406 0.066406
1 0.689453 0.435547 0.160156 0.308594
1 0.283203 0.357422 0.152344 0.410156
1 0.410156 0.576172 0.179688 0.238281
1 0.503906 0.343750 0.187500 0.187500
1 0.546875 0.812500 0.234375 0.203125
1 0.875000 0.214844 0.203125 0.421875
1 0.689453 0.126953 0.207031 0.246094
1 0.869141 0.765625 0.261719 0.343750
1 0.167969 0.779297 0.312500 0.433594
1 0.359375 0.837891 0.156250 0.269531
1 0.826172 0.857422 0.339844 0.285156
1 0.509766 0.136719 0.332031 0.265625
1 0.105469 0.298828 0.203125 0.589844
1 0.273438 0.080078 0.257812 0.152344
