0 0.748047 0.439453 0.152344 0.339844
0 0.845703 0.541016 0.035156 0.230469
0 0.876953 0.603516 0.050781 0.128906
0 0.945312 0.623047 0.093750 0.136719
0 0.767578 0.236328 0.097656 0.082031
0 0.500000 0.390625 0.039062 0.109375
0 0.539062 0.345703 0.031250 0.066406
0 0.476562 0.443359 0.078125 0.128906
0 0.623047 0.408203 0.089844 0.152344
0 0.279297 0.832031 0.058594 0.085938
0 0.343750 0.703125 0.046875 0.093750
0 0.371094 0.650391 0.062500 0.089844
0 0.269531 0.726562 0.085938 0.070312
0 0.816406 0.175781 0.078125 0.046875
0 0.927734 0.164062 0.128906 0.046875
