0 0.656250 0.406250 0.187500 0.250000
0 0.826172 0.404297 0.144531 0.230469
0 0.962891 0.357422 0.003906 0.003906
0 0.962891 0.353516 0.003906 0.011719
0 0.341797 0.718750 0.347656 0.250000
0 0.121094 0.886719 0.226562 0.226562
0 0.314453 0.921875 0.128906 0.156250
0 0.500000 0.888672 0.218750 0.222656
0 0.828125 0.734375 0.109375 0.109375
0 0.578125 0.619141 0.109375 0.167969
0 0.308594 0.572266 0.226562 0.121094
0 0.494141 0.406250 0.121094 0.203125
0 0.460938 0.501953 0.132812 0.160156
0 0.398438 0.433594 0.070312 0.023438
0 0.322266 0.525391 0.089844 0.207031
0 0.658203 0.267578 0.253906 0.160156
0 0.687500 0.156250 0.171875 0.062500
0 0.720703 0.093750 0.175781 0.109375
0 0.558594 0.242188 0.187500 0.078125
0 0.910156 0.417969 0.164062 0.171875
0 0.734375 0.515625 0.109375 0.218750
0 0.783203 0.890625 0.433594 0.187500
1 0.904297 0.142578 0.160156 0.277344
1 0.152344 0.361328 0.210938 0.222656
1 0.291016 0.265625 0.121094 0.250000
1 0.406250 0.181641 0.109375 0.199219
0 0.466797 0.406250 0.191406 0.125000
0 0.900391 0.609375 0.191406 0.125000
0 0.703125 0.716797 0.187500 0.347656
0 0.126953 0.710938 0.082031 0.117188
0 0.058594 0.742188 0.054688 0.062500
