0 0.660156 0.363281 0.257812 0.109375
0 0.443359 0.353516 0.183594 0.066406
0 0.214844 0.349609 0.132812 0.058594
0 0.136719 0.369141 0.109375 0.066406
0 0.802734 0.396484 0.160156 0.089844
0 0.935547 0.421875 0.128906 0.093750
0 0.310547 0.537109 0.136719 0.121094
0 0.330078 0.714844 0.113281 0.218750
1 0.658203 0.656250 0.441406 0.414062
1 0.107422 0.792969 0.199219 0.414062
1 0.689453 0.853516 0.582031 0.292969
1 0.929688 0.634766 0.140625 0.308594
1 0.291016 0.914062 0.246094 0.171875
1 0.201172 0.695312 0.128906 0.273438
1 0.261719 0.238281 0.117188 0.140625
1 0.419922 0.195312 0.207031 0.234375
1 0.109375 0.244141 0.203125 0.136719
1 0.119141 0.501953 0.230469 0.167969
1 0.326172 0.433594 0.175781 0.070312
1 0.537109 0.236328 0.144531 0.128906
0 0.691406 0.322266 0.117188 0.089844
