0 0.671875 0.595703 0.093750 0.199219
0 0.728516 0.609375 0.089844 0.187500
0 0.822266 0.580078 0.113281 0.191406
0 0.613281 0.636719 0.101562 0.179688
0 0.541016 0.654297 0.058594 0.175781
0 0.478516 0.687500 0.058594 0.140625
0 0.101562 0.671875 0.117188 0.117188
0 0.048828 0.705078 0.089844 0.160156
0 0.091797 0.792969 0.105469 0.148438
0 0.306641 0.748047 0.121094 0.121094
0 0.392578 0.728516 0.097656 0.167969
0 0.445312 0.748047 0.093750 0.066406
0 0.210938 0.759766 0.070312 0.082031
0 0.158203 0.789062 0.105469 0.109375
0 0.017578 0.828125 0.027344 0.093750
0 0.218750 0.515625 0.031250 0.031250
1 0.541016 0.421875 0.527344 0.109375
1 0.384766 0.523438 0.277344 0.101562
1 0.087891 0.468750 0.167969 0.218750
1 0.220703 0.619141 0.097656 0.128906
1 0.357422 0.597656 0.160156 0.062500
1 0.236328 0.421875 0.121094 0.109375
1 0.126953 0.230469 0.246094 0.054688
0 0.126953 0.312500 0.246094 0.093750
1 0.605469 0.296875 0.062500 0.109375
1 0.779297 0.375000 0.105469 0.093750
1 0.126953 0.939453 0.246094 0.113281
1 0.388672 0.886719 0.316406 0.093750
1 0.623047 0.826172 0.214844 0.105469
1 0.837891 0.734375 0.113281 0.062500
1 0.937500 0.603516 0.093750 0.207031
1 0.720703 0.751953 0.105469 0.035156
