0 0.158203 0.353516 0.128906 0.121094
0 0.263672 0.330078 0.082031 0.128906
0 0.322266 0.306641 0.042969 0.113281
0 0.375000 0.294922 0.062500 0.082031
0 0.429688 0.283203 0.046875 0.074219
0 0.484375 0.265625 0.062500 0.046875
0 0.841797 0.281250 0.082031 0.046875
0 0.902344 0.281250 0.031250 0.054688
0 0.767578 0.292969 0.058594 0.039062
0 0.968750 0.308594 0.062500 0.062500
0 0.048828 0.357422 0.089844 0.105469
0 0.492188 0.482422 0.320312 0.167969
0 0.283203 0.523438 0.191406 0.148438
0 0.158203 0.539062 0.121094 0.109375
0 0.867188 0.767578 0.109375 0.066406
0 0.775391 0.791016 0.105469 0.050781
0 0.484375 0.876953 0.132812 0.097656
1 0.318359 0.884766 0.191406 0.152344
0 0.048828 0.535156 0.089844 0.062500
1 0.111328 0.804688 0.214844 0.390625
0 0.480469 0.564453 0.210938 0.074219
1 0.724609 0.638672 0.285156 0.144531
1 0.726562 0.474609 0.156250 0.207031
1 0.886719 0.523438 0.140625 0.101562
1 0.447266 0.669922 0.308594 0.128906
1 0.634766 0.908203 0.160156 0.183594
1 0.962891 0.789062 0.074219 0.093750
1 0.232422 0.125000 0.175781 0.062500
