0 0.148438 0.585938 0.085938 0.125000
0 0.228516 0.542969 0.066406 0.125000
0 0.310547 0.525391 0.082031 0.121094
0 0.375000 0.500000 0.078125 0.125000
0 0.134766 0.607422 0.105469 0.097656
0 0.228516 0.191406 0.183594 0.117188
0 0.492188 0.435547 0.140625 0.089844
0 0.558594 0.402344 0.117188 0.062500
0 0.619141 0.378906 0.066406 0.054688
0 0.673828 0.359375 0.082031 0.062500
0 0.464844 0.419922 0.054688 0.152344
0 0.136719 0.533203 0.117188 0.074219
1 0.638672 0.796875 0.691406 0.406250
1 0.808594 0.531250 0.382812 0.234375
1 0.207031 0.828125 0.406250 0.312500
1 0.171875 0.359375 0.328125 0.187500
1 0.378906 0.306641 0.093750 0.167969
1 0.068359 0.134766 0.128906 0.261719
1 0.416016 0.152344 0.175781 0.140625
1 0.564453 0.294922 0.261719 0.121094
