0 0.345703 0.523438 0.136719 0.148438
0 0.480469 0.593750 0.117188 0.218750
0 0.585938 0.580078 0.093750 0.097656
0 0.671875 0.662109 0.187500 0.144531
0 0.554688 0.707031 0.218750 0.085938
0 0.572266 0.644531 0.160156 0.093750
0 0.376953 0.636719 0.089844 0.070312
0 0.310547 0.519531 0.160156 0.070312
0 0.386719 0.457031 0.070312 0.054688
0 0.275391 0.562500 0.066406 0.046875
0 0.189453 0.568359 0.152344 0.042969
0 0.658203 0.603516 0.066406 0.097656
0 0.609375 0.750000 0.125000 0.070312
0 0.763672 0.716797 0.074219 0.082031
1 0.865234 0.718750 0.144531 0.304688
1 0.804688 0.816406 0.210938 0.101562
1 0.281250 0.707031 0.085938 0.195312
1 0.373047 0.835938 0.082031 0.281250
1 0.478516 0.845703 0.136719 0.175781
1 0.478516 0.457031 0.105469 0.046875
1 0.769531 0.560547 0.125000 0.050781
