0 0.388672 0.671875 0.214844 0.312500
0 0.515625 0.808594 0.109375 0.257812
0 0.406250 0.884766 0.187500 0.097656
0 0.421875 0.406250 0.093750 0.234375
0 0.388672 0.470703 0.089844 0.097656
0 0.416016 0.253906 0.074219 0.062500
0 0.472656 0.138672 0.054688 0.144531
0 0.597656 0.859375 0.093750 0.171875
0 0.441406 0.960938 0.195312 0.062500
1 0.828125 0.861328 0.343750 0.246094
1 0.593750 0.416016 0.171875 0.386719
1 0.177734 0.298828 0.308594 0.402344
1 0.304688 0.103516 0.265625 0.191406
1 0.144531 0.744141 0.250000 0.480469
