0 0.449219 0.218750 0.273438 0.210938
0 0.541016 0.431641 0.246094 0.332031
0 0.046875 0.156250 0.085938 0.117188
0 0.205078 0.193359 0.230469 0.128906
0 0.806641 0.279297 0.097656 0.089844
0 0.886719 0.318359 0.109375 0.144531
0 0.933594 0.716797 0.125000 0.222656
0 0.583984 0.818359 0.300781 0.183594
0 0.685547 0.457031 0.183594 0.281250
0 0.734375 0.609375 0.148438 0.156250
0 0.236328 0.765625 0.277344 0.390625
0 0.363281 0.687500 0.148438 0.195312
0 0.359375 0.433594 0.109375 0.085938
0 0.054688 0.833984 0.101562 0.207031
0 0.050781 0.623047 0.093750 0.113281
0 0.949219 0.369141 0.101562 0.074219
0 0.943359 0.511719 0.097656 0.203125
0 0.103516 0.714844 0.082031 0.078125
0 0.861328 0.587891 0.207031 0.527344
0 0.714844 0.791016 0.156250 0.230469
0 0.554688 0.619141 0.257812 0.066406
