0 0.837891 0.466797 0.113281 0.214844
0 0.919922 0.494141 0.042969 0.113281
0 0.886719 0.392578 0.085938 0.074219
0 0.875000 0.308594 0.093750 0.085938
0 0.574219 0.623047 0.156250 0.113281
0 0.687500 0.677734 0.132812 0.097656
0 0.716797 0.572266 0.121094 0.074219
0 0.796875 0.462891 0.109375 0.128906
0 0.523438 0.384766 0.039062 0.097656
0 0.482422 0.398438 0.035156 0.054688
0 0.525391 0.658203 0.214844 0.121094
0 0.375000 0.667969 0.062500 0.093750
0 0.232422 0.675781 0.261719 0.078125
0 0.273438 0.437500 0.117188 0.125000
0 0.359375 0.611328 0.156250 0.066406
0 0.234375 0.623047 0.125000 0.027344
0 0.531250 0.369141 0.070312 0.050781
0 0.458984 0.416016 0.042969 0.042969
0 0.328125 0.388672 0.031250 0.058594
0 0.671875 0.330078 0.078125 0.042969
0 0.400391 0.343750 0.097656 0.039062
