0 0.484375 0.453125 0.203125 0.203125
0 0.669922 0.416016 0.253906 0.113281
0 0.521484 0.332031 0.128906 0.070312
0 0.324219 0.447266 0.187500 0.089844
0 0.201172 0.476562 0.105469 0.085938
0 0.416016 0.777344 0.113281 0.164062
0 0.322266 0.773438 0.074219 0.101562
0 0.492188 0.587891 0.062500 0.066406
0 0.638672 0.488281 0.113281 0.078125
0 0.748047 0.371094 0.113281 0.078125
0 0.574219 0.294922 0.101562 0.050781
0 0.369141 0.535156 0.097656 0.093750
0 0.365234 0.851562 0.128906 0.078125
0 0.398438 0.093750 0.132812 0.062500
0 0.050781 0.072266 0.093750 0.136719
0 0.802734 0.419922 0.066406 0.066406
0 0.361328 0.394531 0.136719 0.046875
0 0.646484 0.271484 0.050781 0.058594
1 0.736328 0.244141 0.121094 0.074219
1 0.595703 0.603516 0.121094 0.082031
1 0.654297 0.570312 0.128906 0.070312
1 0.761719 0.527344 0.117188 0.093750
0 0.310547 0.541016 0.082031 0.089844
1 0.214844 0.580078 0.117188 0.121094
1 0.371094 0.640625 0.179688 0.101562
1 0.511719 0.660156 0.085938 0.070312
0 0.447266 0.736328 0.121094 0.066406
1 0.515625 0.837891 0.078125 0.113281
0 0.466797 0.937500 0.097656 0.085938
1 0.234375 0.226562 0.179688 0.273438
1 0.390625 0.230469 0.125000 0.203125
1 0.738281 0.292969 0.125000 0.078125
1 0.121094 0.291016 0.218750 0.277344
1 0.236328 0.337891 0.105469 0.128906
