0 0.431641 0.386719 0.089844 0.250000
0 0.392578 0.486328 0.167969 0.332031
0 0.285156 0.503906 0.085938 0.281250
0 0.220703 0.521484 0.089844 0.191406
0 0.640625 0.544922 0.312500 0.269531
0 0.654297 0.363281 0.222656 0.117188
0 0.703125 0.396484 0.179688 0.097656
0 0.419922 0.683594 0.152344 0.109375
0 0.552734 0.708984 0.136719 0.105469
0 0.724609 0.611328 0.238281 0.183594
0 0.814453 0.476562 0.050781 0.148438
0 0.535156 0.359375 0.148438 0.218750
0 0.697266 0.722656 0.167969 0.093750
0 0.443359 0.363281 0.222656 0.203125
0 0.367188 0.623047 0.210938 0.121094
