0 0.503906 0.558594 0.078125 0.289062
0 0.591797 0.585938 0.089844 0.234375
0 0.660156 0.582031 0.109375 0.164062
0 0.767578 0.453125 0.074219 0.125000
0 0.482422 0.281250 0.113281 0.046875
0 0.408203 0.359375 0.097656 0.093750
0 0.339844 0.378906 0.062500 0.070312
0 0.597656 0.324219 0.062500 0.062500
0 0.710938 0.466797 0.046875 0.074219
0 0.830078 0.460938 0.097656 0.109375
0 0.691406 0.328125 0.125000 0.062500
1 0.900391 0.351562 0.183594 0.101562
1 0.361328 0.582031 0.199219 0.242188
1 0.736328 0.128906 0.519531 0.250000
1 0.248047 0.128906 0.464844 0.242188
1 0.125000 0.507812 0.242188 0.515625
1 0.630859 0.851562 0.738281 0.289062
1 0.861328 0.658203 0.277344 0.269531
1 0.941406 0.482422 0.117188 0.160156
1 0.181641 0.882812 0.347656 0.234375
