0 0.466797 0.625000 0.542969 0.156250
0 0.490234 0.691406 0.339844 0.125000
0 0.427734 0.537109 0.160156 0.066406
0 0.591797 0.433594 0.050781 0.117188
0 0.640625 0.453125 0.046875 0.093750
0 0.669922 0.494141 0.050781 0.105469
0 0.638672 0.527344 0.058594 0.031250
0 0.718750 0.523438 0.046875 0.046875
0 0.728516 0.634766 0.152344 0.175781
0 0.457031 0.437500 0.078125 0.093750
0 0.554688 0.468750 0.109375 0.171875
0 0.500000 0.312500 0.109375 0.062500
0 0.230469 0.312500 0.054688 0.031250
0 0.179688 0.341797 0.085938 0.074219
0 0.636719 0.349609 0.109375 0.042969
0 0.687500 0.380859 0.046875 0.050781
0 0.589844 0.332031 0.085938 0.039062
1 0.904297 0.675781 0.191406 0.320312
1 0.652344 0.812500 0.335938 0.117188
1 0.763672 0.804688 0.199219 0.156250
1 0.853516 0.437500 0.222656 0.210938
1 0.400391 0.791016 0.167969 0.082031
1 0.232422 0.740234 0.175781 0.082031
