0 0.544922 0.464844 0.183594 0.273438
0 0.669922 0.425781 0.066406 0.156250
0 0.429688 0.500000 0.054688 0.218750
0 0.515625 0.572266 0.125000 0.121094
0 0.544922 0.341797 0.105469 0.082031
0 0.466797 0.371094 0.089844 0.054688
0 0.382812 0.531250 0.031250 0.109375
0 0.412109 0.478516 0.066406 0.121094
0 0.623047 0.460938 0.105469 0.156250
1 0.220703 0.625000 0.261719 0.414062
1 0.500000 0.833984 0.343750 0.332031
0 0.636719 0.539062 0.054688 0.070312
0 0.708984 0.376953 0.066406 0.089844
1 0.269531 0.365234 0.156250 0.386719
1 0.800781 0.792969 0.289062 0.414062
0 0.753906 0.388672 0.054688 0.058594
1 0.494141 0.171875 0.292969 0.226562
1 0.675781 0.697266 0.148438 0.160156
