0 0.576172 0.609375 0.175781 0.140625
0 0.734375 0.621094 0.140625 0.117188
0 0.449219 0.625000 0.062500 0.078125
0 0.750000 0.638672 0.171875 0.066406
0 0.453125 0.544922 0.046875 0.035156
1 0.218750 0.525391 0.093750 0.050781
0 0.417969 0.533203 0.039062 0.035156
0 0.734375 0.671875 0.109375 0.062500
1 0.312500 0.763672 0.140625 0.207031
1 0.921875 0.625000 0.125000 0.125000
1 0.341797 0.605469 0.121094 0.109375
1 0.328125 0.527344 0.125000 0.078125
0 0.812500 0.578125 0.046875 0.031250
1 0.593750 0.718750 0.156250 0.078125
1 0.835938 0.716797 0.078125 0.066406
1 0.742188 0.732422 0.109375 0.058594
1 0.373047 0.898438 0.136719 0.093750
1 0.484375 0.919922 0.078125 0.089844
1 0.787109 0.529297 0.121094 0.050781
