0 0.531250 0.500000 0.195312 0.156250
0 0.685547 0.498047 0.097656 0.199219
0 0.798828 0.408203 0.121094 0.050781
0 0.765625 0.513672 0.062500 0.144531
0 0.835938 0.509766 0.156250 0.097656
0 0.568359 0.445312 0.128906 0.070312
0 0.378906 0.509766 0.117188 0.089844
0 0.951172 0.531250 0.089844 0.054688
0 0.285156 0.517578 0.085938 0.050781
1 0.179688 0.523438 0.117188 0.101562
1 0.343750 0.632812 0.195312 0.156250
1 0.535156 0.646484 0.195312 0.128906
1 0.748047 0.656250 0.214844 0.117188
1 0.908203 0.625000 0.183594 0.117188
1 0.931641 0.412109 0.128906 0.105469
1 0.345703 0.419922 0.175781 0.082031
1 0.537109 0.373047 0.199219 0.058594
1 0.748047 0.345703 0.214844 0.066406
1 0.169922 0.429688 0.199219 0.078125
1 0.080078 0.533203 0.113281 0.113281
1 0.181641 0.626953 0.144531 0.089844
