0 0.498047 0.806641 0.121094 0.199219
0 0.406250 0.947266 0.250000 0.097656
0 0.398438 0.835938 0.070312 0.125000
0 0.546875 0.654297 0.093750 0.089844
0 0.593750 0.578125 0.062500 0.062500
0 0.621094 0.498047 0.039062 0.066406
0 0.375000 0.607422 0.078125 0.050781
0 0.419922 0.556641 0.050781 0.042969
0 0.480469 0.496094 0.039062 0.046875
0 0.324219 0.671875 0.039062 0.140625
0 0.492188 0.683594 0.039062 0.039062
1 0.697266 0.187500 0.285156 0.250000
1 0.843750 0.576172 0.296875 0.816406
1 0.662109 0.802734 0.128906 0.378906
1 0.359375 0.304688 0.375000 0.203125
1 0.111328 0.574219 0.214844 0.609375
1 0.250000 0.703125 0.046875 0.593750
1 0.121094 0.937500 0.234375 0.125000
1 0.451172 0.109375 0.207031 0.203125
1 0.904297 0.089844 0.191406 0.171875
1 0.179688 0.136719 0.351562 0.265625
0 0.449219 0.531250 0.062500 0.078125
1 0.595703 0.857422 0.058594 0.285156
