0 0.398438 0.304688 0.195312 0.140625
0 0.470703 0.496094 0.121094 0.289062
0 0.386719 0.542969 0.085938 0.203125
0 0.562500 0.541016 0.140625 0.214844
0 0.441406 0.580078 0.273438 0.144531
0 0.445312 0.685547 0.117188 0.105469
0 0.552734 0.667969 0.121094 0.085938
0 0.525391 0.369141 0.082031 0.128906
1 0.472656 0.876953 0.460938 0.246094
0 0.636719 0.570312 0.062500 0.109375
1 0.769531 0.628906 0.187500 0.250000
1 0.683594 0.746094 0.132812 0.171875
1 0.599609 0.800781 0.160156 0.164062
1 0.158203 0.679688 0.277344 0.359375
1 0.150391 0.259766 0.277344 0.472656
