0 0.074219 0.761719 0.140625 0.031250
0 0.171875 0.734375 0.062500 0.031250
0 0.248047 0.732422 0.066406 0.035156
0 0.312500 0.718750 0.046875 0.046875
0 0.369141 0.714844 0.058594 0.039062
0 0.460938 0.687500 0.140625 0.031250
0 0.494141 0.683594 0.183594 0.062500
0 0.617188 0.671875 0.046875 0.046875
0 0.654297 0.656250 0.027344 0.031250
0 0.687500 0.666016 0.031250 0.019531
0 0.746094 0.654297 0.062500 0.011719
0 0.791016 0.654297 0.027344 0.027344
0 0.812500 0.648438 0.031250 0.031250
0 0.843750 0.638672 0.031250 0.027344
0 0.902344 0.640625 0.054688 0.031250
0 0.951172 0.632812 0.066406 0.046875
0 0.732422 0.732422 0.089844 0.050781
0 0.779297 0.732422 0.058594 0.035156
0 0.921875 0.703125 0.093750 0.062500
0 0.527344 0.765625 0.187500 0.062500
0 0.746094 0.544922 0.039062 0.027344
0 0.796875 0.546875 0.062500 0.031250
0 0.671875 0.498047 0.062500 0.019531
0 0.742188 0.500000 0.062500 0.015625
0 0.203125 0.587891 0.046875 0.027344
0 0.136719 0.593750 0.046875 0.015625
0 0.046875 0.595703 0.078125 0.035156
0 0.375000 0.648438 0.031250 0.023438
0 0.703125 0.546875 0.031250 0.015625
0 0.789062 0.583984 0.039062 0.019531
0 0.625000 0.453125 0.187500 0.062500
0 0.500000 0.451172 0.093750 0.035156
0 0.513672 0.609375 0.066406 0.062500
1 0.441406 0.531250 0.375000 0.093750
0 0.855469 0.539062 0.054688 0.031250
0 0.171875 0.761719 0.070312 0.031250
0 0.103516 0.736328 0.066406 0.035156
