0 0.492188 0.513672 0.250000 0.636719
0 0.689453 0.578125 0.152344 0.609375
0 0.322266 0.564453 0.097656 0.503906
0 0.843750 0.578125 0.171875 0.468750
0 0.947266 0.599609 0.105469 0.402344
0 0.783203 0.906250 0.433594 0.187500
0 0.392578 0.169922 0.152344 0.066406
0 0.386719 0.259766 0.226562 0.121094
0 0.312500 0.566406 0.171875 0.281250
0 0.501953 0.902344 0.183594 0.195312
0 0.658203 0.265625 0.136719 0.125000
0 0.785156 0.335938 0.140625 0.164062
1 0.123047 0.732422 0.214844 0.464844
1 0.322266 0.919922 0.167969 0.160156
1 0.347656 0.072266 0.218750 0.121094
1 0.529297 0.130859 0.113281 0.113281
1 0.119141 0.468750 0.199219 0.257812
