0 0.689453 0.501953 0.160156 0.136719
0 0.546875 0.515625 0.125000 0.125000
0 0.464844 0.523438 0.054688 0.093750
0 0.437500 0.421875 0.117188 0.093750
0 0.343750 0.437500 0.062500 0.062500
1 0.119141 0.265625 0.214844 0.343750
1 0.279297 0.337891 0.191406 0.128906
1 0.197266 0.574219 0.246094 0.351562
1 0.130859 0.734375 0.253906 0.484375
0 0.437500 0.541016 0.062500 0.050781
1 0.492188 0.804688 0.406250 0.367188
1 0.753906 0.953125 0.226562 0.093750
0 0.328125 0.560547 0.078125 0.167969
1 0.419922 0.326172 0.152344 0.089844
1 0.562500 0.644531 0.242188 0.125000
