0 0.587891 0.480469 0.175781 0.226562
0 0.734375 0.468750 0.125000 0.062500
0 0.857422 0.406250 0.097656 0.125000
0 0.953125 0.398438 0.078125 0.070312
0 0.855469 0.339844 0.054688 0.023438
0 0.730469 0.419922 0.179688 0.121094
0 0.828125 0.498047 0.046875 0.019531
0 0.714844 0.535156 0.085938 0.078125
0 0.544922 0.617188 0.097656 0.039062
0 0.431641 0.541016 0.136719 0.269531
0 0.296875 0.587891 0.125000 0.261719
0 0.179688 0.605469 0.109375 0.226562
0 0.072266 0.640625 0.136719 0.265625
0 0.185547 0.734375 0.082031 0.031250
0 0.265625 0.705078 0.125000 0.066406
0 0.406250 0.687500 0.062500 0.031250
0 0.531250 0.650391 0.062500 0.019531
0 0.929688 0.322266 0.140625 0.074219
0 0.328125 0.492188 0.109375 0.140625
0 0.216797 0.513672 0.113281 0.089844
1 0.878906 0.679688 0.234375 0.296875
1 0.703125 0.751953 0.187500 0.277344
1 0.312500 0.861328 0.593750 0.144531
1 0.910156 0.253906 0.179688 0.046875
