0 0.798828 0.937500 0.160156 0.093750
0 0.619141 0.955078 0.246094 0.089844
0 0.546875 0.496094 0.164062 0.078125
0 0.304688 0.089844 0.156250 0.054688
0 0.363281 0.166016 0.093750 0.058594
0 0.466797 0.316406 0.113281 0.039062
0 0.486328 0.394531 0.105469 0.070312
1 0.886719 0.371094 0.140625 0.273438
1 0.919922 0.623047 0.160156 0.214844
1 0.804688 0.462891 0.164062 0.144531
1 0.683594 0.759766 0.195312 0.214844
1 0.667969 0.207031 0.117188 0.210938
1 0.894531 0.072266 0.203125 0.136719
1 0.951172 0.154297 0.097656 0.082031
1 0.386719 0.246094 0.250000 0.085938
1 0.556641 0.175781 0.214844 0.187500
1 0.433594 0.091797 0.085938 0.113281
1 0.835938 0.804688 0.148438 0.148438
1 0.234375 0.158203 0.148438 0.089844
1 0.166016 0.083984 0.113281 0.160156
1 0.308594 0.023438 0.164062 0.039062
