0 0.437500 0.234375 0.218750 0.093750
0 0.593750 0.234375 0.093750 0.078125
0 0.656250 0.246094 0.031250 0.054688
0 0.544922 0.250000 0.066406 0.093750
0 0.484375 0.074219 0.218750 0.039062
0 0.341797 0.234375 0.113281 0.046875
0 0.654297 0.437500 0.113281 0.062500
0 0.650391 0.437500 0.214844 0.078125
0 0.312500 0.373047 0.078125 0.035156
0 0.375000 0.460938 0.156250 0.078125
0 0.621094 0.558594 0.171875 0.093750
0 0.468750 0.578125 0.125000 0.062500
1 0.248047 0.531250 0.097656 0.125000
0 0.625000 0.281250 0.078125 0.093750
0 0.466797 0.031250 0.207031 0.031250
0 0.617188 0.652344 0.085938 0.046875
0 0.443359 0.396484 0.191406 0.035156
