0 0.449219 0.462891 0.484375 0.230469
0 0.343750 0.644531 0.125000 0.148438
0 0.529297 0.650391 0.253906 0.144531
0 0.734375 0.515625 0.093750 0.250000
0 0.814453 0.501953 0.066406 0.136719
0 0.619141 0.591797 0.144531 0.113281
0 0.121094 0.445312 0.179688 0.140625
0 0.246094 0.638672 0.070312 0.128906
0 0.593750 0.326172 0.218750 0.097656
0 0.369141 0.357422 0.230469 0.121094
1 0.662109 0.171875 0.207031 0.203125
1 0.478516 0.234375 0.152344 0.085938
1 0.328125 0.259766 0.164062 0.066406
1 0.908203 0.591797 0.105469 0.175781
1 0.775391 0.708984 0.230469 0.113281
1 0.136719 0.619141 0.132812 0.199219
1 0.386719 0.818359 0.351562 0.183594
1 0.105469 0.328125 0.164062 0.085938
1 0.781250 0.333984 0.164062 0.113281
1 0.902344 0.453125 0.101562 0.117188
1 0.835938 0.386719 0.101562 0.070312
1 0.199219 0.289062 0.109375 0.117188
