0 0.271484 0.503906 0.238281 0.171875
0 0.496094 0.412109 0.210938 0.167969
0 0.580078 0.339844 0.238281 0.125000
0 0.363281 0.406250 0.109375 0.085938
0 0.453125 0.341797 0.062500 0.082031
0 0.285156 0.414062 0.109375 0.070312
0 0.203125 0.605469 0.093750 0.054688
0 0.443359 0.521484 0.128906 0.066406
0 0.656250 0.417969 0.125000 0.085938
0 0.937500 0.332031 0.125000 0.085938
0 0.966797 0.277344 0.066406 0.046875
0 0.820312 0.357422 0.148438 0.082031
0 0.746094 0.394531 0.093750 0.078125
0 0.707031 0.289062 0.078125 0.093750
0 0.773438 0.255859 0.046875 0.097656
1 0.105469 0.531250 0.093750 0.203125
1 0.230469 0.335938 0.148438 0.078125
1 0.904297 0.554688 0.191406 0.289062
1 0.710938 0.628906 0.210938 0.320312
1 0.503906 0.703125 0.218750 0.281250
1 0.320312 0.660156 0.125000 0.132812
1 0.216797 0.673828 0.082031 0.082031
0 0.835938 0.232422 0.062500 0.066406
