0 0.349609 0.685547 0.152344 0.066406
0 0.521484 0.697266 0.183594 0.058594
0 0.472656 0.619141 0.117188 0.042969
0 0.552734 0.599609 0.089844 0.050781
0 0.671875 0.474609 0.179688 0.074219
0 0.888672 0.529297 0.128906 0.074219
0 0.375000 0.292969 0.085938 0.054688
1 0.306641 0.527344 0.214844 0.234375
0 0.335938 0.730469 0.093750 0.070312
1 0.748047 0.576172 0.144531 0.128906
1 0.103516 0.589844 0.199219 0.226562
1 0.509766 0.820312 0.238281 0.179688
0 0.898438 0.125000 0.132812 0.132812
0 0.953125 0.175781 0.093750 0.140625
0 0.908203 0.191406 0.082031 0.070312
0 0.560547 0.105469 0.128906 0.085938
1 0.726562 0.103516 0.203125 0.199219
