0 0.140625 0.884766 0.109375 0.066406
0 0.193359 0.833984 0.082031 0.074219
0 0.070312 0.953125 0.109375 0.093750
0 0.126953 0.923828 0.097656 0.058594
0 0.091797 0.896484 0.097656 0.058594
1 0.382812 0.726562 0.218750 0.242188
1 0.197266 0.720703 0.207031 0.144531
1 0.080078 0.763672 0.136719 0.144531
1 0.330078 0.878906 0.175781 0.156250
1 0.285156 0.941406 0.164062 0.117188
1 0.191406 0.982422 0.117188 0.035156
1 0.539062 0.666016 0.187500 0.183594
1 0.111328 0.484375 0.183594 0.085938
1 0.835938 0.248047 0.140625 0.074219
1 0.277344 0.445312 0.171875 0.093750
1 0.935547 0.214844 0.113281 0.078125
