0 0.150391 0.142578 0.277344 0.277344
0 0.314453 0.255859 0.183594 0.355469
0 0.419922 0.351562 0.167969 0.390625
0 0.527344 0.443359 0.164062 0.425781
0 0.722656 0.621094 0.343750 0.320312
0 0.916016 0.615234 0.160156 0.324219
0 0.613281 0.429688 0.226562 0.171875
0 0.416016 0.580078 0.113281 0.144531
0 0.525391 0.677734 0.144531 0.167969
0 0.748047 0.839844 0.214844 0.101562
0 0.929688 0.888672 0.125000 0.222656
1 0.113281 0.626953 0.210938 0.675781
1 0.306641 0.718750 0.167969 0.562500
1 0.480469 0.884766 0.164062 0.222656
1 0.607422 0.953125 0.082031 0.093750
0 0.818359 0.943359 0.332031 0.113281
