0 0.261719 0.306641 0.343750 0.292969
0 0.437500 0.576172 0.453125 0.246094
0 0.748047 0.623047 0.238281 0.285156
0 0.421875 0.765625 0.281250 0.140625
0 0.826172 0.453125 0.121094 0.125000
0 0.453125 0.373047 0.140625 0.160156
0 0.384766 0.125000 0.199219 0.062500
0 0.513672 0.906250 0.277344 0.156250
0 0.060547 0.296875 0.066406 0.156250
0 0.246094 0.154297 0.171875 0.066406
0 0.171875 0.484375 0.109375 0.078125
1 0.759766 0.875000 0.199219 0.203125
0 0.390625 0.171875 0.156250 0.218750
0 0.890625 0.478516 0.078125 0.121094
0 0.275391 0.712891 0.113281 0.089844
0 0.845703 0.365234 0.089844 0.121094
0 0.125000 0.400391 0.148438 0.074219
0 0.238281 0.544922 0.156250 0.089844
0 0.378906 0.849609 0.125000 0.113281
