0 0.357422 0.654297 0.253906 0.222656
0 0.546875 0.656250 0.156250 0.203125
0 0.685547 0.687500 0.082031 0.093750
0 0.781250 0.697266 0.125000 0.058594
0 0.046875 0.591797 0.085938 0.121094
0 0.841797 0.544922 0.066406 0.066406
0 0.199219 0.623047 0.203125 0.160156
0 0.390625 0.531250 0.109375 0.070312
0 0.951172 0.585938 0.097656 0.101562
0 0.234375 0.720703 0.109375 0.066406
0 0.341797 0.765625 0.136719 0.062500
1 0.173828 0.482422 0.339844 0.097656
1 0.900391 0.681641 0.113281 0.082031
1 0.796875 0.621094 0.140625 0.070312
1 0.687500 0.578125 0.109375 0.093750
1 0.746094 0.509766 0.101562 0.136719
1 0.093750 0.777344 0.179688 0.132812
