0 0.423828 0.361328 0.082031 0.167969
0 0.667969 0.310547 0.187500 0.089844
0 0.521484 0.341797 0.097656 0.191406
0 0.339844 0.345703 0.093750 0.089844
0 0.248047 0.369141 0.082031 0.066406
0 0.554688 0.244141 0.101562 0.074219
0 0.626953 0.203125 0.042969 0.031250
0 0.699219 0.191406 0.093750 0.046875
0 0.605469 0.392578 0.070312 0.074219
0 0.673828 0.359375 0.121094 0.078125
0 0.744141 0.320312 0.105469 0.070312
0 0.488281 0.462891 0.062500 0.089844
0 0.416016 0.662109 0.113281 0.160156
0 0.460938 0.595703 0.078125 0.058594
0 0.343750 0.636719 0.093750 0.062500
0 0.351562 0.705078 0.109375 0.082031
0 0.441406 0.792969 0.093750 0.078125
0 0.380859 0.433594 0.074219 0.078125
0 0.111328 0.041016 0.214844 0.074219
0 0.046875 0.125000 0.085938 0.148438
1 0.269531 0.476562 0.148438 0.140625
1 0.591797 0.501953 0.128906 0.113281
0 0.457031 0.037109 0.101562 0.066406
0 0.369141 0.058594 0.121094 0.054688
1 0.261719 0.173828 0.078125 0.246094
1 0.406250 0.166016 0.195312 0.136719
1 0.517578 0.130859 0.167969 0.121094
1 0.585938 0.087891 0.132812 0.167969
1 0.191406 0.210938 0.187500 0.242188
1 0.197266 0.794922 0.183594 0.214844
1 0.308594 0.818359 0.156250 0.128906
1 0.101562 0.845703 0.195312 0.222656
1 0.589844 0.664062 0.171875 0.203125
1 0.544922 0.697266 0.136719 0.128906
1 0.714844 0.830078 0.226562 0.160156
0 0.466797 0.482422 0.089844 0.050781
1 0.888672 0.810547 0.222656 0.167969
1 0.847656 0.425781 0.203125 0.109375
1 0.716797 0.464844 0.136719 0.109375
1 0.828125 0.642578 0.343750 0.277344
1 0.333984 0.246094 0.089844 0.093750
0 0.947266 0.146484 0.074219 0.128906
0 0.970703 0.097656 0.058594 0.093750
1 0.904297 0.300781 0.191406 0.148438
1 0.830078 0.130859 0.136719 0.246094
1 0.724609 0.080078 0.136719 0.152344
