0 0.533203 0.310547 0.347656 0.121094
0 0.687500 0.640625 0.109375 0.546875
0 0.792969 0.705078 0.085938 0.371094
0 0.830078 0.685547 0.152344 0.238281
0 0.531250 0.656250 0.187500 0.562500
0 0.322266 0.500000 0.222656 0.109375
0 0.205078 0.572266 0.121094 0.136719
0 0.078125 0.626953 0.148438 0.128906
0 0.384766 0.845703 0.152344 0.207031
0 0.593750 0.214844 0.125000 0.085938
0 0.529297 0.123047 0.066406 0.066406
0 0.681641 0.230469 0.050781 0.046875
0 0.400391 0.648438 0.089844 0.203125
0 0.658203 0.847656 0.160156 0.187500
0 0.398438 0.408203 0.101562 0.066406
0 0.390625 0.160156 0.093750 0.062500
0 0.716797 0.310547 0.074219 0.128906
0 0.580078 0.156250 0.066406 0.078125
0 0.501953 0.095703 0.089844 0.058594
1 0.078125 0.197266 0.093750 0.105469
0 0.125000 0.560547 0.132812 0.097656
0 0.517578 0.947266 0.292969 0.097656
0 0.716797 0.929688 0.097656 0.117188
0 0.841797 0.781250 0.121094 0.140625
1 0.951172 0.886719 0.097656 0.203125
1 0.953125 0.580078 0.093750 0.417969
1 0.873047 0.322266 0.222656 0.191406
0 0.767578 0.492188 0.105469 0.117188
1 0.892578 0.453125 0.121094 0.140625
1 0.279297 0.181641 0.121094 0.097656
0 0.671875 0.205078 0.062500 0.058594
1 0.490234 0.201172 0.097656 0.082031
1 0.203125 0.347656 0.281250 0.179688
1 0.080078 0.378906 0.144531 0.250000
1 0.142578 0.781250 0.277344 0.156250
0 0.298828 0.515625 0.066406 0.125000
1 0.150391 0.892578 0.261719 0.214844
1 0.181641 0.068359 0.347656 0.128906
1 0.171875 0.189453 0.093750 0.136719
