0 0.171875 0.072266 0.078125 0.128906
0 0.308594 0.199219 0.062500 0.164062
0 0.445312 0.255859 0.101562 0.136719
0 0.335938 0.296875 0.109375 0.046875
0 0.447266 0.353516 0.230469 0.042969
0 0.398438 0.431641 0.070312 0.113281
0 0.464844 0.527344 0.148438 0.093750
0 0.609375 0.562500 0.125000 0.093750
0 0.480469 0.593750 0.125000 0.109375
0 0.607422 0.748047 0.121094 0.269531
0 0.500000 0.666016 0.093750 0.105469
0 0.714844 0.779297 0.078125 0.292969
0 0.623047 0.921875 0.113281 0.078125
0 0.369141 0.220703 0.082031 0.160156
0 0.705078 0.955078 0.238281 0.089844
1 0.912109 0.779297 0.167969 0.441406
1 0.664062 0.445312 0.242188 0.125000
1 0.806641 0.568359 0.253906 0.113281
1 0.816406 0.767578 0.109375 0.277344
1 0.634766 0.333984 0.128906 0.097656
1 0.541016 0.255859 0.074219 0.097656
0 0.228516 0.199219 0.082031 0.125000
