0 0.423828 0.369141 0.167969 0.144531
0 0.593750 0.494141 0.125000 0.121094
0 0.498047 0.468750 0.128906 0.062500
0 0.562500 0.343750 0.109375 0.062500
0 0.699219 0.343750 0.164062 0.062500
1 0.167969 0.328125 0.328125 0.234375
1 0.875000 0.279297 0.203125 0.113281
1 0.216797 0.718750 0.410156 0.546875
0 0.736328 0.390625 0.058594 0.093750
1 0.720703 0.515625 0.121094 0.125000
1 0.890625 0.666016 0.218750 0.652344
0 0.542969 0.527344 0.117188 0.070312
1 0.607422 0.777344 0.402344 0.375000
1 0.591797 0.142578 0.433594 0.277344
1 0.212891 0.144531 0.410156 0.281250
