0 0.058594 0.564453 0.109375 0.113281
0 0.431641 0.376953 0.105469 0.074219
0 0.341797 0.386719 0.050781 0.031250
0 0.279297 0.435547 0.097656 0.058594
0 0.421875 0.468750 0.078125 0.046875
0 0.667969 0.435547 0.039062 0.019531
0 0.888672 0.484375 0.066406 0.031250
0 0.830078 0.419922 0.082031 0.035156
0 0.281250 0.515625 0.046875 0.031250
0 0.232422 0.388672 0.027344 0.027344
0 0.281250 0.298828 0.187500 0.089844
0 0.513672 0.308594 0.183594 0.085938
0 0.765625 0.294922 0.296875 0.058594
0 0.406250 0.328125 0.062500 0.062500
0 0.554688 0.431641 0.109375 0.058594
1 0.656250 0.560547 0.375000 0.175781
1 0.917969 0.595703 0.164062 0.175781
1 0.390625 0.578125 0.156250 0.171875
1 0.185547 0.576172 0.128906 0.183594
1 0.304688 0.607422 0.125000 0.128906
