0 0.427734 0.425781 0.128906 0.093750
0 0.572266 0.369141 0.144531 0.121094
0 0.648438 0.203125 0.093750 0.062500
0 0.494141 0.236328 0.222656 0.128906
0 0.341797 0.732422 0.144531 0.066406
0 0.912109 0.531250 0.175781 0.156250
0 0.390625 0.183594 0.109375 0.125000
0 0.406250 0.304688 0.171875 0.132812
0 0.658203 0.359375 0.121094 0.156250
0 0.515625 0.451172 0.140625 0.121094
0 0.689453 0.458984 0.105469 0.097656
0 0.652344 0.173828 0.085938 0.050781
0 0.707031 0.207031 0.078125 0.070312
0 0.476562 0.191406 0.109375 0.085938
0 0.437500 0.689453 0.109375 0.066406
1 0.242188 0.388672 0.156250 0.152344
1 0.125000 0.439453 0.132812 0.199219
1 0.207031 0.742188 0.117188 0.109375
0 0.964844 0.933594 0.062500 0.132812
1 0.408203 0.607422 0.160156 0.089844
