0 0.076172 0.359375 0.121094 0.046875
0 0.216797 0.400391 0.136719 0.074219
0 0.337891 0.460938 0.082031 0.085938
0 0.433594 0.511719 0.078125 0.070312
0 0.109375 0.394531 0.078125 0.062500
0 0.244141 0.427734 0.105469 0.074219
0 0.396484 0.486328 0.074219 0.089844
0 0.478516 0.529297 0.082031 0.074219
1 0.298828 0.791016 0.589844 0.417969
1 0.144531 0.552734 0.281250 0.167969
1 0.781250 0.738281 0.437500 0.523438
1 0.667969 0.521484 0.273438 0.324219
1 0.326172 0.568359 0.074219 0.105469
1 0.037109 0.472656 0.066406 0.156250
1 0.312500 0.308594 0.312500 0.101562
1 0.083984 0.304688 0.160156 0.046875
0 0.402344 0.166016 0.085938 0.050781
1 0.701172 0.277344 0.152344 0.140625
