0 0.416016 0.546875 0.175781 0.203125
0 0.560547 0.492188 0.183594 0.218750
0 0.347656 0.611328 0.093750 0.167969
0 0.955078 0.572266 0.089844 0.074219
0 0.835938 0.634766 0.070312 0.082031
0 0.500000 0.281250 0.062500 0.046875
0 0.542969 0.029297 0.109375 0.050781
1 0.408203 0.373047 0.121094 0.144531
1 0.285156 0.314453 0.132812 0.269531
1 0.216797 0.566406 0.160156 0.304688
1 0.402344 0.824219 0.187500 0.226562
0 0.451172 0.626953 0.089844 0.082031
1 0.720703 0.431641 0.128906 0.183594
1 0.593750 0.310547 0.125000 0.136719
1 0.935547 0.673828 0.128906 0.128906
1 0.845703 0.533203 0.105469 0.097656
