0 0.369141 0.341797 0.175781 0.089844
0 0.675781 0.275391 0.085938 0.105469
0 0.787109 0.269531 0.175781 0.101562
0 0.589844 0.294922 0.101562 0.089844
0 0.234375 0.654297 0.234375 0.191406
0 0.419922 0.740234 0.144531 0.308594
0 0.546875 0.738281 0.187500 0.289062
0 0.263672 0.806641 0.191406 0.136719
0 0.140625 0.660156 0.132812 0.164062
0 0.792969 0.648438 0.164062 0.148438
0 0.949219 0.541016 0.101562 0.097656
0 0.251953 0.361328 0.089844 0.082031
0 0.683594 0.667969 0.117188 0.164062
0 0.667969 0.814453 0.101562 0.074219
0 0.798828 0.552734 0.167969 0.105469
0 0.685547 0.580078 0.105469 0.128906
0 0.640625 0.259766 0.101562 0.066406
0 0.632812 0.771484 0.101562 0.097656
0 0.957031 0.595703 0.085938 0.074219
0 0.498047 0.339844 0.105469 0.078125
0 0.226562 0.572266 0.125000 0.066406
1 0.835938 0.771484 0.187500 0.097656
1 0.943359 0.775391 0.113281 0.183594
1 0.941406 0.255859 0.117188 0.175781
1 0.507812 0.546875 0.250000 0.062500
1 0.464844 0.238281 0.140625 0.109375
1 0.625000 0.181641 0.164062 0.074219
1 0.355469 0.259766 0.109375 0.074219
1 0.787109 0.169922 0.199219 0.105469
