0 0.501953 0.607422 0.089844 0.058594
0 0.587891 0.693359 0.066406 0.097656
0 0.525391 0.714844 0.050781 0.070312
0 0.576172 0.595703 0.058594 0.089844
0 0.613281 0.546875 0.078125 0.031250
0 0.658203 0.527344 0.066406 0.039062
0 0.707031 0.494141 0.085938 0.066406
0 0.769531 0.476562 0.078125 0.078125
0 0.853516 0.392578 0.066406 0.035156
0 0.355469 0.962891 0.218750 0.074219
0 0.476562 0.626953 0.117188 0.058594
1 0.673828 0.611328 0.136719 0.066406
1 0.357422 0.703125 0.128906 0.109375
1 0.443359 0.726562 0.105469 0.117188
1 0.568359 0.796875 0.136719 0.085938
1 0.673828 0.718750 0.089844 0.093750
1 0.869141 0.339844 0.074219 0.054688
1 0.435547 0.494141 0.089844 0.089844
1 0.744141 0.556641 0.097656 0.058594
1 0.683594 0.650391 0.117188 0.050781
1 0.400391 0.863281 0.214844 0.125000
