0 0.482422 0.294922 0.136719 0.121094
0 0.486328 0.234375 0.074219 0.093750
0 0.480469 0.347656 0.125000 0.093750
0 0.562500 0.421875 0.031250 0.125000
0 0.498047 0.498047 0.097656 0.191406
0 0.566406 0.503906 0.031250 0.031250
0 0.541016 0.300781 0.074219 0.109375
0 0.562500 0.423828 0.078125 0.128906
0 0.529297 0.517578 0.089844 0.074219
0 0.490234 0.521484 0.066406 0.191406
0 0.445312 0.025391 0.062500 0.042969
1 0.320312 0.494141 0.171875 0.574219
1 0.595703 0.773438 0.425781 0.304688
1 0.791016 0.535156 0.363281 0.617188
1 0.685547 0.703125 0.269531 0.289062
1 0.699219 0.093750 0.421875 0.171875
1 0.292969 0.117188 0.218750 0.226562
1 0.458984 0.117188 0.128906 0.109375
1 0.283203 0.833984 0.347656 0.332031
