0 0.830078 0.445312 0.097656 0.125000
0 0.730469 0.517578 0.101562 0.082031
0 0.648438 0.492188 0.093750 0.140625
0 0.810547 0.535156 0.058594 0.046875
0 0.548828 0.544922 0.082031 0.191406
0 0.500000 0.707031 0.226562 0.281250
0 0.375000 0.712891 0.148438 0.269531
0 0.640625 0.705078 0.085938 0.285156
0 0.289062 0.705078 0.070312 0.222656
0 0.683594 0.689453 0.070312 0.167969
0 0.455078 0.904297 0.394531 0.191406
0 0.291016 0.949219 0.160156 0.101562
0 0.175781 0.976562 0.125000 0.046875
0 0.710938 0.576172 0.062500 0.074219
1 0.869141 0.779297 0.246094 0.441406
1 0.748047 0.886719 0.121094 0.226562
1 0.941406 0.476562 0.117188 0.226562
1 0.906250 0.597656 0.132812 0.171875
1 0.128906 0.714844 0.250000 0.367188
1 0.048828 0.953125 0.089844 0.093750
