0 0.375000 0.636719 0.242188 0.218750
0 0.541016 0.685547 0.097656 0.246094
0 0.634766 0.701172 0.082031 0.207031
0 0.714844 0.697266 0.078125 0.121094
0 0.238281 0.679688 0.070312 0.132812
0 0.734375 0.693359 0.078125 0.082031
0 0.019531 0.390625 0.031250 0.078125
0 0.076172 0.404297 0.066406 0.042969
0 0.457031 0.742188 0.117188 0.109375
1 0.550781 0.908203 0.515625 0.183594
1 0.837891 0.751953 0.121094 0.214844
1 0.203125 0.875000 0.382812 0.250000
1 0.128906 0.515625 0.242188 0.164062
1 0.101562 0.671875 0.195312 0.187500
