0 0.406250 0.503906 0.171875 0.265625
0 0.486328 0.580078 0.105469 0.160156
0 0.447266 0.736328 0.136719 0.183594
0 0.283203 0.601562 0.207031 0.148438
0 0.089844 0.673828 0.171875 0.144531
0 0.251953 0.832031 0.089844 0.085938
0 0.548828 0.748047 0.128906 0.191406
0 0.861328 0.199219 0.144531 0.250000
0 0.937500 0.150391 0.117188 0.292969
0 0.654297 0.177734 0.269531 0.167969
0 0.505859 0.304688 0.152344 0.125000
0 0.689453 0.257812 0.207031 0.093750
0 0.583984 0.171875 0.191406 0.125000
0 0.433594 0.408203 0.125000 0.183594
0 0.531250 0.599609 0.148438 0.144531
0 0.312500 0.519531 0.156250 0.101562
0 0.429688 0.767578 0.085938 0.199219
0 0.660156 0.595703 0.078125 0.066406
1 0.808594 0.812500 0.382812 0.359375
1 0.103516 0.867188 0.199219 0.234375
1 0.455078 0.939453 0.488281 0.113281
1 0.847656 0.488281 0.281250 0.289062
1 0.638672 0.460938 0.175781 0.179688
1 0.671875 0.380859 0.171875 0.144531
1 0.279297 0.736328 0.199219 0.105469
1 0.316406 0.199219 0.210938 0.195312
1 0.205078 0.345703 0.199219 0.222656
1 0.382812 0.117188 0.203125 0.226562
1 0.632812 0.050781 0.304688 0.093750
1 0.109375 0.523438 0.140625 0.132812
