0 0.521484 0.437500 0.121094 0.203125
0 0.593750 0.423828 0.078125 0.097656
0 0.699219 0.441406 0.132812 0.078125
0 0.216797 0.429688 0.113281 0.078125
0 0.097656 0.423828 0.101562 0.066406
0 0.666016 0.361328 0.089844 0.082031
0 0.763672 0.347656 0.089844 0.039062
0 0.937500 0.396484 0.070312 0.050781
0 0.216797 0.638672 0.207031 0.105469
0 0.099609 0.281250 0.191406 0.054688
0 0.863281 0.208984 0.242188 0.050781
0 0.371094 0.392578 0.179688 0.222656
0 0.902344 0.798828 0.164062 0.105469
0 0.761719 0.941406 0.140625 0.109375
0 0.648438 0.505859 0.164062 0.097656
0 0.867188 0.449219 0.101562 0.062500
0 0.662109 0.937500 0.105469 0.078125
0 0.876953 0.658203 0.105469 0.167969
0 0.791016 0.568359 0.121094 0.082031
0 0.101562 0.744141 0.117188 0.089844
0 0.076172 0.923828 0.136719 0.066406
1 0.527344 0.724609 0.414062 0.324219
1 0.390625 0.849609 0.445312 0.300781
1 0.144531 0.529297 0.257812 0.113281
1 0.369141 0.544922 0.167969 0.074219
1 0.138672 0.347656 0.261719 0.070312
1 0.238281 0.287109 0.078125 0.105469
1 0.058594 0.644531 0.109375 0.101562
1 0.091797 0.843750 0.175781 0.093750
0 0.855469 0.359375 0.085938 0.039062
