0 0.687500 0.468750 0.234375 0.234375
0 0.800781 0.468750 0.101562 0.179688
0 0.697266 0.390625 0.183594 0.140625
0 0.617188 0.466797 0.140625 0.128906
0 0.341797 0.673828 0.066406 0.136719
0 0.371094 0.650391 0.070312 0.089844
0 0.324219 0.689453 0.078125 0.089844
0 0.474609 0.091797 0.152344 0.097656
0 0.552734 0.136719 0.058594 0.132812
0 0.464844 0.064453 0.062500 0.066406
0 0.478516 0.173828 0.136719 0.105469
1 0.798828 0.156250 0.386719 0.304688
1 0.281250 0.406250 0.523438 0.343750
1 0.519531 0.742188 0.210938 0.328125
1 0.230469 0.876953 0.453125 0.246094
1 0.146484 0.699219 0.253906 0.335938
1 0.203125 0.156250 0.382812 0.304688
1 0.929688 0.429688 0.125000 0.218750
1 0.578125 0.287109 0.070312 0.105469
