0 0.626953 0.531250 0.214844 0.078125
0 0.734375 0.531250 0.093750 0.093750
0 0.765625 0.531250 0.078125 0.078125
0 0.417969 0.183594 0.140625 0.062500
0 0.560547 0.275391 0.074219 0.042969
0 0.625000 0.312500 0.046875 0.109375
0 0.640625 0.324219 0.046875 0.101562
0 0.673828 0.343750 0.050781 0.078125
0 0.564453 0.451172 0.082031 0.058594
0 0.625000 0.437500 0.046875 0.062500
0 0.667969 0.419922 0.031250 0.027344
0 0.716797 0.421875 0.058594 0.031250
0 0.617188 0.669922 0.093750 0.191406
0 0.685547 0.609375 0.082031 0.093750
0 0.732422 0.603516 0.074219 0.050781
0 0.517578 0.687500 0.097656 0.109375
0 0.064453 0.658203 0.121094 0.027344
0 0.423828 0.701172 0.128906 0.082031
0 0.189453 0.761719 0.113281 0.195312
0 0.072266 0.658203 0.121094 0.160156
0 0.312500 0.718750 0.140625 0.093750
0 0.527344 0.203125 0.062500 0.078125
