0 0.269531 0.435547 0.226562 0.089844
0 0.484375 0.439453 0.218750 0.089844
0 0.822266 0.425781 0.136719 0.109375
0 0.691406 0.380859 0.101562 0.035156
0 0.855469 0.500000 0.078125 0.070312
0 0.105469 0.455078 0.140625 0.121094
0 0.248047 0.498047 0.144531 0.050781
0 0.921875 0.525391 0.054688 0.050781
0 0.927734 0.439453 0.074219 0.089844
1 0.343750 0.763672 0.679688 0.464844
1 0.822266 0.779297 0.347656 0.441406
1 0.593750 0.593750 0.460938 0.195312
1 0.679688 0.484375 0.125000 0.156250
1 0.386719 0.273438 0.320312 0.226562
1 0.652344 0.283203 0.210938 0.160156
1 0.873047 0.320312 0.246094 0.117188
