0 0.576172 0.587891 0.089844 0.199219
0 0.656250 0.591797 0.078125 0.199219
0 0.492188 0.500000 0.078125 0.093750
0 0.542969 0.679688 0.132812 0.046875
1 0.593750 0.367188 0.148438 0.179688
0 0.619141 0.710938 0.105469 0.070312
1 0.693359 0.826172 0.191406 0.152344
1 0.298828 0.830078 0.160156 0.183594
0 0.306641 0.705078 0.113281 0.066406
1 0.791016 0.605469 0.167969 0.281250
1 0.896484 0.871094 0.207031 0.250000
1 0.640625 0.947266 0.289062 0.097656
1 0.466797 0.832031 0.183594 0.203125
1 0.132812 0.855469 0.179688 0.289062
1 0.357422 0.955078 0.261719 0.089844
1 0.392578 0.568359 0.121094 0.199219
1 0.248047 0.605469 0.199219 0.101562
1 0.718750 0.425781 0.109375 0.148438
