0 0.484375 0.361328 0.109375 0.402344
0 0.591797 0.431641 0.191406 0.347656
0 0.394531 0.384766 0.085938 0.386719
0 0.308594 0.445312 0.109375 0.250000
0 0.591797 0.175781 0.097656 0.031250
0 0.253906 0.195312 0.117188 0.062500
0 0.050781 0.351562 0.039062 0.078125
0 0.117188 0.330078 0.117188 0.066406
0 0.060547 0.179688 0.097656 0.039062
0 0.519531 0.607422 0.203125 0.074219
0 0.365234 0.333984 0.097656 0.128906
0 0.705078 0.480469 0.113281 0.320312
0 0.500000 0.654297 0.156250 0.066406
1 0.492188 0.781250 0.304688 0.156250
0 0.326172 0.158203 0.074219 0.050781
0 0.164062 0.294922 0.093750 0.058594
0 0.074219 0.376953 0.132812 0.066406
0 0.046875 0.431641 0.085938 0.082031
0 0.242188 0.449219 0.085938 0.117188
1 0.271484 0.708984 0.277344 0.253906
0 0.044922 0.210938 0.082031 0.039062
