0 0.339844 0.482422 0.156250 0.277344
0 0.578125 0.687500 0.148438 0.210938
0 0.451172 0.587891 0.089844 0.074219
0 0.439453 0.496094 0.074219 0.148438
0 0.664062 0.673828 0.101562 0.160156
0 0.505859 0.646484 0.074219 0.066406
0 0.605469 0.585938 0.070312 0.093750
0 0.580078 0.757812 0.097656 0.125000
1 0.216797 0.847656 0.402344 0.296875
0 0.914062 0.638672 0.171875 0.199219
1 0.109375 0.345703 0.210938 0.246094
1 0.767578 0.568359 0.113281 0.246094
1 0.691406 0.494141 0.101562 0.191406
1 0.916016 0.876953 0.160156 0.246094
1 0.769531 0.216797 0.414062 0.347656
0 0.318359 0.369141 0.074219 0.097656
