0 0.373047 0.449219 0.316406 0.289062
0 0.562500 0.500000 0.062500 0.203125
0 0.623047 0.511719 0.058594 0.179688
0 0.625000 0.523438 0.093750 0.125000
0 0.171875 0.529297 0.078125 0.292969
0 0.320312 0.636719 0.234375 0.085938
0 0.484375 0.652344 0.093750 0.046875
0 0.119141 0.466797 0.050781 0.128906
0 0.093750 0.593750 0.093750 0.093750
1 0.609375 0.666016 0.140625 0.074219
1 0.730469 0.654297 0.093750 0.121094
1 0.384766 0.244141 0.175781 0.066406
0 0.533203 0.357422 0.050781 0.089844
0 0.689453 0.544922 0.066406 0.082031
0 0.218750 0.308594 0.125000 0.046875
0 0.117188 0.667969 0.078125 0.078125
