0 0.546875 0.445312 0.273438 0.093750
0 0.433594 0.568359 0.132812 0.167969
0 0.587891 0.572266 0.207031 0.175781
0 0.628906 0.394531 0.140625 0.109375
0 0.509766 0.402344 0.074219 0.085938
1 0.759766 0.189453 0.480469 0.246094
1 0.779297 0.080078 0.308594 0.152344
1 0.777344 0.109375 0.390625 0.156250
1 0.185547 0.498047 0.363281 0.253906
1 0.109375 0.689453 0.203125 0.136719
1 0.085938 0.810547 0.164062 0.097656
1 0.251953 0.628906 0.160156 0.085938
1 0.423828 0.298828 0.214844 0.160156
1 0.279297 0.341797 0.183594 0.097656
1 0.511719 0.216797 0.164062 0.121094
1 0.847656 0.611328 0.296875 0.582031
1 0.669922 0.828125 0.136719 0.343750
1 0.558594 0.861328 0.132812 0.269531
1 0.439453 0.835938 0.089844 0.328125
0 0.242188 0.824219 0.132812 0.117188
0 0.138672 0.906250 0.167969 0.101562
0 0.335938 0.742188 0.101562 0.109375
