0 0.468750 0.343750 0.296875 0.296875
0 0.648438 0.400391 0.054688 0.394531
0 0.437500 0.541016 0.375000 0.089844
0 0.328125 0.398438 0.156250 0.203125
0 0.656250 0.472656 0.171875 0.492188
0 0.486328 0.558594 0.316406 0.148438
0 0.744141 0.498047 0.136719 0.441406
0 0.808594 0.500000 0.117188 0.359375
0 0.833984 0.576172 0.160156 0.285156
0 0.589844 0.587891 0.148438 0.199219
0 0.562500 0.242188 0.109375 0.117188
0 0.916016 0.578125 0.074219 0.187500
0 0.265625 0.500000 0.171875 0.195312
1 0.779297 0.859375 0.441406 0.265625
1 0.324219 0.871094 0.515625 0.257812
1 0.191406 0.705078 0.250000 0.167969
1 0.125000 0.611328 0.109375 0.128906
1 0.419922 0.736328 0.191406 0.214844
1 0.796875 0.105469 0.265625 0.203125
1 0.937500 0.312500 0.125000 0.187500
1 0.515625 0.126953 0.296875 0.105469
1 0.921875 0.212891 0.156250 0.222656
