0 0.623047 0.187500 0.191406 0.109375
0 0.810547 0.201172 0.175781 0.105469
0 0.933594 0.203125 0.062500 0.078125
0 0.876953 0.281250 0.058594 0.046875
0 0.310547 0.095703 0.121094 0.183594
0 0.400391 0.107422 0.058594 0.191406
0 0.480469 0.185547 0.093750 0.121094
0 0.091797 0.134766 0.175781 0.144531
0 0.216797 0.117188 0.074219 0.164062
0 0.123047 0.357422 0.230469 0.128906
0 0.265625 0.353516 0.125000 0.121094
0 0.384766 0.343750 0.105469 0.078125
0 0.306641 0.535156 0.113281 0.226562
0 0.390625 0.447266 0.078125 0.074219
0 0.492188 0.404297 0.109375 0.089844
0 0.355469 0.609375 0.250000 0.281250
0 0.589844 0.640625 0.218750 0.218750
0 0.873047 0.544922 0.253906 0.136719
0 0.666016 0.501953 0.183594 0.058594
0 0.810547 0.732422 0.089844 0.269531
0 0.689453 0.666016 0.152344 0.277344
0 0.812500 0.873047 0.156250 0.144531
0 0.843750 0.822266 0.078125 0.113281
0 0.953125 0.279297 0.078125 0.082031
0 0.859375 0.279297 0.109375 0.128906
0 0.234375 0.558594 0.093750 0.171875
0 0.716797 0.812500 0.113281 0.125000
1 0.666016 0.357422 0.214844 0.222656
1 0.890625 0.408203 0.218750 0.121094
1 0.335938 0.246094 0.203125 0.101562
1 0.500000 0.298828 0.125000 0.105469
1 0.205078 0.248047 0.402344 0.082031
1 0.095703 0.685547 0.183594 0.527344
1 0.296875 0.878906 0.218750 0.234375
0 0.591797 0.734375 0.097656 0.093750
0 0.871094 0.642578 0.101562 0.121094
0 0.873047 0.158203 0.253906 0.066406
1 0.644531 0.072266 0.406250 0.089844
