0 0.482422 0.416016 0.136719 0.144531
0 0.482422 0.597656 0.160156 0.226562
0 0.580078 0.605469 0.152344 0.171875
0 0.085938 0.345703 0.078125 0.058594
0 0.478516 0.292969 0.082031 0.125000
0 0.203125 0.355469 0.148438 0.085938
0 0.066406 0.365234 0.125000 0.066406
0 0.398438 0.634766 0.093750 0.238281
0 0.683594 0.619141 0.109375 0.113281
0 0.419922 0.427734 0.082031 0.121094
0 0.562500 0.460938 0.070312 0.125000
0 0.519531 0.117188 0.085938 0.101562
0 0.128906 0.113281 0.156250 0.078125
0 0.033203 0.125000 0.050781 0.078125
0 0.376953 0.121094 0.136719 0.039062
0 0.515625 0.261719 0.078125 0.046875
0 0.353516 0.644531 0.089844 0.085938
0 0.460938 0.935547 0.210938 0.128906
1 0.908203 0.152344 0.175781 0.203125
1 0.787109 0.335938 0.355469 0.296875
1 0.871094 0.578125 0.242188 0.281250
1 0.330078 0.373047 0.089844 0.113281
1 0.140625 0.441406 0.265625 0.070312
1 0.259766 0.123047 0.113281 0.050781
1 0.839844 0.861328 0.320312 0.246094
1 0.871094 0.587891 0.257812 0.191406
1 0.273438 0.244141 0.320312 0.144531
0 0.046875 0.595703 0.085938 0.207031
0 0.136719 0.607422 0.101562 0.136719
0 0.201172 0.585938 0.050781 0.070312
