0 0.343750 0.546875 0.171875 0.171875
0 0.468750 0.376953 0.203125 0.066406
0 0.605469 0.294922 0.187500 0.097656
0 0.750000 0.294922 0.093750 0.152344
0 0.839844 0.250000 0.070312 0.156250
0 0.906250 0.234375 0.125000 0.125000
0 0.648438 0.406250 0.132812 0.125000
0 0.531250 0.531250 0.093750 0.234375
0 0.619141 0.482422 0.105469 0.097656
0 0.451172 0.593750 0.066406 0.281250
0 0.277344 0.687500 0.281250 0.093750
0 0.281250 0.576172 0.140625 0.113281
0 0.277344 0.744141 0.148438 0.050781
0 0.515625 0.638672 0.062500 0.113281
0 0.589844 0.542969 0.148438 0.046875
0 0.667969 0.388672 0.195312 0.066406
0 0.921875 0.150391 0.125000 0.167969
0 0.359375 0.468750 0.093750 0.156250
0 0.478516 0.308594 0.105469 0.093750
1 0.109375 0.484375 0.187500 0.234375
1 0.283203 0.310547 0.152344 0.152344
1 0.878906 0.701172 0.218750 0.597656
1 0.691406 0.785156 0.171875 0.421875
1 0.482422 0.876953 0.253906 0.246094
1 0.187500 0.886719 0.367188 0.226562
1 0.064453 0.718750 0.121094 0.234375
1 0.390625 0.113281 0.437500 0.218750
1 0.703125 0.111328 0.187500 0.214844
