0 0.625000 0.373047 0.125000 0.207031
0 0.572266 0.421875 0.144531 0.234375
0 0.482422 0.529297 0.089844 0.253906
0 0.421875 0.572266 0.109375 0.246094
0 0.369141 0.607422 0.105469 0.152344
0 0.761719 0.197266 0.195312 0.105469
1 0.156250 0.373047 0.296875 0.472656
0 0.337891 0.656250 0.152344 0.046875
1 0.669922 0.843750 0.660156 0.296875
1 0.843750 0.513672 0.296875 0.496094
1 0.671875 0.687500 0.281250 0.281250
1 0.593750 0.761719 0.234375 0.218750
1 0.201172 0.853516 0.386719 0.292969
1 0.136719 0.699219 0.250000 0.226562
1 0.484375 0.183594 0.343750 0.156250
1 0.373047 0.339844 0.128906 0.218750
1 0.337891 0.468750 0.066406 0.125000
1 0.462891 0.324219 0.066406 0.156250
1 0.835938 0.072266 0.320312 0.136719
1 0.935547 0.248047 0.128906 0.207031
