0 0.328125 0.498047 0.125000 0.113281
0 0.453125 0.482422 0.125000 0.121094
0 0.562500 0.462891 0.062500 0.128906
0 0.656250 0.451172 0.140625 0.097656
0 0.779297 0.435547 0.089844 0.089844
0 0.962891 0.421875 0.074219 0.109375
0 0.875000 0.431641 0.093750 0.082031
0 0.500000 0.406250 0.046875 0.015625
0 0.367188 0.435547 0.039062 0.027344
0 0.423828 0.246094 0.066406 0.046875
1 0.447266 0.617188 0.886719 0.085938
1 0.919922 0.564453 0.160156 0.183594
1 0.173828 0.906250 0.339844 0.187500
1 0.671875 0.794922 0.656250 0.066406
1 0.501953 0.748047 0.996094 0.152344
1 0.126953 0.404297 0.246094 0.316406
1 0.312500 0.294922 0.140625 0.222656
1 0.121094 0.248047 0.234375 0.183594
1 0.812500 0.277344 0.375000 0.218750
1 0.875000 0.140625 0.250000 0.046875
1 0.525391 0.359375 0.246094 0.062500
0 0.542969 0.259766 0.148438 0.050781
0 0.478516 0.292969 0.183594 0.070312
0 0.761719 0.076172 0.156250 0.058594
0 0.906250 0.091797 0.140625 0.058594
1 0.250000 0.117188 0.203125 0.132812
1 0.388672 0.042969 0.433594 0.039062
1 0.890625 0.033203 0.093750 0.058594
1 0.736328 0.609375 0.292969 0.203125
1 0.562500 0.591797 0.203125 0.105469
