0 0.343750 0.203125 0.250000 0.156250
0 0.408203 0.324219 0.410156 0.140625
0 0.484375 0.419922 0.312500 0.160156
0 0.498047 0.486328 0.183594 0.089844
0 0.638672 0.580078 0.121094 0.214844
0 0.656250 0.296875 0.046875 0.093750
0 0.498047 0.218750 0.183594 0.093750
0 0.669922 0.292969 0.152344 0.101562
0 0.541016 0.574219 0.136719 0.078125
0 0.416016 0.148438 0.089844 0.132812
0 0.712891 0.636719 0.089844 0.242188
1 0.697266 0.419922 0.097656 0.121094
1 0.103516 0.443359 0.199219 0.261719
1 0.265625 0.523438 0.125000 0.250000
1 0.404297 0.605469 0.144531 0.132812
1 0.531250 0.714844 0.109375 0.195312
1 0.636719 0.744141 0.078125 0.113281
1 0.119141 0.171875 0.167969 0.281250
