0 0.535156 0.513672 0.156250 0.082031
0 0.642578 0.498047 0.050781 0.074219
0 0.404297 0.529297 0.097656 0.082031
0 0.908203 0.560547 0.113281 0.035156
0 0.832031 0.916016 0.148438 0.089844
0 0.435547 0.570312 0.152344 0.062500
0 0.255859 0.482422 0.144531 0.042969
0 0.707031 0.482422 0.085938 0.042969
0 0.703125 0.542969 0.156250 0.046875
0 0.742188 0.917969 0.101562 0.039062
0 0.949219 0.888672 0.101562 0.074219
1 0.369141 0.908203 0.339844 0.175781
1 0.830078 0.642578 0.160156 0.074219
1 0.091797 0.544922 0.167969 0.097656
1 0.529297 0.794922 0.183594 0.066406
1 0.337891 0.294922 0.058594 0.042969
1 0.445312 0.291016 0.101562 0.027344
