0 0.310547 0.556641 0.128906 0.207031
0 0.378906 0.515625 0.117188 0.171875
0 0.462891 0.519531 0.121094 0.132812
0 0.546875 0.214844 0.093750 0.085938
0 0.574219 0.113281 0.054688 0.101562
0 0.619141 0.121094 0.050781 0.085938
0 0.562500 0.279297 0.062500 0.058594
0 0.611328 0.296875 0.035156 0.062500
0 0.218750 0.650391 0.046875 0.066406
0 0.265625 0.554688 0.070312 0.070312
0 0.244141 0.318359 0.160156 0.074219
0 0.041016 0.119141 0.074219 0.066406
0 0.519531 0.068359 0.070312 0.058594
1 0.400391 0.279297 0.167969 0.277344
