0 0.367188 0.431641 0.492188 0.167969
0 0.703125 0.431641 0.171875 0.167969
0 0.865234 0.369141 0.160156 0.136719
0 0.449219 0.300781 0.296875 0.101562
0 0.714844 0.316406 0.156250 0.093750
0 0.738281 0.515625 0.140625 0.085938
0 0.482422 0.519531 0.214844 0.085938
0 0.507812 0.248047 0.101562 0.105469
0 0.326172 0.361328 0.152344 0.089844
0 0.787109 0.470703 0.074219 0.128906
0 0.820312 0.142578 0.101562 0.066406
1 0.687500 0.195312 0.070312 0.109375
1 0.919922 0.132812 0.097656 0.109375
1 0.794922 0.601562 0.097656 0.085938
1 0.197266 0.763672 0.378906 0.472656
1 0.132812 0.173828 0.250000 0.339844
1 0.064453 0.457031 0.113281 0.226562
1 0.457031 0.095703 0.398438 0.183594
1 0.792969 0.058594 0.273438 0.109375
1 0.890625 0.238281 0.203125 0.125000
1 0.718750 0.154297 0.101562 0.121094
