0 0.437500 0.337891 0.187500 0.160156
0 0.482422 0.230469 0.066406 0.046875
0 0.714844 0.171875 0.125000 0.070312
0 0.585938 0.511719 0.109375 0.203125
1 0.335938 0.935547 0.257812 0.128906
1 0.169922 0.332031 0.300781 0.125000
1 0.068359 0.222656 0.128906 0.250000
0 0.876953 0.259766 0.167969 0.105469
1 0.638672 0.310547 0.207031 0.199219
1 0.710938 0.521484 0.117188 0.214844
1 0.455078 0.480469 0.136719 0.125000
0 0.933594 0.087891 0.132812 0.105469
1 0.892578 0.179688 0.214844 0.070312
1 0.582031 0.179688 0.132812 0.078125
1 0.595703 0.646484 0.113281 0.050781
1 0.398438 0.210938 0.101562 0.101562
1 0.371094 0.027344 0.250000 0.046875
1 0.347656 0.437500 0.093750 0.078125
