0 0.660156 0.400391 0.140625 0.089844
0 0.564453 0.435547 0.035156 0.113281
0 0.533203 0.451172 0.074219 0.121094
0 0.503906 0.496094 0.023438 0.054688
0 0.726562 0.419922 0.085938 0.058594
0 0.773438 0.443359 0.085938 0.042969
0 0.687500 0.371094 0.078125 0.062500
0 0.615234 0.433594 0.082031 0.062500
0 0.439453 0.556641 0.097656 0.082031
0 0.052734 0.884766 0.089844 0.082031
1 0.396484 0.355469 0.191406 0.312500
1 0.582031 0.222656 0.328125 0.218750
1 0.228516 0.490234 0.308594 0.347656
1 0.148438 0.640625 0.289062 0.398438
1 0.871094 0.289062 0.257812 0.218750
1 0.912109 0.451172 0.175781 0.214844
