0 0.416016 0.546875 0.527344 0.203125
0 0.580078 0.294922 0.308594 0.105469
0 0.421875 0.406250 0.093750 0.093750
0 0.779297 0.560547 0.214844 0.074219
0 0.181641 0.533203 0.191406 0.128906
0 0.580078 0.265625 0.175781 0.109375
0 0.685547 0.556641 0.160156 0.160156
1 0.822266 0.683594 0.183594 0.054688
1 0.302734 0.753906 0.589844 0.203125
1 0.658203 0.736328 0.144531 0.160156
1 0.814453 0.775391 0.160156 0.113281
1 0.648438 0.404297 0.343750 0.074219
1 0.826172 0.451172 0.105469 0.105469
1 0.244141 0.339844 0.246094 0.187500
1 0.042969 0.562500 0.078125 0.250000
1 0.070312 0.710938 0.125000 0.171875
1 0.117188 0.390625 0.070312 0.132812
1 0.375000 0.187500 0.109375 0.343750
