0 0.716797 0.468750 0.089844 0.218750
0 0.779297 0.500000 0.058594 0.171875
0 0.841797 0.500000 0.058594 0.164062
0 0.902344 0.515625 0.062500 0.140625
0 0.964844 0.525391 0.062500 0.121094
0 0.660156 0.490234 0.085938 0.113281
0 0.388672 0.484375 0.035156 0.093750
0 0.345703 0.494141 0.035156 0.089844
0 0.287109 0.498047 0.074219 0.066406
0 0.199219 0.498047 0.101562 0.082031
0 0.123047 0.531250 0.066406 0.031250
0 0.062500 0.523438 0.046875 0.031250
0 0.419922 0.486328 0.058594 0.082031
0 0.472656 0.472656 0.039062 0.070312
0 0.025391 0.515625 0.027344 0.015625
0 0.605469 0.509766 0.023438 0.050781
0 0.730469 0.343750 0.031250 0.031250
0 0.812500 0.341797 0.031250 0.050781
0 0.791016 0.402344 0.042969 0.046875
1 0.322266 0.640625 0.636719 0.187500
1 0.822266 0.667969 0.355469 0.179688
1 0.546875 0.470703 0.093750 0.160156
1 0.906250 0.316406 0.187500 0.210938
1 0.072266 0.419922 0.136719 0.152344
1 0.119141 0.792969 0.230469 0.093750
1 0.861328 0.111328 0.269531 0.214844
1 0.511719 0.312500 0.390625 0.093750
1 0.232422 0.419922 0.167969 0.066406
1 0.410156 0.408203 0.179688 0.058594
1 0.210938 0.328125 0.195312 0.093750
1 0.580078 0.265625 0.441406 0.078125
