0 0.595703 0.460938 0.613281 0.257812
0 0.654297 0.591797 0.347656 0.160156
0 0.279297 0.417969 0.113281 0.171875
0 0.462891 0.347656 0.128906 0.203125
0 0.154297 0.457031 0.113281 0.101562
0 0.683594 0.687500 0.289062 0.085938
0 0.208984 0.167969 0.121094 0.117188
1 0.476562 0.123047 0.296875 0.238281
1 0.644531 0.220703 0.218750 0.207031
1 0.335938 0.242188 0.125000 0.171875
1 0.875000 0.669922 0.078125 0.152344
1 0.300781 0.732422 0.078125 0.300781
1 0.537109 0.943359 0.160156 0.113281
0 0.462891 0.587891 0.230469 0.105469
0 0.052734 0.394531 0.097656 0.125000
0 0.187500 0.394531 0.117188 0.093750
