0 0.621094 0.560547 0.085938 0.082031
0 0.687500 0.484375 0.062500 0.062500
0 0.669922 0.544922 0.066406 0.058594
0 0.546875 0.595703 0.046875 0.113281
0 0.578125 0.607422 0.062500 0.066406
0 0.494141 0.640625 0.058594 0.093750
0 0.431641 0.687500 0.058594 0.093750
0 0.636719 0.498047 0.031250 0.035156
0 0.371094 0.744141 0.062500 0.097656
0 0.310547 0.781250 0.058594 0.109375
0 0.250000 0.828125 0.062500 0.109375
0 0.181641 0.847656 0.082031 0.085938
0 0.441406 0.638672 0.039062 0.019531
0 0.394531 0.687500 0.062500 0.046875
0 0.728516 0.468750 0.058594 0.062500
0 0.750000 0.417969 0.046875 0.054688
0 0.794922 0.410156 0.035156 0.023438
