0 0.470703 0.431641 0.253906 0.316406
0 0.623047 0.402344 0.160156 0.250000
0 0.701172 0.406250 0.128906 0.187500
0 0.759766 0.425781 0.121094 0.164062
0 0.361328 0.421875 0.113281 0.273438
0 0.322266 0.443359 0.105469 0.136719
0 0.472656 0.558594 0.156250 0.125000
1 0.466797 0.857422 0.292969 0.285156
1 0.753906 0.134766 0.390625 0.253906
0 0.443359 0.289062 0.121094 0.101562
1 0.164062 0.142578 0.296875 0.277344
1 0.132812 0.640625 0.257812 0.710938
1 0.664062 0.591797 0.085938 0.082031
0 0.816406 0.425781 0.078125 0.078125
1 0.291016 0.738281 0.175781 0.289062
1 0.931641 0.568359 0.136719 0.574219
1 0.833984 0.755859 0.207031 0.425781
1 0.724609 0.814453 0.324219 0.371094
