0 0.482422 0.423828 0.238281 0.105469
0 0.449219 0.476562 0.148438 0.109375
0 0.574219 0.546875 0.140625 0.125000
1 0.826172 0.603516 0.332031 0.792969
1 0.195312 0.492188 0.382812 0.781250
1 0.492188 0.808594 0.820312 0.382812
1 0.431641 0.607422 0.144531 0.136719
0 0.500000 0.218750 0.117188 0.062500
1 0.703125 0.228516 0.257812 0.277344
1 0.533203 0.314453 0.316406 0.105469
1 0.726562 0.423828 0.242188 0.113281
1 0.894531 0.560547 0.210938 0.339844
1 0.750000 0.582031 0.187500 0.257812
1 0.355469 0.097656 0.570312 0.179688
1 0.382812 0.242188 0.117188 0.125000
