0 0.294922 0.464844 0.144531 0.312500
0 0.437500 0.500000 0.140625 0.375000
0 0.607422 0.492188 0.238281 0.242188
0 0.792969 0.392578 0.226562 0.167969
0 0.962891 0.558594 0.074219 0.210938
0 0.750000 0.542969 0.078125 0.117188
0 0.544922 0.611328 0.113281 0.128906
0 0.316406 0.638672 0.109375 0.089844
0 0.386719 0.294922 0.203125 0.089844
1 0.748047 0.845703 0.496094 0.308594
1 0.246094 0.845703 0.484375 0.300781
0 0.242188 0.470703 0.093750 0.261719
1 0.591797 0.281250 0.160156 0.171875
1 0.833984 0.248047 0.324219 0.097656
1 0.953125 0.386719 0.093750 0.132812
1 0.861328 0.593750 0.136719 0.218750
1 0.705078 0.673828 0.175781 0.105469
1 0.097656 0.458984 0.187500 0.441406
1 0.097656 0.154297 0.187500 0.152344
1 0.322266 0.187500 0.253906 0.109375
