0 0.384766 0.638672 0.238281 0.222656
0 0.527344 0.683594 0.117188 0.257812
0 0.597656 0.697266 0.132812 0.199219
0 0.671875 0.703125 0.109375 0.140625
0 0.726562 0.707031 0.093750 0.109375
0 0.453125 0.728516 0.109375 0.105469
0 0.265625 0.669922 0.125000 0.160156
0 0.017578 0.398438 0.027344 0.070312
0 0.066406 0.400391 0.085938 0.050781
1 0.556641 0.908203 0.417969 0.183594
1 0.876953 0.830078 0.207031 0.339844
1 0.205078 0.876953 0.285156 0.222656
1 0.095703 0.492188 0.152344 0.093750
1 0.218750 0.542969 0.093750 0.093750
1 0.089844 0.753906 0.164062 0.109375
