0 0.468750 0.048828 0.125000 0.089844
0 0.433594 0.054688 0.101562 0.093750
0 0.406250 0.150391 0.046875 0.066406
0 0.484375 0.203125 0.062500 0.140625
0 0.640625 0.484375 0.062500 0.218750
0 0.593750 0.703125 0.125000 0.218750
0 0.500000 0.779297 0.140625 0.144531
0 0.625000 0.859375 0.140625 0.234375
0 0.429688 0.343750 0.117188 0.062500
0 0.544922 0.353516 0.089844 0.058594
0 0.421875 0.546875 0.109375 0.125000
1 0.804688 0.628906 0.226562 0.273438
1 0.853516 0.875000 0.277344 0.250000
0 0.671875 0.406250 0.093750 0.156250
0 0.742188 0.406250 0.101562 0.093750
0 0.437500 0.656250 0.171875 0.093750
0 0.388672 0.773438 0.097656 0.117188
0 0.402344 0.919922 0.156250 0.152344
0 0.542969 0.492188 0.117188 0.203125
0 0.419922 0.435547 0.121094 0.113281
1 0.576172 0.279297 0.113281 0.066406
1 0.337891 0.296875 0.050781 0.171875
0 0.468750 0.220703 0.078125 0.105469
0 0.451172 0.308594 0.128906 0.070312
1 0.312500 0.500000 0.078125 0.218750
1 0.298828 0.695312 0.066406 0.156250
1 0.964844 0.492188 0.070312 0.234375
1 0.906250 0.421875 0.140625 0.062500
1 0.609375 0.150391 0.140625 0.144531
1 0.509766 0.109375 0.113281 0.046875
