0 0.593750 0.531250 0.109375 0.265625
0 0.500000 0.529297 0.125000 0.191406
0 0.384766 0.544922 0.105469 0.121094
0 0.648438 0.455078 0.140625 0.183594
0 0.283203 0.531250 0.105469 0.078125
0 0.658203 0.562500 0.066406 0.140625
0 0.587891 0.701172 0.089844 0.160156
0 0.712891 0.353516 0.074219 0.097656
0 0.746094 0.218750 0.070312 0.109375
0 0.523438 0.814453 0.117188 0.144531
0 0.398438 0.853516 0.132812 0.160156
0 0.267578 0.962891 0.355469 0.074219
0 0.345703 0.873047 0.121094 0.097656
0 0.025391 0.908203 0.042969 0.152344
0 0.214844 0.750000 0.101562 0.062500
0 0.798828 0.044922 0.113281 0.082031
0 0.792969 0.136719 0.062500 0.093750
1 0.119141 0.625000 0.222656 0.203125
1 0.167969 0.847656 0.226562 0.140625
1 0.367188 0.697266 0.195312 0.152344
0 0.525391 0.638672 0.058594 0.082031
1 0.876953 0.625000 0.246094 0.687500
1 0.761719 0.798828 0.210938 0.324219
1 0.773438 0.638672 0.140625 0.175781
1 0.916016 0.199219 0.167969 0.203125
1 0.931641 0.089844 0.128906 0.171875
1 0.826172 0.291016 0.082031 0.199219
1 0.650391 0.890625 0.128906 0.218750
1 0.558594 0.185547 0.234375 0.347656
1 0.685547 0.078125 0.113281 0.140625
1 0.341797 0.335938 0.191406 0.289062
1 0.455078 0.347656 0.144531 0.156250
1 0.125000 0.421875 0.218750 0.203125
