0 0.392578 0.625000 0.121094 0.265625
0 0.306641 0.574219 0.042969 0.070312
0 0.181641 0.705078 0.183594 0.128906
0 0.041016 0.728516 0.074219 0.105469
0 0.298828 0.697266 0.027344 0.105469
0 0.318359 0.705078 0.089844 0.113281
0 0.285156 0.628906 0.070312 0.031250
0 0.205078 0.599609 0.105469 0.050781
0 0.171875 0.658203 0.093750 0.097656
0 0.119141 0.718750 0.144531 0.164062
0 0.503906 0.529297 0.054688 0.089844
0 0.466797 0.611328 0.019531 0.214844
0 0.503906 0.660156 0.054688 0.031250
0 0.501953 0.740234 0.082031 0.042969
0 0.511719 0.683594 0.062500 0.062500
0 0.482422 0.583984 0.074219 0.113281
0 0.550781 0.843750 0.031250 0.109375
0 0.519531 0.849609 0.062500 0.097656
0 0.599609 0.812500 0.042969 0.062500
0 0.576172 0.826172 0.019531 0.066406
0 0.718750 0.748047 0.062500 0.050781
0 0.646484 0.787109 0.050781 0.066406
0 0.798828 0.710938 0.082031 0.054688
0 0.443359 0.460938 0.121094 0.062500
0 0.250000 0.574219 0.046875 0.031250
0 0.390625 0.527344 0.078125 0.109375
0 0.742188 0.650391 0.101562 0.074219
0 0.781250 0.199219 0.062500 0.023438
0 0.312500 0.451172 0.046875 0.035156
0 0.062500 0.482422 0.046875 0.027344
0 0.574219 0.625000 0.085938 0.054688
1 0.568359 0.337891 0.269531 0.175781
1 0.908203 0.203125 0.183594 0.132812
1 0.886719 0.593750 0.156250 0.179688
1 0.695312 0.541016 0.242188 0.121094
1 0.607422 0.519531 0.144531 0.171875
1 0.648438 0.673828 0.070312 0.136719
1 0.343750 0.878906 0.281250 0.210938
1 0.582031 0.712891 0.062500 0.121094
1 0.724609 0.269531 0.183594 0.109375
1 0.150391 0.904297 0.292969 0.191406
1 0.724609 0.916016 0.191406 0.167969
1 0.789062 0.833984 0.210938 0.121094
1 0.914062 0.748047 0.132812 0.144531
1 0.578125 0.953125 0.171875 0.093750
1 0.826172 0.802734 0.144531 0.128906
