0 0.515625 0.482422 0.390625 0.121094
0 0.777344 0.447266 0.132812 0.152344
0 0.636719 0.517578 0.210938 0.113281
0 0.359375 0.531250 0.140625 0.078125
0 0.462891 0.404297 0.121094 0.035156
0 0.308594 0.455078 0.148438 0.066406
0 0.859375 0.453125 0.093750 0.140625
0 0.634766 0.375000 0.121094 0.062500
0 0.763672 0.546875 0.089844 0.078125
0 0.496094 0.542969 0.109375 0.062500
0 0.654297 0.562500 0.128906 0.062500
1 0.843750 0.560547 0.078125 0.066406
1 0.500000 0.730469 0.156250 0.296875
1 0.335938 0.597656 0.171875 0.046875
1 0.203125 0.576172 0.140625 0.097656
1 0.341797 0.400391 0.128906 0.042969
1 0.466797 0.328125 0.082031 0.093750
1 0.578125 0.080078 0.078125 0.074219
1 0.765625 0.312500 0.078125 0.109375
1 0.753906 0.345703 0.117188 0.042969
1 0.681641 0.621094 0.199219 0.046875
