0 0.294922 0.464844 0.332031 0.078125
0 0.560547 0.435547 0.527344 0.152344
0 0.544922 0.328125 0.097656 0.078125
0 0.666016 0.339844 0.136719 0.070312
0 0.785156 0.390625 0.101562 0.125000
0 0.855469 0.443359 0.070312 0.121094
0 0.880859 0.410156 0.105469 0.101562
0 0.277344 0.541016 0.171875 0.160156
0 0.421875 0.609375 0.156250 0.218750
0 0.593750 0.562500 0.187500 0.164062
0 0.699219 0.554688 0.125000 0.117188
0 0.275391 0.673828 0.121094 0.121094
0 0.404297 0.748047 0.214844 0.097656
0 0.546875 0.669922 0.109375 0.074219
0 0.341797 0.837891 0.066406 0.066406
0 0.392578 0.328125 0.214844 0.062500
1 0.712891 0.859375 0.378906 0.281250
1 0.880859 0.646484 0.238281 0.152344
1 0.933594 0.541016 0.132812 0.082031
1 0.095703 0.751953 0.183594 0.496094
1 0.064453 0.408203 0.121094 0.191406
1 0.453125 0.902344 0.140625 0.195312
1 0.683594 0.744141 0.148438 0.175781
