0 0.451172 0.185547 0.066406 0.128906
0 0.500000 0.205078 0.070312 0.121094
0 0.562500 0.251953 0.078125 0.128906
0 0.640625 0.279297 0.109375 0.097656
0 0.376953 0.197266 0.121094 0.160156
0 0.367188 0.494141 0.117188 0.105469
0 0.482422 0.734375 0.152344 0.109375
1 0.671875 0.500000 0.234375 0.343750
1 0.490234 0.556641 0.121094 0.238281
1 0.759766 0.828125 0.394531 0.296875
1 0.845703 0.251953 0.285156 0.175781
1 0.369141 0.359375 0.300781 0.156250
1 0.216797 0.720703 0.160156 0.558594
1 0.320312 0.750000 0.156250 0.390625
1 0.378906 0.968750 0.156250 0.062500
1 0.542969 0.861328 0.257812 0.152344
1 0.697266 0.781250 0.269531 0.203125
1 0.689453 0.138672 0.277344 0.089844
1 0.404297 0.066406 0.191406 0.078125
