0 0.353516 0.359375 0.113281 0.625000
0 0.449219 0.500000 0.078125 0.640625
0 0.531250 0.591797 0.093750 0.535156
0 0.697266 0.796875 0.222656 0.375000
0 0.595703 0.572266 0.160156 0.285156
0 0.250000 0.386719 0.078125 0.343750
0 0.275391 0.179688 0.105469 0.148438
0 0.195312 0.400391 0.140625 0.230469
0 0.511719 0.296875 0.117188 0.171875
1 0.902344 0.843750 0.179688 0.312500
1 0.669922 0.339844 0.160156 0.156250
1 0.759766 0.474609 0.144531 0.089844
0 0.429688 0.732422 0.234375 0.121094
1 0.183594 0.681641 0.187500 0.246094
1 0.904297 0.625000 0.175781 0.125000
0 0.447266 0.121094 0.074219 0.101562
0 0.699219 0.607422 0.109375 0.121094
