0 0.089844 0.697266 0.164062 0.058594
0 0.253906 0.685547 0.171875 0.050781
0 0.382812 0.666016 0.125000 0.097656
0 0.466797 0.626953 0.058594 0.128906
0 0.529297 0.652344 0.058594 0.093750
0 0.593750 0.640625 0.062500 0.093750
0 0.669922 0.619141 0.066406 0.074219
0 0.796875 0.640625 0.078125 0.046875
0 0.712891 0.628906 0.160156 0.085938
0 0.083984 0.623047 0.066406 0.042969
0 0.212891 0.626953 0.183594 0.058594
0 0.619141 0.576172 0.082031 0.042969
0 0.796875 0.578125 0.078125 0.046875
1 0.953125 0.595703 0.078125 0.035156
