0 0.244141 0.486328 0.253906 0.339844
0 0.593750 0.472656 0.140625 0.679688
0 0.640625 0.505859 0.109375 0.566406
0 0.718750 0.535156 0.101562 0.500000
0 0.441406 0.621094 0.140625 0.320312
0 0.478516 0.326172 0.207031 0.167969
0 0.255859 0.333984 0.246094 0.128906
0 0.128906 0.517578 0.164062 0.253906
0 0.316406 0.697266 0.187500 0.113281
0 0.771484 0.632812 0.082031 0.210938
0 0.507812 0.248047 0.117188 0.121094
0 0.300781 0.292969 0.164062 0.117188
1 0.189453 0.880859 0.363281 0.238281
1 0.664062 0.914062 0.570312 0.164062
1 0.910156 0.773438 0.179688 0.445312
1 0.107422 0.755859 0.207031 0.183594
1 0.871094 0.363281 0.187500 0.328125
1 0.740234 0.128906 0.144531 0.195312
1 0.261719 0.158203 0.351562 0.152344
1 0.060547 0.285156 0.113281 0.218750
1 0.550781 0.085938 0.257812 0.085938
1 0.447266 0.146484 0.144531 0.082031
1 0.755859 0.236328 0.105469 0.097656
