0 0.171875 0.341797 0.335938 0.246094
0 0.410156 0.416016 0.093750 0.160156
0 0.212891 0.513672 0.324219 0.089844
0 0.058594 0.597656 0.109375 0.140625
0 0.753906 0.847656 0.179688 0.296875
0 0.138672 0.128906 0.113281 0.195312
1 0.517578 0.679688 0.285156 0.359375
1 0.267578 0.781250 0.308594 0.437500
1 0.546875 0.921875 0.250000 0.156250
1 0.822266 0.535156 0.355469 0.328125
1 0.923828 0.843750 0.152344 0.296875
1 0.515625 0.103516 0.617188 0.199219
1 0.859375 0.242188 0.281250 0.476562
1 0.621094 0.371094 0.304688 0.289062
1 0.439453 0.275391 0.191406 0.105469
