0 0.607422 0.623047 0.128906 0.035156
0 0.599609 0.679688 0.097656 0.070312
0 0.687500 0.564453 0.046875 0.058594
0 0.640625 0.578125 0.031250 0.046875
0 0.738281 0.523438 0.031250 0.031250
0 0.671875 0.595703 0.054688 0.042969
0 0.824219 0.482422 0.031250 0.027344
0 0.714844 0.541016 0.054688 0.042969
0 0.523438 0.777344 0.078125 0.109375
0 0.574219 0.736328 0.070312 0.066406
1 0.195312 0.705078 0.382812 0.566406
1 0.458984 0.562500 0.152344 0.312500
1 0.388672 0.849609 0.199219 0.261719
1 0.474609 0.886719 0.136719 0.101562
0 0.607422 0.589844 0.066406 0.062500
