0 0.320312 0.259766 0.085938 0.097656
0 0.404297 0.328125 0.066406 0.171875
0 0.468750 0.406250 0.046875 0.140625
0 0.482422 0.310547 0.074219 0.097656
0 0.349609 0.312500 0.074219 0.109375
0 0.521484 0.447266 0.082031 0.160156
0 0.591797 0.494141 0.097656 0.167969
0 0.683594 0.546875 0.117188 0.148438
0 0.792969 0.650391 0.109375 0.175781
0 0.882812 0.710938 0.101562 0.179688
0 0.707031 0.617188 0.070312 0.132812
1 0.720703 0.414062 0.097656 0.085938
1 0.818359 0.482422 0.089844 0.121094
1 0.919922 0.525391 0.105469 0.191406
1 0.607422 0.359375 0.089844 0.085938
1 0.136719 0.621094 0.265625 0.757812
1 0.341797 0.708984 0.136719 0.582031
1 0.460938 0.742188 0.085938 0.515625
1 0.566406 0.789062 0.125000 0.421875
1 0.683594 0.845703 0.109375 0.308594
1 0.865234 0.902344 0.253906 0.195312
1 0.130859 0.197266 0.238281 0.097656
