0 0.416016 0.558594 0.269531 0.179688
0 0.607422 0.619141 0.113281 0.167969
0 0.681641 0.599609 0.121094 0.089844
0 0.681641 0.685547 0.121094 0.082031
0 0.468750 0.630859 0.171875 0.144531
0 0.232422 0.558594 0.089844 0.125000
0 0.177734 0.542969 0.136719 0.078125
0 0.970703 0.908203 0.058594 0.074219
0 0.923828 0.906250 0.089844 0.046875
1 0.482422 0.875000 0.691406 0.250000
1 0.876953 0.640625 0.246094 0.398438
1 0.837891 0.316406 0.324219 0.414062
1 0.412109 0.289062 0.574219 0.343750
1 0.136719 0.785156 0.265625 0.328125
1 0.123047 0.320312 0.238281 0.328125
