0 0.136719 0.462891 0.125000 0.371094
0 0.291016 0.398438 0.222656 0.210938
0 0.669922 0.578125 0.121094 0.328125
0 0.541016 0.736328 0.269531 0.144531
0 0.910156 0.843750 0.171875 0.093750
0 0.785156 0.480469 0.140625 0.109375
0 0.888672 0.519531 0.175781 0.117188
0 0.048828 0.517578 0.089844 0.199219
0 0.203125 0.566406 0.109375 0.164062
0 0.357422 0.292969 0.105469 0.078125
0 0.513672 0.298828 0.207031 0.097656
0 0.560547 0.376953 0.082031 0.089844
0 0.531250 0.558594 0.226562 0.210938
0 0.777344 0.580078 0.156250 0.128906
0 0.943359 0.841797 0.113281 0.167969
0 0.619141 0.927734 0.285156 0.144531
0 0.773438 0.867188 0.156250 0.062500
0 0.521484 0.810547 0.160156 0.082031
0 0.404297 0.765625 0.089844 0.101562
1 0.339844 0.613281 0.140625 0.179688
1 0.146484 0.822266 0.246094 0.339844
1 0.306641 0.845703 0.097656 0.292969
1 0.390625 0.912109 0.093750 0.175781
