0 0.136719 0.640625 0.093750 0.109375
0 0.167969 0.640625 0.093750 0.093750
0 0.248047 0.654297 0.058594 0.058594
0 0.296875 0.640625 0.046875 0.046875
0 0.341797 0.636719 0.027344 0.046875
0 0.375000 0.634766 0.078125 0.066406
0 0.058594 0.656250 0.046875 0.109375
0 0.033203 0.658203 0.058594 0.113281
0 0.029297 0.572266 0.050781 0.035156
0 0.076172 0.576172 0.035156 0.027344
0 0.125000 0.564453 0.062500 0.058594
1 0.292969 0.517578 0.164062 0.144531
1 0.712891 0.794922 0.558594 0.410156
1 0.251953 0.861328 0.441406 0.269531
1 0.792969 0.375000 0.203125 0.187500
1 0.611328 0.486328 0.214844 0.105469
1 0.103516 0.458984 0.191406 0.136719
