0 0.183594 0.494141 0.234375 0.113281
0 0.296875 0.781250 0.078125 0.203125
0 0.375000 0.687500 0.062500 0.125000
0 0.605469 0.562500 0.265625 0.296875
0 0.843750 0.494141 0.296875 0.277344
0 0.103516 0.626953 0.183594 0.191406
0 0.259766 0.910156 0.144531 0.171875
0 0.455078 0.660156 0.144531 0.140625
1 0.498047 0.171875 0.980469 0.328125
1 0.869141 0.816406 0.253906 0.359375
1 0.580078 0.875000 0.472656 0.250000
1 0.382812 0.412109 0.156250 0.324219
1 0.582031 0.318359 0.210938 0.160156
1 0.169922 0.326172 0.324219 0.207031
0 0.097656 0.816406 0.125000 0.140625
1 0.097656 0.947266 0.179688 0.097656
