0 0.322266 0.328125 0.308594 0.101562
0 0.541016 0.341797 0.128906 0.082031
0 0.343750 0.611328 0.265625 0.089844
0 0.455078 0.648438 0.160156 0.078125
0 0.826172 0.732422 0.214844 0.121094
0 0.308594 0.171875 0.093750 0.093750
0 0.421875 0.041016 0.125000 0.050781
0 0.546875 0.187500 0.125000 0.093750
0 0.529297 0.091797 0.183594 0.042969
0 0.189453 0.203125 0.152344 0.046875
0 0.916016 0.775391 0.144531 0.113281
0 0.640625 0.199219 0.062500 0.062500
1 0.626953 0.669922 0.183594 0.277344
0 0.375000 0.617188 0.140625 0.101562
1 0.777344 0.863281 0.125000 0.109375
1 0.923828 0.876953 0.144531 0.089844
1 0.437500 0.746094 0.218750 0.093750
