0 0.281250 0.451172 0.109375 0.089844
0 0.439453 0.447266 0.222656 0.082031
0 0.648438 0.453125 0.171875 0.078125
0 0.185547 0.492188 0.128906 0.046875
0 0.529297 0.066406 0.152344 0.125000
0 0.642578 0.634766 0.097656 0.292969
0 0.853516 0.468750 0.105469 0.093750
1 0.484375 0.267578 0.218750 0.253906
1 0.845703 0.275391 0.300781 0.269531
1 0.203125 0.191406 0.390625 0.375000
1 0.388672 0.087891 0.121094 0.167969
1 0.843750 0.687500 0.281250 0.328125
1 0.296875 0.734375 0.585938 0.437500
1 0.792969 0.892578 0.406250 0.214844
1 0.794922 0.160156 0.363281 0.312500
1 0.656250 0.335938 0.109375 0.148438
