0 0.554688 0.742188 0.156250 0.140625
0 0.623047 0.750000 0.128906 0.093750
0 0.435547 0.714844 0.128906 0.078125
0 0.343750 0.720703 0.031250 0.058594
0 0.763672 0.968750 0.128906 0.062500
0 0.642578 0.964844 0.121094 0.054688
0 0.066406 0.908203 0.125000 0.082031
0 0.748047 0.824219 0.082031 0.054688
0 0.785156 0.671875 0.062500 0.046875
0 0.080078 0.705078 0.152344 0.066406
1 0.242188 0.705078 0.156250 0.121094
0 0.316406 0.796875 0.109375 0.046875
0 0.429688 0.867188 0.101562 0.218750
1 0.890625 0.816406 0.218750 0.226562
1 0.130859 0.812500 0.253906 0.125000
1 0.312500 0.917969 0.125000 0.164062
1 0.216797 0.908203 0.152344 0.160156
0 0.037109 0.964844 0.066406 0.070312
1 0.906250 0.658203 0.171875 0.152344
0 0.417969 0.578125 0.101562 0.046875
0 0.431641 0.642578 0.082031 0.058594
1 0.546875 0.580078 0.140625 0.128906
0 0.650391 0.652344 0.074219 0.046875
1 0.591797 0.871094 0.214844 0.117188
1 0.765625 0.890625 0.125000 0.078125
1 0.722656 0.703125 0.062500 0.171875
0 0.605469 0.447266 0.125000 0.066406
