0 0.455078 0.275391 0.285156 0.050781
0 0.449219 0.238281 0.117188 0.039062
0 0.449219 0.494141 0.109375 0.105469
0 0.480469 0.609375 0.117188 0.125000
0 0.607422 0.654297 0.136719 0.152344
0 0.720703 0.638672 0.097656 0.113281
0 0.779297 0.748047 0.074219 0.074219
0 0.835938 0.753906 0.070312 0.140625
0 0.810547 0.646484 0.089844 0.074219
0 0.898438 0.777344 0.078125 0.132812
0 0.390625 0.562500 0.046875 0.031250
0 0.544922 0.498047 0.082031 0.089844
0 0.564453 0.349609 0.121094 0.050781
0 0.718750 0.746094 0.093750 0.046875
0 0.347656 0.537109 0.046875 0.042969
0 0.960938 0.849609 0.078125 0.097656
1 0.935547 0.638672 0.121094 0.136719
0 0.621094 0.728516 0.117188 0.050781
0 0.521484 0.679688 0.097656 0.062500
0 0.593750 0.501953 0.046875 0.058594
1 0.712891 0.490234 0.160156 0.160156
0 0.435547 0.298828 0.128906 0.050781
1 0.359375 0.398438 0.156250 0.054688
0 0.373047 0.451172 0.058594 0.042969
1 0.691406 0.345703 0.101562 0.136719
1 0.865234 0.509766 0.128906 0.136719
1 0.658203 0.833984 0.136719 0.121094
1 0.359375 0.656250 0.117188 0.117188
1 0.273438 0.474609 0.101562 0.066406
0 0.253906 0.087891 0.164062 0.082031
0 0.369141 0.082031 0.082031 0.062500
0 0.525391 0.101562 0.128906 0.046875
0 0.638672 0.099609 0.089844 0.058594
0 0.753906 0.027344 0.132812 0.039062
0 0.488281 0.367188 0.062500 0.031250
1 0.257812 0.314453 0.109375 0.113281
1 0.333984 0.210938 0.121094 0.062500
0 0.474609 0.226562 0.058594 0.039062
