0 0.429688 0.640625 0.132812 0.109375
0 0.494141 0.544922 0.113281 0.082031
0 0.533203 0.478516 0.074219 0.058594
0 0.597656 0.236328 0.031250 0.042969
0 0.578125 0.341797 0.046875 0.058594
0 0.562500 0.410156 0.031250 0.070312
0 0.482422 0.492188 0.027344 0.031250
0 0.464844 0.587891 0.132812 0.089844
0 0.363281 0.648438 0.101562 0.085938
0 0.460938 0.552734 0.101562 0.074219
0 0.550781 0.468750 0.070312 0.148438
1 0.273438 0.306641 0.195312 0.089844
1 0.353516 0.847656 0.480469 0.289062
0 0.623047 0.177734 0.066406 0.050781
1 0.767578 0.474609 0.207031 0.574219
1 0.802734 0.679688 0.394531 0.578125
1 0.216797 0.478516 0.269531 0.230469
1 0.173828 0.734375 0.261719 0.281250
1 0.394531 0.416016 0.140625 0.167969
