0 0.486328 0.390625 0.191406 0.218750
0 0.689453 0.472656 0.191406 0.242188
0 0.326172 0.277344 0.121094 0.132812
0 0.642578 0.330078 0.097656 0.035156
0 0.414062 0.277344 0.109375 0.078125
0 0.142578 0.171875 0.058594 0.046875
0 0.396484 0.535156 0.058594 0.078125
0 0.833984 0.531250 0.136719 0.242188
0 0.734375 0.595703 0.125000 0.066406
0 0.226562 0.220703 0.093750 0.089844
0 0.275391 0.314453 0.097656 0.097656
0 0.511719 0.500000 0.140625 0.093750
0 0.324219 0.691406 0.101562 0.140625
1 0.494141 0.783203 0.214844 0.410156
1 0.689453 0.816406 0.175781 0.343750
1 0.880859 0.833984 0.207031 0.332031
1 0.527344 0.164062 0.171875 0.148438
1 0.585938 0.205078 0.164062 0.121094
1 0.164062 0.494141 0.320312 0.230469
0 0.359375 0.597656 0.046875 0.117188
1 0.138672 0.787109 0.269531 0.394531
1 0.398438 0.884766 0.273438 0.230469
