0 0.574219 0.591797 0.234375 0.339844
0 0.373047 0.689453 0.160156 0.222656
0 0.376953 0.550781 0.152344 0.164062
0 0.691406 0.375000 0.140625 0.078125
0 0.890625 0.542969 0.148438 0.117188
0 0.761719 0.287109 0.156250 0.082031
0 0.251953 0.667969 0.082031 0.171875
0 0.033203 0.576172 0.058594 0.058594
0 0.933594 0.623047 0.132812 0.097656
1 0.185547 0.478516 0.230469 0.199219
1 0.105469 0.791016 0.187500 0.347656
1 0.376953 0.378906 0.152344 0.164062
1 0.537109 0.324219 0.144531 0.195312
0 0.716797 0.634766 0.113281 0.105469
1 0.953125 0.367188 0.093750 0.234375
