0 0.197266 0.500000 0.074219 0.140625
0 0.296875 0.453125 0.109375 0.046875
0 0.406250 0.455078 0.109375 0.066406
0 0.298828 0.488281 0.089844 0.070312
0 0.257812 0.484375 0.093750 0.093750
0 0.126953 0.527344 0.058594 0.085938
0 0.486328 0.457031 0.144531 0.062500
0 0.607422 0.238281 0.105469 0.046875
0 0.669922 0.246094 0.066406 0.070312
0 0.722656 0.257812 0.156250 0.062500
1 0.134766 0.277344 0.253906 0.140625
1 0.367188 0.273438 0.210938 0.140625
0 0.251953 0.519531 0.089844 0.085938
0 0.406250 0.482422 0.117188 0.050781
1 0.443359 0.656250 0.269531 0.171875
1 0.617188 0.527344 0.101562 0.156250
1 0.474609 0.552734 0.214844 0.089844
1 0.572266 0.335938 0.199219 0.093750
1 0.773438 0.328125 0.203125 0.070312
1 0.886719 0.322266 0.140625 0.113281
