0 0.296875 0.376953 0.234375 0.121094
0 0.597656 0.562500 0.156250 0.093750
1 0.283203 0.541016 0.347656 0.167969
0 0.824219 0.669922 0.179688 0.050781
0 0.742188 0.625000 0.140625 0.156250
0 0.427734 0.697266 0.160156 0.144531
0 0.312500 0.369141 0.156250 0.144531
0 0.718750 0.548828 0.093750 0.058594
0 0.509766 0.373047 0.097656 0.058594
0 0.955078 0.296875 0.082031 0.062500
0 0.839844 0.625000 0.085938 0.093750
1 0.060547 0.466797 0.113281 0.316406
1 0.142578 0.347656 0.066406 0.195312
1 0.173828 0.812500 0.339844 0.375000
1 0.671875 0.888672 0.656250 0.214844
1 0.591797 0.697266 0.152344 0.167969
1 0.828125 0.761719 0.343750 0.093750
