0 0.330078 0.419922 0.214844 0.332031
0 0.621094 0.451172 0.343750 0.214844
0 0.847656 0.421875 0.101562 0.171875
0 0.048828 0.470703 0.089844 0.246094
0 0.046875 0.433594 0.085938 0.062500
0 0.041016 0.535156 0.074219 0.078125
0 0.722656 0.208984 0.179688 0.097656
0 0.894531 0.208984 0.195312 0.136719
0 0.552734 0.240234 0.175781 0.066406
0 0.513672 0.917969 0.160156 0.164062
0 0.578125 0.880859 0.093750 0.089844
0 0.351562 0.943359 0.156250 0.058594
0 0.878906 0.363281 0.171875 0.179688
0 0.707031 0.371094 0.218750 0.117188
0 0.093750 0.126953 0.179688 0.089844
0 0.105469 0.082031 0.078125 0.046875
0 0.380859 0.066406 0.105469 0.039062
1 0.697266 0.085938 0.457031 0.085938
0 0.763672 0.167969 0.128906 0.078125
0 0.539062 0.593750 0.132812 0.101562
1 0.578125 0.734375 0.257812 0.179688
1 0.699219 0.621094 0.164062 0.117188
1 0.234375 0.716797 0.437500 0.199219
1 0.123047 0.896484 0.238281 0.160156
1 0.335938 0.847656 0.195312 0.125000
