0 0.246094 0.234375 0.203125 0.140625
0 0.394531 0.222656 0.085938 0.132812
0 0.167969 0.253906 0.125000 0.101562
0 0.423828 0.623047 0.128906 0.191406
0 0.531250 0.671875 0.125000 0.218750
0 0.634766 0.632812 0.160156 0.109375
0 0.242188 0.560547 0.148438 0.066406
0 0.328125 0.607422 0.101562 0.160156
0 0.414062 0.671875 0.117188 0.156250
0 0.560547 0.765625 0.105469 0.164062
0 0.714844 0.578125 0.117188 0.046875
0 0.679688 0.640625 0.171875 0.054688
0 0.570312 0.859375 0.078125 0.109375
0 0.187500 0.337891 0.101562 0.074219
0 0.232422 0.162109 0.113281 0.042969
0 0.277344 0.300781 0.070312 0.062500
0 0.472656 0.253906 0.070312 0.070312
0 0.226562 0.447266 0.140625 0.144531
1 0.449219 0.412109 0.242188 0.214844
1 0.507812 0.179688 0.132812 0.078125
1 0.560547 0.251953 0.089844 0.113281
0 0.810547 0.578125 0.082031 0.039062
1 0.884766 0.791016 0.230469 0.386719
0 0.613281 0.708984 0.093750 0.089844
1 0.738281 0.835938 0.148438 0.281250
0 0.603516 0.886719 0.074219 0.054688
1 0.136719 0.671875 0.265625 0.156250
1 0.703125 0.425781 0.250000 0.234375
1 0.302734 0.837891 0.316406 0.160156
1 0.080078 0.523438 0.144531 0.125000
