0 0.492188 0.500000 0.242188 0.218750
0 0.666016 0.591797 0.152344 0.066406
0 0.617188 0.480469 0.109375 0.140625
0 0.476562 0.369141 0.335938 0.113281
0 0.240234 0.492188 0.246094 0.070312
0 0.298828 0.562500 0.152344 0.101562
0 0.140625 0.105469 0.093750 0.085938
0 0.230469 0.128906 0.117188 0.062500
0 0.316406 0.189453 0.125000 0.082031
0 0.375000 0.039062 0.164062 0.039062
1 0.164062 0.339844 0.296875 0.210938
1 0.894531 0.228516 0.210938 0.292969
1 0.488281 0.199219 0.195312 0.117188
1 0.927734 0.488281 0.144531 0.203125
1 0.107422 0.583984 0.183594 0.105469
1 0.123047 0.201172 0.238281 0.097656
0 0.097656 0.091797 0.132812 0.042969
1 0.785156 0.128906 0.273438 0.242188
