0 0.505859 0.554688 0.339844 0.210938
0 0.548828 0.462891 0.160156 0.144531
0 0.388672 0.589844 0.214844 0.226562
0 0.439453 0.638672 0.222656 0.199219
0 0.476562 0.750000 0.062500 0.125000
1 0.386719 0.894531 0.140625 0.210938
1 0.646484 0.894531 0.152344 0.187500
1 0.849609 0.628906 0.300781 0.304688
1 0.816406 0.896484 0.187500 0.207031
1 0.273438 0.773438 0.164062 0.171875
1 0.232422 0.578125 0.058594 0.234375
0 0.605469 0.664062 0.140625 0.171875
0 0.521484 0.757812 0.097656 0.093750
0 0.488281 0.443359 0.085938 0.160156
0 0.433594 0.476562 0.156250 0.109375
