0 0.664062 0.250000 0.226562 0.125000
0 0.531250 0.271484 0.078125 0.128906
0 0.634766 0.384766 0.152344 0.167969
0 0.455078 0.365234 0.128906 0.191406
0 0.359375 0.421875 0.078125 0.171875
0 0.455078 0.490234 0.121094 0.105469
0 0.583984 0.435547 0.167969 0.183594
0 0.281250 0.449219 0.078125 0.148438
0 0.218750 0.468750 0.046875 0.093750
0 0.492188 0.855469 0.062500 0.250000
0 0.330078 0.917969 0.230469 0.164062
0 0.406250 0.548828 0.140625 0.089844
1 0.855469 0.419922 0.156250 0.496094
1 0.763672 0.742188 0.175781 0.515625
1 0.330078 0.712891 0.269531 0.238281
1 0.109375 0.886719 0.203125 0.226562
1 0.576172 0.638672 0.175781 0.183594
1 0.607422 0.869141 0.152344 0.261719
1 0.902344 0.140625 0.148438 0.125000
