0 0.503906 0.691406 0.164062 0.281250
0 0.613281 0.716797 0.148438 0.214844
0 0.568359 0.556641 0.160156 0.207031
0 0.576172 0.080078 0.167969 0.152344
0 0.761719 0.505859 0.226562 0.152344
0 0.714844 0.697266 0.125000 0.222656
0 0.449219 0.767578 0.132812 0.269531
0 0.396484 0.910156 0.105469 0.125000
0 0.628906 0.310547 0.101562 0.292969
0 0.666016 0.111328 0.097656 0.144531
1 0.908203 0.265625 0.144531 0.320312
1 0.927734 0.488281 0.097656 0.156250
1 0.894531 0.792969 0.195312 0.406250
1 0.669922 0.921875 0.277344 0.156250
