0 0.138672 0.761719 0.152344 0.070312
0 0.242188 0.718750 0.054688 0.062500
0 0.296875 0.701172 0.062500 0.066406
0 0.187500 0.710938 0.046875 0.039062
0 0.306641 0.765625 0.050781 0.062500
0 0.263672 0.751953 0.074219 0.097656
0 0.837891 0.718750 0.082031 0.093750
0 0.906250 0.714844 0.093750 0.132812
0 0.804688 0.640625 0.031250 0.062500
0 0.750000 0.648438 0.031250 0.046875
0 0.716797 0.697266 0.035156 0.089844
0 0.763672 0.712891 0.058594 0.066406
0 0.687500 0.699219 0.078125 0.054688
0 0.605469 0.728516 0.078125 0.050781
0 0.837891 0.648438 0.042969 0.078125
0 0.316406 0.687500 0.062500 0.046875
