0 0.416016 0.398438 0.199219 0.187500
0 0.542969 0.437500 0.054688 0.234375
0 0.591797 0.460938 0.058594 0.179688
0 0.625000 0.466797 0.109375 0.152344
0 0.447266 0.494141 0.136719 0.089844
0 0.455078 0.298828 0.160156 0.066406
0 0.296875 0.376953 0.140625 0.160156
0 0.199219 0.406250 0.070312 0.078125
1 0.267578 0.130859 0.527344 0.253906
1 0.765625 0.167969 0.468750 0.203125
1 0.080078 0.328125 0.152344 0.140625
1 0.785156 0.312500 0.406250 0.093750
1 0.841797 0.671875 0.300781 0.656250
1 0.373047 0.781250 0.722656 0.421875
0 0.154297 0.417969 0.082031 0.054688
1 0.050781 0.496094 0.093750 0.187500
