0 0.109375 0.439453 0.210938 0.066406
0 0.373047 0.419922 0.128906 0.097656
0 0.484375 0.398438 0.078125 0.109375
0 0.558594 0.376953 0.101562 0.105469
0 0.671875 0.359375 0.125000 0.093750
0 0.765625 0.357422 0.046875 0.089844
0 0.812500 0.343750 0.109375 0.078125
0 0.236328 0.416016 0.152344 0.074219
0 0.378906 0.376953 0.125000 0.113281
1 0.298828 0.671875 0.589844 0.390625
1 0.791016 0.544922 0.417969 0.222656
1 0.423828 0.250000 0.238281 0.140625
1 0.154297 0.322266 0.292969 0.097656
1 0.175781 0.933594 0.343750 0.132812
1 0.634766 0.201172 0.191406 0.214844
