0 0.619141 0.591797 0.238281 0.121094
0 0.591797 0.720703 0.136719 0.136719
0 0.716797 0.722656 0.128906 0.156250
0 0.755859 0.603516 0.074219 0.089844
0 0.449219 0.603516 0.085938 0.082031
0 0.423828 0.353516 0.089844 0.121094
0 0.494141 0.359375 0.042969 0.109375
0 0.496094 0.748047 0.046875 0.121094
0 0.433594 0.763672 0.070312 0.089844
0 0.355469 0.785156 0.085938 0.093750
0 0.531250 0.375000 0.039062 0.078125
0 0.576172 0.378906 0.042969 0.062500
0 0.341797 0.310547 0.066406 0.066406
0 0.265625 0.304688 0.078125 0.070312
0 0.470703 0.498047 0.058594 0.058594
0 0.410156 0.509766 0.054688 0.050781
0 0.605469 0.455078 0.117188 0.035156
0 0.630859 0.373047 0.058594 0.035156
0 0.203125 0.273438 0.046875 0.031250
0 0.367188 0.517578 0.062500 0.042969
0 0.142578 0.884766 0.175781 0.207031
0 0.273438 0.822266 0.078125 0.082031
1 0.158203 0.597656 0.300781 0.320312
1 0.343750 0.634766 0.101562 0.175781
1 0.419922 0.679688 0.097656 0.062500
1 0.740234 0.470703 0.121094 0.105469
1 0.623047 0.501953 0.136719 0.042969
1 0.906250 0.742188 0.187500 0.507812
1 0.656250 0.908203 0.312500 0.183594
1 0.458984 0.916016 0.261719 0.160156
1 0.300781 0.933594 0.140625 0.132812
1 0.279297 0.416016 0.183594 0.152344
1 0.050781 0.390625 0.093750 0.164062
