0 0.359375 0.527344 0.109375 0.070312
0 0.412109 0.628906 0.105469 0.062500
0 0.599609 0.580078 0.074219 0.035156
0 0.574219 0.591797 0.070312 0.035156
0 0.734375 0.560547 0.070312 0.050781
0 0.138672 0.689453 0.097656 0.042969
0 0.136719 0.578125 0.046875 0.031250
1 0.642578 0.482422 0.214844 0.105469
1 0.884766 0.527344 0.230469 0.179688
1 0.234375 0.564453 0.125000 0.191406
1 0.328125 0.609375 0.054688 0.085938
1 0.054688 0.587891 0.101562 0.175781
1 0.156250 0.630859 0.109375 0.066406
1 0.476562 0.519531 0.125000 0.156250
1 0.339844 0.730469 0.234375 0.132812
