0 0.416016 0.527344 0.089844 0.281250
0 0.654297 0.482422 0.121094 0.246094
0 0.742188 0.359375 0.062500 0.156250
0 0.796875 0.359375 0.062500 0.109375
0 0.875000 0.359375 0.078125 0.109375
0 0.791016 0.531250 0.144531 0.125000
0 0.527344 0.509766 0.125000 0.144531
0 0.531250 0.656250 0.125000 0.062500
0 0.640625 0.609375 0.140625 0.093750
0 0.324219 0.605469 0.085938 0.156250
0 0.203125 0.669922 0.062500 0.074219
0 0.107422 0.671875 0.042969 0.062500
0 0.515625 0.464844 0.109375 0.117188
0 0.669922 0.378906 0.105469 0.125000
0 0.712891 0.283203 0.089844 0.058594
0 0.935547 0.228516 0.113281 0.082031
0 0.527344 0.744141 0.117188 0.113281
0 0.291016 0.656250 0.105469 0.125000
0 0.169922 0.669922 0.082031 0.097656
0 0.375000 0.439453 0.078125 0.097656
0 0.076172 0.669922 0.050781 0.058594
0 0.025391 0.328125 0.042969 0.093750
0 0.109375 0.281250 0.062500 0.062500
0 0.085938 0.046875 0.132812 0.062500
0 0.150391 0.119141 0.082031 0.050781
0 0.072266 0.140625 0.066406 0.046875
0 0.025391 0.152344 0.042969 0.062500
1 0.824219 0.691406 0.203125 0.171875
