0 0.566406 0.402344 0.125000 0.257812
0 0.710938 0.326172 0.148438 0.136719
0 0.781250 0.248047 0.140625 0.019531
0 0.875000 0.267578 0.046875 0.097656
0 0.814453 0.294922 0.058594 0.066406
0 0.951172 0.230469 0.089844 0.046875
0 0.976562 0.244141 0.046875 0.074219
0 0.902344 0.263672 0.085938 0.066406
0 0.437500 0.339844 0.140625 0.085938
0 0.488281 0.404297 0.031250 0.027344
0 0.462891 0.529297 0.097656 0.050781
0 0.539062 0.601562 0.054688 0.218750
0 0.591797 0.634766 0.042969 0.097656
0 0.593750 0.621094 0.078125 0.070312
0 0.435547 0.650391 0.144531 0.128906
0 0.222656 0.484375 0.242188 0.062500
0 0.261719 0.337891 0.085938 0.066406
0 0.150391 0.292969 0.066406 0.039062
0 0.898438 0.431641 0.203125 0.128906
0 0.921875 0.355469 0.078125 0.023438
0 0.757812 0.443359 0.078125 0.097656
0 0.646484 0.449219 0.128906 0.109375
1 0.238281 0.671875 0.234375 0.289062
1 0.246094 0.074219 0.312500 0.140625
1 0.513672 0.052734 0.214844 0.097656
1 0.078125 0.644531 0.125000 0.226562
