0 0.718750 0.765625 0.187500 0.468750
0 0.886719 0.701172 0.140625 0.597656
0 0.980469 0.732422 0.031250 0.519531
0 0.548828 0.710938 0.214844 0.359375
0 0.400391 0.718750 0.144531 0.296875
0 0.265625 0.732422 0.125000 0.261719
0 0.187500 0.720703 0.132812 0.191406
0 0.091797 0.732422 0.058594 0.097656
0 0.314453 0.611328 0.089844 0.082031
0 0.750000 0.419922 0.109375 0.121094
0 0.736328 0.531250 0.152344 0.062500
0 0.591797 0.910156 0.199219 0.156250
0 0.322266 0.861328 0.136719 0.121094
1 0.496094 0.345703 0.312500 0.316406
1 0.173828 0.376953 0.339844 0.363281
1 0.826172 0.244141 0.339844 0.230469
0 0.609375 0.074219 0.171875 0.101562
0 0.443359 0.082031 0.152344 0.132812
0 0.304688 0.076172 0.179688 0.074219
0 0.734375 0.044922 0.078125 0.050781
1 0.183594 0.199219 0.335938 0.171875
1 0.109375 0.916016 0.203125 0.167969
1 0.337891 0.966797 0.253906 0.066406
1 0.441406 0.941406 0.093750 0.109375
1 0.060547 0.611328 0.113281 0.121094
