0 0.308594 0.437500 0.195312 0.171875
0 0.437500 0.574219 0.140625 0.210938
0 0.515625 0.621094 0.171875 0.226562
0 0.685547 0.541016 0.332031 0.128906
0 0.478516 0.720703 0.097656 0.066406
0 0.335938 0.621094 0.156250 0.179688
0 0.085938 0.576172 0.125000 0.074219
0 0.242188 0.587891 0.187500 0.136719
0 0.218750 0.697266 0.078125 0.144531
0 0.636719 0.128906 0.171875 0.101562
0 0.498047 0.218750 0.199219 0.078125
0 0.572266 0.199219 0.082031 0.125000
0 0.873047 0.781250 0.175781 0.203125
0 0.597656 0.654297 0.132812 0.136719
1 0.291016 0.222656 0.191406 0.234375
1 0.109375 0.359375 0.187500 0.296875
1 0.376953 0.855469 0.410156 0.156250
1 0.681641 0.867188 0.191406 0.265625
1 0.923828 0.572266 0.128906 0.199219
1 0.720703 0.734375 0.089844 0.250000
1 0.636719 0.363281 0.445312 0.195312
