0 0.625000 0.599609 0.257812 0.199219
0 0.953125 0.546875 0.093750 0.218750
0 0.826172 0.554688 0.152344 0.265625
0 0.189453 0.757812 0.121094 0.085938
0 0.410156 0.574219 0.171875 0.171875
0 0.515625 0.492188 0.156250 0.070312
0 0.345703 0.710938 0.191406 0.148438
0 0.447266 0.324219 0.113281 0.062500
0 0.253906 0.421875 0.156250 0.101562
1 0.386719 0.421875 0.093750 0.125000
1 0.583984 0.408203 0.292969 0.097656
1 0.677734 0.378906 0.152344 0.242188
1 0.820312 0.322266 0.148438 0.183594
0 0.521484 0.287109 0.089844 0.042969
1 0.093750 0.548828 0.164062 0.332031
1 0.244141 0.556641 0.167969 0.160156
0 0.457031 0.685547 0.132812 0.105469
1 0.771484 0.857422 0.449219 0.285156
1 0.294922 0.904297 0.527344 0.191406
1 0.572266 0.851562 0.253906 0.218750
1 0.064453 0.787109 0.121094 0.167969
