0 0.500000 0.714844 0.468750 0.242188
0 0.369141 0.886719 0.277344 0.093750
0 0.519531 0.609375 0.320312 0.117188
0 0.748047 0.708984 0.121094 0.207031
0 0.503906 0.837891 0.226562 0.144531
0 0.351562 0.654297 0.109375 0.175781
0 0.324219 0.947266 0.156250 0.105469
0 0.244141 0.960938 0.082031 0.078125
1 0.511719 0.273438 0.960938 0.539062
1 0.906250 0.775391 0.179688 0.449219
0 0.615234 0.806641 0.144531 0.128906
1 0.789062 0.921875 0.187500 0.156250
1 0.115234 0.734375 0.214844 0.382812
1 0.800781 0.533203 0.117188 0.144531
1 0.736328 0.523438 0.113281 0.132812
1 0.699219 0.939453 0.164062 0.121094
0 0.437500 0.923828 0.132812 0.082031
1 0.580078 0.960938 0.128906 0.078125
