0 0.503906 0.312500 0.085938 0.234375
0 0.488281 0.457031 0.101562 0.148438
0 0.455078 0.326172 0.191406 0.113281
0 0.431641 0.583984 0.136719 0.207031
0 0.601562 0.306641 0.101562 0.261719
0 0.423828 0.794922 0.128906 0.222656
0 0.505859 0.728516 0.074219 0.214844
1 0.781250 0.683594 0.437500 0.406250
1 0.824219 0.107422 0.148438 0.199219
0 0.654297 0.287109 0.089844 0.113281
1 0.876953 0.593750 0.230469 0.523438
1 0.833984 0.917969 0.308594 0.164062
1 0.269531 0.839844 0.140625 0.101562
1 0.171875 0.933594 0.132812 0.132812
1 0.130859 0.751953 0.222656 0.144531
1 0.039062 0.910156 0.070312 0.179688
