0 0.478516 0.431641 0.136719 0.292969
0 0.544922 0.554688 0.113281 0.382812
0 0.496094 0.607422 0.093750 0.175781
0 0.388672 0.527344 0.082031 0.171875
0 0.414062 0.238281 0.085938 0.117188
0 0.808594 0.466797 0.054688 0.167969
1 0.576172 0.146484 0.222656 0.277344
1 0.382812 0.087891 0.273438 0.160156
1 0.220703 0.345703 0.238281 0.363281
1 0.693359 0.523438 0.160156 0.460938
1 0.615234 0.824219 0.378906 0.125000
1 0.322266 0.718750 0.253906 0.179688
1 0.605469 0.306641 0.109375 0.113281
1 0.250000 0.587891 0.171875 0.191406
1 0.921875 0.517578 0.156250 0.332031
1 0.833984 0.644531 0.144531 0.164062
1 0.808594 0.277344 0.210938 0.187500
1 0.357422 0.904297 0.207031 0.191406
1 0.722656 0.929688 0.234375 0.140625
