0 0.140625 0.947266 0.250000 0.105469
0 0.398438 0.933594 0.312500 0.125000
0 0.494141 0.828125 0.105469 0.109375
0 0.453125 0.589844 0.125000 0.085938
0 0.447266 0.501953 0.074219 0.082031
0 0.871094 0.509766 0.242188 0.230469
0 0.837891 0.767578 0.324219 0.269531
0 0.648438 0.873047 0.195312 0.246094
0 0.845703 0.947266 0.285156 0.082031
0 0.458984 0.867188 0.136719 0.093750
0 0.902344 0.382812 0.171875 0.156250
0 0.675781 0.525391 0.164062 0.207031
1 0.439453 0.314453 0.316406 0.285156
1 0.154297 0.585938 0.285156 0.492188
1 0.423828 0.701172 0.253906 0.128906
1 0.583984 0.683594 0.074219 0.117188
1 0.554688 0.544922 0.078125 0.167969
1 0.341797 0.556641 0.089844 0.191406
1 0.298828 0.773438 0.167969 0.171875
1 0.386719 0.761719 0.085938 0.109375
