0 0.105469 0.580078 0.203125 0.191406
0 0.226562 0.578125 0.093750 0.179688
0 0.277344 0.582031 0.093750 0.125000
0 0.332031 0.583984 0.070312 0.066406
0 0.072266 0.669922 0.136719 0.082031
0 0.041016 0.464844 0.074219 0.031250
0 0.781250 0.562500 0.117188 0.062500
0 0.884766 0.355469 0.097656 0.046875
1 0.388672 0.398438 0.300781 0.187500
1 0.552734 0.603516 0.332031 0.214844
1 0.919922 0.544922 0.152344 0.207031
1 0.169922 0.406250 0.183594 0.148438
1 0.685547 0.392578 0.285156 0.214844
1 0.794922 0.460938 0.144531 0.132812
1 0.808594 0.667969 0.195312 0.132812
1 0.970703 0.384766 0.058594 0.136719
1 0.886719 0.285156 0.117188 0.078125
