0 0.400391 0.503906 0.097656 0.234375
0 0.503906 0.416016 0.093750 0.113281
0 0.593750 0.421875 0.078125 0.078125
0 0.646484 0.425781 0.097656 0.070312
0 0.410156 0.421875 0.085938 0.093750
0 0.310547 0.546875 0.066406 0.203125
0 0.251953 0.574219 0.058594 0.140625
0 0.369141 0.628906 0.136719 0.078125
0 0.478516 0.533203 0.058594 0.136719
1 0.710938 0.220703 0.421875 0.253906
1 0.818359 0.460938 0.230469 0.320312
1 0.656250 0.593750 0.250000 0.242188
1 0.478516 0.820312 0.503906 0.289062
1 0.261719 0.177734 0.507812 0.339844
1 0.130859 0.820312 0.230469 0.351562
1 0.109375 0.496094 0.210938 0.351562
