0 0.496094 0.248047 0.257812 0.285156
0 0.677734 0.279297 0.097656 0.308594
0 0.755859 0.275391 0.113281 0.292969
0 0.337891 0.464844 0.113281 0.414062
0 0.501953 0.550781 0.222656 0.304688
0 0.755859 0.607422 0.269531 0.355469
0 0.267578 0.484375 0.089844 0.398438
0 0.246094 0.501953 0.156250 0.191406
0 0.554688 0.126953 0.218750 0.097656
0 0.570312 0.083984 0.148438 0.082031
0 0.730469 0.861328 0.242188 0.160156
0 0.335938 0.253906 0.078125 0.101562
0 0.164062 0.511719 0.117188 0.140625
0 0.218750 0.658203 0.195312 0.121094
1 0.857422 0.296875 0.089844 0.257812
1 0.943359 0.326172 0.113281 0.191406
0 0.806641 0.955078 0.316406 0.089844
1 0.470703 0.855469 0.261719 0.289062
1 0.179688 0.863281 0.351562 0.273438
1 0.052734 0.626953 0.097656 0.246094
