0 0.453125 0.654297 0.265625 0.105469
0 0.626953 0.712891 0.074219 0.113281
0 0.498047 0.683594 0.183594 0.140625
0 0.865234 0.294922 0.097656 0.199219
0 0.953125 0.244141 0.078125 0.089844
0 0.857422 0.095703 0.144531 0.058594
0 0.507812 0.607422 0.210938 0.113281
0 0.654297 0.578125 0.066406 0.171875
0 0.753906 0.623047 0.125000 0.136719
0 0.421875 0.916016 0.140625 0.097656
0 0.031250 0.935547 0.054688 0.121094
0 0.302734 0.673828 0.121094 0.082031
0 0.712891 0.296875 0.066406 0.109375
0 0.722656 0.716797 0.140625 0.128906
0 0.480469 0.552734 0.093750 0.074219
0 0.875000 0.326172 0.078125 0.144531
0 0.941406 0.099609 0.070312 0.050781
0 0.386719 0.740234 0.132812 0.097656
0 0.423828 0.865234 0.113281 0.050781
0 0.414062 0.966797 0.093750 0.066406
0 0.078125 0.957031 0.093750 0.062500
0 0.207031 0.697266 0.125000 0.105469
1 0.125000 0.457031 0.234375 0.351562
1 0.072266 0.755859 0.136719 0.230469
1 0.230469 0.865234 0.171875 0.222656
0 0.962891 0.818359 0.074219 0.082031
1 0.890625 0.546875 0.125000 0.140625
1 0.863281 0.773438 0.093750 0.171875
1 0.816406 0.917969 0.093750 0.156250
