0 0.687500 0.546875 0.375000 0.250000
0 0.439453 0.589844 0.152344 0.164062
0 0.292969 0.611328 0.132812 0.113281
0 0.617188 0.812500 0.234375 0.078125
0 0.480469 0.482422 0.109375 0.113281
1 0.685547 0.123047 0.183594 0.144531
1 0.285156 0.437500 0.281250 0.125000
1 0.123047 0.552734 0.199219 0.261719
1 0.294922 0.494141 0.128906 0.105469
1 0.333984 0.841797 0.308594 0.316406
1 0.363281 0.189453 0.320312 0.363281
1 0.701172 0.306641 0.371094 0.222656
1 0.140625 0.210938 0.273438 0.414062
0 0.884766 0.527344 0.136719 0.093750
1 0.935547 0.789062 0.113281 0.421875
1 0.712891 0.722656 0.402344 0.101562
1 0.814453 0.878906 0.160156 0.242188
1 0.628906 0.929688 0.273438 0.140625
