0 0.093750 0.294922 0.179688 0.316406
0 0.261719 0.406250 0.140625 0.382812
0 0.410156 0.470703 0.062500 0.433594
0 0.750000 0.597656 0.500000 0.226562
0 0.742188 0.750000 0.492188 0.062500
0 0.568359 0.427734 0.363281 0.105469
0 0.824219 0.484375 0.132812 0.164062
0 0.470703 0.326172 0.277344 0.097656
0 0.742188 0.720703 0.179688 0.246094
0 0.492188 0.599609 0.195312 0.269531
0 0.193359 0.476562 0.230469 0.125000
0 0.164062 0.222656 0.171875 0.125000
1 0.097656 0.773438 0.187500 0.453125
1 0.283203 0.806641 0.183594 0.386719
1 0.439453 0.871094 0.128906 0.257812
1 0.716797 0.923828 0.433594 0.152344
1 0.582031 0.892578 0.148438 0.214844
0 0.896484 0.720703 0.207031 0.253906
