0 0.156250 0.359375 0.296875 0.515625
0 0.375000 0.343750 0.125000 0.171875
0 0.607422 0.714844 0.152344 0.164062
0 0.310547 0.689453 0.191406 0.175781
0 0.466797 0.728516 0.121094 0.113281
0 0.496094 0.554688 0.156250 0.093750
0 0.484375 0.306641 0.093750 0.136719
0 0.306641 0.158203 0.113281 0.191406
0 0.689453 0.687500 0.097656 0.125000
0 0.314453 0.470703 0.152344 0.074219
0 0.433594 0.125000 0.140625 0.156250
0 0.468750 0.439453 0.109375 0.136719
0 0.560547 0.072266 0.113281 0.128906
0 0.955078 0.544922 0.089844 0.269531
0 0.906250 0.556641 0.140625 0.144531
0 0.919922 0.123047 0.160156 0.230469
0 0.722656 0.041016 0.218750 0.074219
1 0.732422 0.244141 0.214844 0.355469
1 0.666016 0.417969 0.253906 0.093750
1 0.855469 0.783203 0.140625 0.207031
1 0.931641 0.808594 0.136719 0.226562
1 0.546875 0.906250 0.351562 0.179688
0 0.589844 0.246094 0.117188 0.218750
