0 0.558594 0.093750 0.054688 0.078125
0 0.611328 0.099609 0.058594 0.082031
0 0.642578 0.126953 0.144531 0.066406
0 0.525391 0.101562 0.074219 0.054688
0 0.572266 0.468750 0.175781 0.296875
0 0.714844 0.472656 0.109375 0.289062
0 0.751953 0.488281 0.097656 0.242188
0 0.810547 0.503906 0.066406 0.132812
0 0.390625 0.435547 0.187500 0.246094
0 0.558594 0.318359 0.125000 0.089844
0 0.359375 0.626953 0.148438 0.136719
0 0.595703 0.748047 0.214844 0.253906
0 0.593750 0.863281 0.265625 0.257812
0 0.279297 0.455078 0.222656 0.152344
0 0.734375 0.263672 0.125000 0.058594
0 0.535156 0.210938 0.140625 0.109375
0 0.689453 0.333984 0.128906 0.082031
0 0.531250 0.794922 0.156250 0.175781
1 0.273438 0.851562 0.351562 0.296875
1 0.867188 0.816406 0.265625 0.367188
1 0.142578 0.630859 0.277344 0.183594
1 0.089844 0.474609 0.164062 0.191406
1 0.373047 0.308594 0.113281 0.101562
1 0.906250 0.318359 0.179688 0.230469
1 0.927734 0.539062 0.144531 0.226562
1 0.718750 0.203125 0.203125 0.062500
1 0.417969 0.078125 0.140625 0.148438
