0 0.574219 0.437500 0.359375 0.601562
0 0.365234 0.439453 0.441406 0.386719
0 0.357422 0.298828 0.277344 0.207031
0 0.384766 0.226562 0.167969 0.148438
0 0.355469 0.630859 0.257812 0.152344
0 0.134766 0.531250 0.199219 0.164062
0 0.175781 0.427734 0.179688 0.230469
0 0.798828 0.371094 0.160156 0.382812
0 0.750000 0.552734 0.179688 0.121094
0 0.707031 0.625000 0.187500 0.085938
0 0.029297 0.529297 0.050781 0.136719
1 0.951172 0.212891 0.097656 0.191406
1 0.201172 0.074219 0.371094 0.140625
1 0.515625 0.060547 0.250000 0.113281
1 0.109375 0.179688 0.187500 0.085938
0 0.857422 0.408203 0.105469 0.207031
