0 0.232422 0.375000 0.121094 0.140625
0 0.138672 0.509766 0.113281 0.113281
0 0.228516 0.558594 0.089844 0.210938
0 0.357422 0.562500 0.160156 0.218750
0 0.166016 0.593750 0.152344 0.093750
0 0.187500 0.783203 0.125000 0.308594
0 0.279297 0.703125 0.121094 0.156250
0 0.525391 0.419922 0.183594 0.152344
0 0.656250 0.435547 0.078125 0.136719
0 0.750000 0.484375 0.109375 0.125000
0 0.494141 0.197266 0.136719 0.097656
0 0.593750 0.187500 0.078125 0.109375
0 0.673828 0.337891 0.160156 0.183594
0 0.375000 0.214844 0.078125 0.062500
0 0.189453 0.357422 0.105469 0.089844
0 0.359375 0.410156 0.125000 0.109375
0 0.453125 0.935547 0.218750 0.113281
0 0.312500 0.935547 0.109375 0.121094
0 0.214844 0.968750 0.109375 0.062500
0 0.166016 0.890625 0.105469 0.140625
0 0.837891 0.296875 0.152344 0.078125
0 0.095703 0.451172 0.121094 0.128906
0 0.683594 0.212891 0.070312 0.082031
0 0.316406 0.212891 0.101562 0.042969
0 0.953125 0.330078 0.093750 0.089844
0 0.601562 0.564453 0.226562 0.160156
0 0.462891 0.562500 0.144531 0.179688
0 0.568359 0.839844 0.058594 0.132812
1 0.433594 0.291016 0.281250 0.082031
