0 0.701172 0.308594 0.113281 0.257812
0 0.625000 0.406250 0.125000 0.312500
0 0.498047 0.484375 0.097656 0.453125
0 0.542969 0.589844 0.179688 0.125000
0 0.623047 0.392578 0.269531 0.160156
0 0.736328 0.408203 0.105469 0.214844
0 0.398438 0.429688 0.093750 0.289062
0 0.382812 0.716797 0.125000 0.285156
0 0.460938 0.720703 0.078125 0.160156
0 0.312500 0.812500 0.078125 0.328125
0 0.248047 0.781250 0.128906 0.156250
0 0.248047 0.904297 0.074219 0.175781
0 0.386719 0.871094 0.125000 0.242188
0 0.222656 0.939453 0.187500 0.113281
0 0.361328 0.437500 0.160156 0.171875
1 0.898438 0.689453 0.203125 0.574219
1 0.750000 0.785156 0.156250 0.421875
1 0.642578 0.859375 0.222656 0.281250
1 0.904297 0.296875 0.191406 0.234375
