0 0.156250 0.095703 0.078125 0.128906
0 0.236328 0.191406 0.066406 0.257812
0 0.330078 0.218750 0.113281 0.203125
0 0.419922 0.267578 0.089844 0.207031
0 0.298828 0.373047 0.230469 0.089844
0 0.406250 0.023438 0.046875 0.023438
0 0.277344 0.095703 0.132812 0.050781
0 0.167969 0.173828 0.070312 0.097656
0 0.207031 0.267578 0.085938 0.136719
0 0.484375 0.275391 0.031250 0.167969
0 0.546875 0.285156 0.093750 0.156250
0 0.644531 0.328125 0.140625 0.171875
0 0.750000 0.392578 0.125000 0.183594
0 0.794922 0.425781 0.128906 0.148438
0 0.890625 0.462891 0.062500 0.136719
0 0.546875 0.433594 0.265625 0.132812
0 0.753906 0.513672 0.156250 0.183594
0 0.916016 0.564453 0.167969 0.136719
0 0.878906 0.626953 0.140625 0.222656
0 0.927734 0.677734 0.121094 0.128906
0 0.722656 0.716797 0.109375 0.253906
0 0.808594 0.652344 0.117188 0.187500
0 0.585938 0.607422 0.210938 0.230469
0 0.312500 0.468750 0.218750 0.093750
0 0.437500 0.572266 0.218750 0.105469
0 0.271484 0.564453 0.121094 0.128906
0 0.382812 0.703125 0.296875 0.210938
0 0.585938 0.843750 0.203125 0.218750
0 0.708984 0.833984 0.160156 0.207031
0 0.392578 0.902344 0.175781 0.195312
0 0.623047 0.964844 0.308594 0.062500
