0 0.304688 0.585938 0.070312 0.070312
0 0.447266 0.578125 0.136719 0.046875
0 0.541016 0.578125 0.050781 0.046875
0 0.609375 0.423828 0.140625 0.066406
0 0.750000 0.435547 0.125000 0.082031
0 0.812500 0.742188 0.093750 0.054688
0 0.500000 0.408203 0.093750 0.027344
0 0.541016 0.339844 0.097656 0.039062
0 0.406250 0.390625 0.078125 0.062500
0 0.472656 0.326172 0.054688 0.050781
0 0.595703 0.464844 0.082031 0.054688
0 0.671875 0.390625 0.093750 0.031250
0 0.935547 0.328125 0.128906 0.093750
0 0.730469 0.785156 0.140625 0.078125
0 0.248047 0.591797 0.089844 0.058594
0 0.843750 0.410156 0.078125 0.046875
0 0.867188 0.306641 0.062500 0.066406
0 0.330078 0.884766 0.160156 0.105469
0 0.242188 0.941406 0.148438 0.109375
1 0.134766 0.244141 0.222656 0.074219
1 0.169922 0.197266 0.105469 0.113281
0 0.361328 0.582031 0.082031 0.062500
0 0.464844 0.572266 0.070312 0.082031
0 0.779297 0.474609 0.066406 0.058594
0 0.884766 0.728516 0.058594 0.050781
0 0.714844 0.753906 0.062500 0.078125
0 0.769531 0.832031 0.062500 0.078125
1 0.078125 0.695312 0.140625 0.101562
0 0.085938 0.509766 0.085938 0.050781
