0 0.341797 0.546875 0.285156 0.281250
0 0.609375 0.486328 0.218750 0.308594
0 0.812500 0.503906 0.203125 0.289062
0 0.064453 0.500000 0.121094 0.109375
0 0.173828 0.478516 0.097656 0.128906
0 0.441406 0.414062 0.210938 0.148438
0 0.947266 0.525391 0.105469 0.253906
0 0.570312 0.644531 0.210938 0.101562
0 0.330078 0.416016 0.136719 0.097656
0 0.222656 0.619141 0.109375 0.144531
1 0.082031 0.667969 0.156250 0.179688
1 0.839844 0.828125 0.304688 0.343750
1 0.603516 0.849609 0.386719 0.300781
1 0.283203 0.849609 0.386719 0.300781
1 0.638672 0.162109 0.183594 0.292969
1 0.101562 0.283203 0.179688 0.269531
1 0.363281 0.234375 0.367188 0.187500
1 0.070312 0.105469 0.132812 0.203125
