0 0.484375 0.421875 0.187500 0.218750
0 0.667969 0.480469 0.179688 0.320312
0 0.517578 0.595703 0.113281 0.121094
0 0.593750 0.697266 0.179688 0.105469
0 0.337891 0.417969 0.089844 0.179688
0 0.683594 0.189453 0.125000 0.042969
0 0.333984 0.267578 0.105469 0.058594
0 0.906250 0.708984 0.148438 0.121094
0 0.609375 0.746094 0.085938 0.093750
1 0.845703 0.466797 0.160156 0.308594
0 0.292969 0.380859 0.109375 0.082031
1 0.396484 0.666016 0.144531 0.222656
1 0.251953 0.759766 0.160156 0.105469
1 0.845703 0.886719 0.246094 0.203125
1 0.757812 0.738281 0.117188 0.187500
1 0.863281 0.167969 0.203125 0.148438
1 0.503906 0.238281 0.226562 0.148438
1 0.689453 0.263672 0.136719 0.097656
1 0.830078 0.482422 0.128906 0.292969
1 0.183594 0.320312 0.101562 0.226562
