0 0.154297 0.392578 0.128906 0.207031
0 0.285156 0.419922 0.164062 0.277344
0 0.416016 0.439453 0.167969 0.277344
0 0.546875 0.462891 0.140625 0.246094
0 0.654297 0.439453 0.128906 0.167969
0 0.734375 0.429688 0.171875 0.195312
0 0.890625 0.435547 0.203125 0.152344
0 0.050781 0.404297 0.093750 0.121094
0 0.560547 0.595703 0.152344 0.105469
0 0.871094 0.697266 0.085938 0.050781
0 0.884766 0.625000 0.183594 0.046875
0 0.716797 0.609375 0.183594 0.156250
1 0.044922 0.279297 0.082031 0.113281
1 0.121094 0.259766 0.140625 0.035156
0 0.968750 0.558594 0.062500 0.054688
