0 0.482422 0.781250 0.308594 0.390625
0 0.841797 0.437500 0.277344 0.296875
0 0.812500 0.794922 0.375000 0.410156
0 0.046875 0.138672 0.085938 0.269531
0 0.060547 0.199219 0.113281 0.304688
0 0.328125 0.304688 0.140625 0.117188
0 0.302734 0.337891 0.199219 0.128906
0 0.876953 0.294922 0.191406 0.136719
0 0.671875 0.531250 0.078125 0.109375
0 0.560547 0.546875 0.199219 0.078125
0 0.339844 0.687500 0.132812 0.156250
0 0.328125 0.886719 0.171875 0.226562
0 0.140625 0.171875 0.046875 0.218750
0 0.042969 0.367188 0.070312 0.117188
0 0.937500 0.248047 0.109375 0.199219
1 0.523438 0.435547 0.195312 0.128906
1 0.335938 0.484375 0.164062 0.171875
1 0.617188 0.339844 0.125000 0.203125
0 0.201172 0.392578 0.074219 0.082031
1 0.123047 0.816406 0.238281 0.367188
0 0.421875 0.328125 0.070312 0.078125
