0 0.548828 0.521484 0.183594 0.121094
0 0.576172 0.441406 0.113281 0.078125
0 0.433594 0.564453 0.078125 0.113281
0 0.375000 0.091797 0.062500 0.066406
0 0.433594 0.111328 0.078125 0.082031
1 0.789062 0.205078 0.296875 0.394531
0 0.972656 0.242188 0.054688 0.132812
0 0.529297 0.183594 0.113281 0.117188
0 0.121094 0.615234 0.179688 0.082031
0 0.322266 0.583984 0.207031 0.089844
1 0.621094 0.326172 0.125000 0.144531
0 0.484375 0.605469 0.101562 0.117188
1 0.851562 0.857422 0.296875 0.269531
0 0.648438 0.494141 0.070312 0.136719
1 0.269531 0.054688 0.140625 0.101562
0 0.330078 0.308594 0.136719 0.078125
1 0.126953 0.341797 0.246094 0.269531
1 0.318359 0.222656 0.175781 0.078125
1 0.847656 0.582031 0.304688 0.320312
1 0.814453 0.617188 0.269531 0.765625
1 0.951172 0.662109 0.097656 0.675781
1 0.357422 0.841797 0.683594 0.316406
1 0.740234 0.117188 0.464844 0.226562
