0 0.507812 0.714844 0.210938 0.179688
0 0.441406 0.664062 0.265625 0.101562
0 0.625000 0.187500 0.125000 0.062500
0 0.744141 0.201172 0.105469 0.042969
0 0.531250 0.181641 0.062500 0.042969
0 0.349609 0.732422 0.183594 0.082031
0 0.513672 0.607422 0.128906 0.128906
0 0.445312 0.634766 0.101562 0.113281
0 0.558594 0.539062 0.085938 0.101562
0 0.259766 0.759766 0.105469 0.058594
0 0.148438 0.814453 0.062500 0.066406
1 0.822266 0.609375 0.355469 0.757812
1 0.900391 0.189453 0.199219 0.253906
1 0.224609 0.441406 0.441406 0.242188
1 0.488281 0.904297 0.507812 0.167969
0 0.783203 0.187500 0.042969 0.062500
