0 0.273438 0.285156 0.351562 0.226562
0 0.460938 0.326172 0.398438 0.277344
0 0.716797 0.248047 0.285156 0.175781
0 0.373047 0.638672 0.394531 0.105469
0 0.373047 0.722656 0.183594 0.078125
0 0.533203 0.689453 0.152344 0.121094
0 0.642578 0.720703 0.105469 0.128906
0 0.066406 0.296875 0.125000 0.171875
0 0.869141 0.236328 0.152344 0.136719
0 0.904297 0.294922 0.152344 0.121094
1 0.355469 0.521484 0.406250 0.121094
1 0.837891 0.564453 0.246094 0.121094
1 0.736328 0.400391 0.160156 0.128906
0 0.123047 0.652344 0.128906 0.117188
0 0.062500 0.669922 0.117188 0.089844
1 0.578125 0.093750 0.296875 0.125000
1 0.761719 0.074219 0.101562 0.140625
1 0.683594 0.041016 0.140625 0.074219
1 0.892578 0.429688 0.207031 0.164062
0 0.648438 0.531250 0.132812 0.117188
