0 0.185547 0.451172 0.058594 0.027344
0 0.554688 0.447266 0.062500 0.066406
0 0.640625 0.123047 0.343750 0.089844
1 0.609375 0.283203 0.632812 0.230469
0 0.937500 0.558594 0.078125 0.062500
0 0.720703 0.562500 0.058594 0.046875
0 0.187500 0.691406 0.093750 0.078125
0 0.830078 0.814453 0.089844 0.105469
0 0.097656 0.906250 0.070312 0.156250
0 0.554688 0.529297 0.101562 0.058594
1 0.355469 0.625000 0.187500 0.156250
1 0.701172 0.673828 0.535156 0.160156
1 0.509766 0.849609 0.535156 0.292969
1 0.154297 0.291016 0.300781 0.230469
1 0.072266 0.699219 0.121094 0.234375
1 0.248047 0.875000 0.207031 0.250000
1 0.359375 0.503906 0.234375 0.195312
1 0.804688 0.447266 0.390625 0.152344
1 0.072266 0.468750 0.128906 0.125000
1 0.906250 0.128906 0.171875 0.179688
