0 0.472656 0.429688 0.078125 0.273438
0 0.576172 0.371094 0.121094 0.070312
0 0.666016 0.322266 0.066406 0.121094
0 0.585938 0.119141 0.093750 0.042969
0 0.509766 0.136719 0.042969 0.031250
0 0.406250 0.263672 0.031250 0.027344
0 0.392578 0.472656 0.089844 0.203125
0 0.611328 0.513672 0.035156 0.191406
0 0.660156 0.478516 0.054688 0.058594
0 0.517578 0.478516 0.050781 0.175781
0 0.576172 0.429688 0.027344 0.031250
0 0.699219 0.267578 0.046875 0.089844
0 0.599609 0.312500 0.035156 0.046875
0 0.636719 0.507812 0.070312 0.054688
0 0.542969 0.562500 0.109375 0.070312
1 0.708984 0.119141 0.144531 0.207031
1 0.396484 0.132812 0.167969 0.226562
1 0.560547 0.203125 0.207031 0.101562
1 0.576172 0.048828 0.199219 0.089844
1 0.783203 0.345703 0.105469 0.230469
1 0.712891 0.414062 0.136719 0.054688
1 0.312500 0.330078 0.234375 0.082031
1 0.267578 0.484375 0.144531 0.226562
1 0.519531 0.681641 0.320312 0.152344
1 0.703125 0.595703 0.132812 0.113281
1 0.726562 0.498047 0.062500 0.089844
