0 0.234375 0.359375 0.140625 0.109375
0 0.654297 0.417969 0.441406 0.140625
0 0.433594 0.234375 0.335938 0.093750
0 0.679688 0.248047 0.148438 0.066406
0 0.931641 0.408203 0.121094 0.058594
0 0.576172 0.470703 0.277344 0.152344
0 0.373047 0.419922 0.121094 0.246094
0 0.212891 0.500000 0.214844 0.171875
0 0.935547 0.500000 0.128906 0.132812
0 0.513672 0.162109 0.300781 0.035156
1 0.699219 0.783203 0.585938 0.425781
1 0.291016 0.794922 0.566406 0.402344
1 0.037109 0.498047 0.066406 0.183594
1 0.109375 0.326172 0.093750 0.089844
1 0.185547 0.275391 0.097656 0.058594
0 0.251953 0.216797 0.082031 0.042969
