0 0.076172 0.515625 0.144531 0.218750
0 0.511719 0.517578 0.421875 0.246094
0 0.556641 0.687500 0.339844 0.093750
0 0.667969 0.416016 0.109375 0.105469
0 0.554688 0.431641 0.117188 0.121094
0 0.248047 0.642578 0.105469 0.027344
0 0.332031 0.613281 0.109375 0.132812
0 0.134766 0.609375 0.121094 0.093750
0 0.646484 0.722656 0.113281 0.093750
0 0.525391 0.681641 0.136719 0.152344
0 0.271484 0.519531 0.238281 0.226562
0 0.960938 0.490234 0.078125 0.175781
0 0.943359 0.708984 0.113281 0.261719
1 0.257812 0.763672 0.265625 0.136719
1 0.638672 0.230469 0.300781 0.226562
1 0.283203 0.283203 0.339844 0.214844
1 0.107422 0.785156 0.183594 0.250000
1 0.564453 0.830078 0.339844 0.097656
