0 0.337891 0.244141 0.332031 0.136719
0 0.529297 0.406250 0.042969 0.421875
0 0.466797 0.384766 0.441406 0.136719
0 0.591797 0.562500 0.316406 0.203125
0 0.761719 0.578125 0.109375 0.218750
0 0.417969 0.470703 0.242188 0.121094
0 0.560547 0.259766 0.082031 0.105469
0 0.277344 0.355469 0.179688 0.085938
0 0.605469 0.679688 0.265625 0.039062
0 0.767578 0.779297 0.113281 0.246094
0 0.619141 0.703125 0.222656 0.062500
0 0.640625 0.810547 0.140625 0.160156
0 0.617188 0.718750 0.187500 0.140625
0 0.712891 0.390625 0.019531 0.093750
1 0.910156 0.732422 0.171875 0.519531
1 0.251953 0.087891 0.441406 0.167969
1 0.066406 0.589844 0.125000 0.820312
1 0.156250 0.685547 0.109375 0.628906
1 0.923828 0.375000 0.128906 0.156250
1 0.791016 0.343750 0.136719 0.203125
1 0.671875 0.218750 0.125000 0.171875
1 0.306641 0.751953 0.246094 0.488281
1 0.628906 0.951172 0.398438 0.097656
1 0.494141 0.845703 0.160156 0.121094
