0 0.322266 0.416016 0.214844 0.332031
0 0.509766 0.748047 0.121094 0.113281
0 0.580078 0.816406 0.105469 0.093750
0 0.216797 0.632812 0.144531 0.101562
0 0.582031 0.841797 0.078125 0.128906
0 0.265625 0.683594 0.062500 0.054688
0 0.273438 0.482422 0.148438 0.199219
0 0.261719 0.369141 0.117188 0.136719
0 0.468750 0.535156 0.062500 0.093750
0 0.419922 0.345703 0.160156 0.207031
0 0.582031 0.435547 0.164062 0.300781
1 0.367188 0.687500 0.140625 0.218750
1 0.560547 0.640625 0.238281 0.109375
1 0.703125 0.886719 0.132812 0.203125
1 0.833984 0.451172 0.332031 0.199219
