0 0.533203 0.673828 0.097656 0.105469
0 0.607422 0.667969 0.121094 0.085938
0 0.664062 0.630859 0.125000 0.050781
0 0.453125 0.681641 0.062500 0.058594
0 0.253906 0.767578 0.164062 0.074219
0 0.398438 0.703125 0.109375 0.062500
0 0.792969 0.626953 0.117188 0.050781
0 0.490234 0.675781 0.082031 0.085938
0 0.355469 0.728516 0.195312 0.058594
0 0.560547 0.724609 0.113281 0.058594
1 0.087891 0.898438 0.160156 0.203125
0 0.687500 0.658203 0.078125 0.058594
1 0.853516 0.759766 0.230469 0.199219
1 0.582031 0.863281 0.304688 0.187500
1 0.722656 0.765625 0.101562 0.156250
0 0.246094 0.810547 0.125000 0.042969
0 0.312500 0.914062 0.289062 0.132812
0 0.412109 0.843750 0.128906 0.148438
1 0.150391 0.673828 0.191406 0.105469
1 0.921875 0.597656 0.140625 0.164062
1 0.761719 0.544922 0.226562 0.097656
1 0.558594 0.556641 0.234375 0.089844
1 0.365234 0.583984 0.152344 0.113281
1 0.251953 0.615234 0.191406 0.152344
1 0.371094 0.509766 0.187500 0.121094
1 0.126953 0.621094 0.089844 0.195312
1 0.892578 0.511719 0.214844 0.117188
1 0.671875 0.511719 0.234375 0.117188
1 0.541016 0.494141 0.175781 0.105469
1 0.759766 0.892578 0.144531 0.066406
