0 0.384766 0.314453 0.128906 0.277344
0 0.500000 0.343750 0.125000 0.289062
0 0.619141 0.187500 0.089844 0.015625
0 0.578125 0.355469 0.109375 0.304688
0 0.472656 0.443359 0.117188 0.082031
0 0.298828 0.324219 0.050781 0.234375
0 0.314453 0.365234 0.144531 0.121094
0 0.388672 0.212891 0.105469 0.097656
0 0.343750 0.240234 0.093750 0.113281
0 0.667969 0.732422 0.062500 0.121094
0 0.718750 0.835938 0.078125 0.203125
0 0.673828 0.832031 0.050781 0.117188
0 0.626953 0.199219 0.058594 0.078125
1 0.494141 0.080078 0.292969 0.152344
1 0.787109 0.455078 0.292969 0.417969
1 0.865234 0.833984 0.191406 0.332031
1 0.611328 0.591797 0.191406 0.144531
1 0.824219 0.130859 0.296875 0.253906
1 0.691406 0.074219 0.125000 0.140625
1 0.169922 0.626953 0.285156 0.371094
1 0.257812 0.763672 0.507812 0.472656
1 0.550781 0.828125 0.164062 0.343750
