0 0.296875 0.619141 0.585938 0.277344
0 0.328125 0.826172 0.531250 0.128906
0 0.365234 0.931641 0.488281 0.105469
0 0.359375 0.283203 0.468750 0.371094
0 0.691406 0.322266 0.203125 0.441406
0 0.861328 0.220703 0.136719 0.246094
1 0.859375 0.503906 0.125000 0.296875
0 0.732422 0.537109 0.128906 0.152344
1 0.964844 0.562500 0.070312 0.414062
1 0.667969 0.748047 0.117188 0.253906
1 0.693359 0.941406 0.113281 0.117188
0 0.162109 0.296875 0.253906 0.406250
1 0.701172 0.048828 0.207031 0.089844
1 0.302734 0.048828 0.597656 0.089844
0 0.650391 0.556641 0.160156 0.121094
1 0.914062 0.728516 0.140625 0.136719
1 0.966797 0.214844 0.066406 0.421875
1 0.867188 0.046875 0.164062 0.078125
