0 0.484375 0.433594 0.078125 0.125000
0 0.546875 0.464844 0.046875 0.132812
0 0.597656 0.484375 0.054688 0.109375
0 0.638672 0.484375 0.074219 0.093750
0 0.503906 0.503906 0.031250 0.023438
0 0.357422 0.361328 0.050781 0.058594
0 0.416016 0.371094 0.066406 0.039062
0 0.414062 0.404297 0.070312 0.074219
0 0.966797 0.517578 0.050781 0.089844
0 0.316406 0.353516 0.054688 0.058594
0 0.916016 0.546875 0.058594 0.046875
1 0.781250 0.523438 0.203125 0.195312
1 0.179688 0.310547 0.210938 0.160156
1 0.351562 0.271484 0.148438 0.113281
1 0.943359 0.628906 0.113281 0.125000
1 0.593750 0.587891 0.234375 0.097656
1 0.312500 0.455078 0.117188 0.113281
1 0.394531 0.505859 0.101562 0.121094
