0 0.431641 0.107422 0.097656 0.058594
0 0.341797 0.117188 0.066406 0.046875
0 0.296875 0.111328 0.078125 0.042969
0 0.597656 0.244141 0.179688 0.082031
0 0.812500 0.156250 0.265625 0.046875
0 0.828125 0.117188 0.218750 0.031250
0 0.283203 0.410156 0.128906 0.085938
0 0.187500 0.460938 0.062500 0.070312
0 0.248047 0.480469 0.066406 0.031250
0 0.222656 0.435547 0.070312 0.058594
0 0.064453 0.248047 0.121094 0.121094
0 0.171875 0.220703 0.093750 0.128906
0 0.248047 0.205078 0.058594 0.097656
0 0.296875 0.212891 0.031250 0.058594
0 0.511719 0.625000 0.109375 0.187500
0 0.423828 0.625000 0.121094 0.093750
0 0.232422 0.699219 0.074219 0.117188
0 0.156250 0.734375 0.062500 0.109375
0 0.398438 0.888672 0.187500 0.214844
0 0.500000 0.750000 0.125000 0.046875
0 0.529297 0.812500 0.066406 0.062500
0 0.562500 0.921875 0.078125 0.156250
0 0.625000 0.937500 0.046875 0.125000
0 0.503906 0.951172 0.031250 0.097656
0 0.263672 0.906250 0.074219 0.187500
0 0.181641 0.921875 0.089844 0.125000
0 0.085938 0.951172 0.093750 0.097656
1 0.884766 0.509766 0.230469 0.261719
1 0.890625 0.812500 0.218750 0.375000
1 0.691406 0.705078 0.226562 0.253906
1 0.687500 0.423828 0.187500 0.269531
1 0.853516 0.291016 0.292969 0.214844
1 0.484375 0.408203 0.281250 0.222656
1 0.419922 0.244141 0.167969 0.199219
1 0.578125 0.158203 0.187500 0.066406
1 0.814453 0.048828 0.214844 0.074219
1 0.681641 0.066406 0.074219 0.117188
1 0.285156 0.304688 0.125000 0.101562
1 0.078125 0.378906 0.140625 0.132812
1 0.064453 0.716797 0.121094 0.332031
