0 0.390625 0.388672 0.109375 0.292969
0 0.503906 0.419922 0.148438 0.277344
0 0.623047 0.443359 0.144531 0.238281
0 0.716797 0.466797 0.066406 0.214844
0 0.792969 0.496094 0.117188 0.179688
0 0.429688 0.283203 0.171875 0.121094
0 0.291016 0.304688 0.097656 0.125000
0 0.189453 0.285156 0.128906 0.046875
0 0.359375 0.425781 0.171875 0.070312
0 0.302734 0.486328 0.152344 0.082031
0 0.890625 0.544922 0.085938 0.066406
0 0.582031 0.205078 0.125000 0.074219
0 0.380859 0.646484 0.082031 0.082031
0 0.423828 0.720703 0.066406 0.097656
0 0.253906 0.728516 0.117188 0.066406
0 0.218750 0.800781 0.125000 0.078125
0 0.255859 0.658203 0.066406 0.074219
0 0.134766 0.808594 0.082031 0.039062
0 0.164062 0.886719 0.179688 0.046875
0 0.298828 0.908203 0.097656 0.058594
0 0.197266 0.628906 0.105469 0.039062
1 0.623047 0.658203 0.332031 0.183594
1 0.902344 0.695312 0.195312 0.210938
1 0.125000 0.462891 0.187500 0.285156
1 0.101562 0.708984 0.187500 0.105469
1 0.050781 0.820312 0.085938 0.101562
1 0.462891 0.830078 0.347656 0.105469
1 0.656250 0.869141 0.382812 0.238281
0 0.408203 0.925781 0.113281 0.039062
