0 0.541016 0.431641 0.128906 0.058594
0 0.318359 0.697266 0.097656 0.082031
0 0.603516 0.429688 0.082031 0.070312
0 0.529297 0.525391 0.136719 0.128906
0 0.562500 0.410156 0.078125 0.078125
0 0.234375 0.746094 0.101562 0.109375
0 0.345703 0.648438 0.066406 0.093750
0 0.375000 0.703125 0.070312 0.070312
0 0.429688 0.544922 0.101562 0.082031
0 0.611328 0.507812 0.074219 0.109375
1 0.732422 0.615234 0.136719 0.308594
0 0.492188 0.582031 0.085938 0.093750
1 0.677734 0.798828 0.253906 0.402344
1 0.527344 0.828125 0.218750 0.335938
1 0.675781 0.394531 0.062500 0.046875
1 0.234375 0.908203 0.437500 0.175781
