0 0.728516 0.669922 0.113281 0.167969
0 0.669922 0.849609 0.136719 0.160156
0 0.886719 0.701172 0.078125 0.058594
0 0.929688 0.714844 0.101562 0.054688
0 0.781250 0.625000 0.046875 0.062500
0 0.662109 0.716797 0.089844 0.082031
0 0.609375 0.634766 0.125000 0.082031
0 0.634766 0.515625 0.082031 0.046875
0 0.703125 0.548828 0.257812 0.082031
0 0.890625 0.554688 0.078125 0.023438
0 0.945312 0.494141 0.062500 0.027344
0 0.873047 0.609375 0.089844 0.031250
0 0.814453 0.625000 0.027344 0.062500
0 0.906250 0.462891 0.023438 0.019531
1 0.371094 0.847656 0.421875 0.304688
1 0.443359 0.652344 0.207031 0.195312
1 0.517578 0.523438 0.144531 0.085938
1 0.599609 0.441406 0.105469 0.085938
1 0.275391 0.689453 0.175781 0.191406
1 0.148438 0.845703 0.289062 0.300781
