0 0.691406 0.136719 0.187500 0.140625
0 0.671875 0.296875 0.234375 0.171875
0 0.537109 0.333984 0.097656 0.175781
0 0.515625 0.566406 0.218750 0.406250
0 0.673828 0.494141 0.089844 0.207031
0 0.421875 0.587891 0.140625 0.355469
0 0.343750 0.816406 0.093750 0.359375
0 0.484375 0.890625 0.187500 0.218750
0 0.324219 0.849609 0.132812 0.261719
0 0.591797 0.595703 0.191406 0.183594
0 0.537109 0.736328 0.175781 0.207031
0 0.792969 0.130859 0.093750 0.113281
1 0.818359 0.851562 0.363281 0.296875
1 0.863281 0.546875 0.273438 0.312500
1 0.906250 0.296875 0.179688 0.218750
1 0.123047 0.677734 0.238281 0.574219
1 0.294922 0.472656 0.105469 0.304688
1 0.402344 0.253906 0.093750 0.171875
1 0.494141 0.142578 0.097656 0.152344
