0 0.185547 0.498047 0.363281 0.214844
0 0.468750 0.472656 0.203125 0.218750
0 0.611328 0.472656 0.136719 0.171875
0 0.837891 0.478516 0.308594 0.121094
0 0.238281 0.400391 0.281250 0.121094
0 0.480469 0.400391 0.164062 0.121094
0 0.873047 0.429688 0.175781 0.101562
0 0.738281 0.441406 0.132812 0.085938
0 0.753906 0.529297 0.171875 0.058594
1 0.498047 0.699219 0.261719 0.203125
1 0.685547 0.314453 0.214844 0.136719
1 0.902344 0.345703 0.195312 0.074219
1 0.425781 0.285156 0.257812 0.101562
1 0.052734 0.339844 0.089844 0.109375
