0 0.281250 0.468750 0.125000 0.078125
0 0.371094 0.482422 0.046875 0.035156
0 0.310547 0.531250 0.097656 0.031250
0 0.365234 0.322266 0.050781 0.074219
0 0.419922 0.312500 0.042969 0.046875
0 0.527344 0.384766 0.062500 0.019531
0 0.244141 0.359375 0.050781 0.062500
0 0.251953 0.218750 0.089844 0.062500
0 0.203125 0.230469 0.031250 0.046875
0 0.109375 0.701172 0.031250 0.027344
1 0.494141 0.775391 0.636719 0.449219
1 0.046875 0.810547 0.078125 0.371094
1 0.138672 0.904297 0.097656 0.191406
1 0.117188 0.626953 0.171875 0.089844
1 0.535156 0.478516 0.242188 0.152344
1 0.259766 0.294922 0.089844 0.066406
1 0.335938 0.392578 0.117188 0.066406
1 0.343750 0.140625 0.078125 0.078125
1 0.279297 0.160156 0.066406 0.046875
1 0.376953 0.076172 0.050781 0.042969
1 0.908203 0.792969 0.183594 0.414062
