0 0.703125 0.138672 0.140625 0.066406
0 0.796875 0.128906 0.046875 0.062500
0 0.865234 0.128906 0.089844 0.054688
0 0.591797 0.134766 0.082031 0.042969
0 0.851562 0.240234 0.156250 0.042969
0 0.683594 0.453125 0.078125 0.062500
0 0.773438 0.447266 0.093750 0.058594
0 0.546875 0.453125 0.031250 0.046875
0 0.570312 0.449219 0.031250 0.046875
0 0.611328 0.455078 0.035156 0.035156
0 0.750000 0.509766 0.062500 0.074219
0 0.730469 0.570312 0.062500 0.046875
0 0.527344 0.320312 0.046875 0.031250
0 0.337891 0.375000 0.058594 0.046875
1 0.253906 0.740234 0.218750 0.230469
