0 0.419922 0.433594 0.097656 0.117188
0 0.542969 0.375000 0.125000 0.046875
0 0.429688 0.576172 0.078125 0.121094
0 0.919922 0.902344 0.097656 0.109375
0 0.302734 0.400391 0.128906 0.042969
0 0.398438 0.591797 0.093750 0.074219
0 0.501953 0.585938 0.066406 0.078125
0 0.083984 0.093750 0.089844 0.039062
0 0.533203 0.439453 0.121094 0.097656
0 0.589844 0.371094 0.085938 0.093750
0 0.617188 0.677734 0.148438 0.074219
1 0.722656 0.396484 0.156250 0.121094
1 0.648438 0.470703 0.101562 0.089844
0 0.871094 0.884766 0.078125 0.089844
0 0.904297 0.839844 0.074219 0.070312
1 0.781250 0.750000 0.164062 0.156250
