0 0.718750 0.824219 0.046875 0.031250
0 0.468750 0.560547 0.062500 0.042969
0 0.525391 0.544922 0.058594 0.035156
0 0.578125 0.531250 0.062500 0.031250
0 0.431641 0.578125 0.066406 0.046875
0 0.775391 0.828125 0.050781 0.031250
0 0.853516 0.841797 0.042969 0.035156
0 0.792969 0.875000 0.062500 0.046875
0 0.683594 0.835938 0.039062 0.031250
0 0.710938 0.843750 0.062500 0.046875
0 0.359375 0.595703 0.062500 0.027344
0 0.324219 0.609375 0.078125 0.046875
0 0.242188 0.626953 0.085938 0.035156
0 0.685547 0.503906 0.035156 0.031250
0 0.968750 0.890625 0.062500 0.078125
0 0.828125 0.855469 0.062500 0.054688
0 0.955078 0.337891 0.089844 0.027344
1 0.353516 0.388672 0.222656 0.058594
1 0.105469 0.701172 0.171875 0.128906
1 0.310547 0.720703 0.253906 0.136719
1 0.892578 0.750000 0.199219 0.156250
1 0.117188 0.425781 0.218750 0.054688
