0 0.359375 0.666016 0.187500 0.121094
0 0.564453 0.609375 0.113281 0.109375
0 0.699219 0.593750 0.156250 0.078125
0 0.916016 0.265625 0.152344 0.343750
1 0.888672 0.718750 0.207031 0.250000
0 0.486328 0.656250 0.082031 0.078125
0 0.775391 0.556641 0.144531 0.066406
1 0.285156 0.353516 0.562500 0.308594
1 0.703125 0.275391 0.265625 0.488281
1 0.134766 0.751953 0.261719 0.496094
1 0.386719 0.552734 0.250000 0.082031
1 0.634766 0.865234 0.730469 0.269531
1 0.703125 0.722656 0.156250 0.179688
1 0.589844 0.736328 0.109375 0.152344
1 0.500000 0.761719 0.093750 0.125000
1 0.492188 0.107422 0.164062 0.191406
1 0.285156 0.171875 0.265625 0.078125
1 0.375000 0.107422 0.125000 0.035156
1 0.142578 0.218750 0.113281 0.109375
1 0.712891 0.044922 0.558594 0.082031
1 0.306641 0.156250 0.121094 0.078125
1 0.095703 0.220703 0.097656 0.089844
1 0.923828 0.527344 0.144531 0.179688
