0 0.574219 0.367188 0.242188 0.273438
0 0.687500 0.574219 0.218750 0.109375
0 0.269531 0.277344 0.203125 0.140625
0 0.494141 0.529297 0.167969 0.097656
0 0.421875 0.353516 0.125000 0.144531
0 0.697266 0.433594 0.105469 0.148438
0 0.748047 0.679688 0.160156 0.101562
0 0.468750 0.609375 0.187500 0.093750
0 0.806641 0.623047 0.144531 0.144531
0 0.527344 0.201172 0.156250 0.105469
0 0.310547 0.378906 0.144531 0.062500
0 0.408203 0.263672 0.097656 0.152344
0 0.623047 0.640625 0.128906 0.062500
1 0.767578 0.869141 0.464844 0.238281
0 0.433594 0.660156 0.132812 0.109375
1 0.779297 0.478516 0.066406 0.105469
1 0.265625 0.558594 0.218750 0.273438
1 0.367188 0.857422 0.328125 0.285156
1 0.949219 0.683594 0.101562 0.125000
1 0.083984 0.322266 0.160156 0.464844
0 0.748047 0.640625 0.167969 0.195312
1 0.126953 0.679688 0.238281 0.296875
