0 0.455078 0.433594 0.066406 0.078125
0 0.533203 0.453125 0.089844 0.093750
0 0.626953 0.462891 0.089844 0.097656
0 0.703125 0.466797 0.046875 0.082031
0 0.753906 0.466797 0.062500 0.074219
0 0.808594 0.480469 0.039062 0.054688
0 0.876953 0.482422 0.089844 0.035156
0 0.964844 0.500000 0.070312 0.046875
0 0.402344 0.421875 0.046875 0.046875
0 0.390625 0.652344 0.093750 0.148438
0 0.468750 0.687500 0.062500 0.171875
0 0.560547 0.714844 0.105469 0.164062
0 0.812500 0.798828 0.375000 0.152344
0 0.839844 0.900391 0.320312 0.050781
0 0.908203 0.943359 0.183594 0.105469
0 0.791016 0.908203 0.097656 0.097656
0 0.953125 0.687500 0.093750 0.078125
0 0.806641 0.716797 0.144531 0.082031
0 0.568359 0.755859 0.105469 0.152344
0 0.335938 0.642578 0.125000 0.082031
1 0.271484 0.447266 0.207031 0.246094
1 0.136719 0.654297 0.257812 0.683594
1 0.429688 0.525391 0.117188 0.089844
1 0.593750 0.558594 0.210938 0.101562
1 0.763672 0.589844 0.285156 0.164062
1 0.679688 0.671875 0.117188 0.093750
1 0.953125 0.585938 0.093750 0.109375
1 0.341797 0.785156 0.136719 0.109375
1 0.435547 0.828125 0.121094 0.078125
1 0.033203 0.285156 0.058594 0.085938
