0 0.400391 0.437500 0.292969 0.203125
0 0.492188 0.328125 0.109375 0.031250
0 0.181641 0.421875 0.136719 0.125000
0 0.625000 0.386719 0.125000 0.195312
0 0.734375 0.373047 0.093750 0.175781
0 0.876953 0.310547 0.222656 0.105469
0 0.464844 0.529297 0.156250 0.097656
0 0.203125 0.500000 0.093750 0.109375
0 0.056641 0.439453 0.105469 0.144531
0 0.060547 0.216797 0.113281 0.089844
0 0.515625 0.578125 0.062500 0.078125
0 0.027344 0.212891 0.046875 0.050781
0 0.150391 0.197266 0.105469 0.089844
1 0.761719 0.128906 0.382812 0.250000
1 0.783203 0.697266 0.425781 0.417969
1 0.890625 0.533203 0.218750 0.332031
1 0.080078 0.765625 0.152344 0.468750
1 0.277344 0.783203 0.242188 0.425781
0 0.546875 0.648438 0.062500 0.062500
0 0.439453 0.798828 0.128906 0.386719
0 0.441406 0.222656 0.156250 0.070312
0 0.345703 0.138672 0.121094 0.128906
1 0.515625 0.095703 0.218750 0.183594
1 0.283203 0.251953 0.167969 0.097656
0 0.369141 0.347656 0.121094 0.078125
1 0.103516 0.308594 0.199219 0.085938
1 0.142578 0.076172 0.277344 0.144531
1 0.347656 0.033203 0.140625 0.058594
0 0.580078 0.791016 0.105469 0.066406
0 0.714844 0.968750 0.140625 0.062500
