0 0.429688 0.437500 0.109375 0.281250
0 0.402344 0.773438 0.117188 0.375000
0 0.345703 0.798828 0.097656 0.222656
0 0.376953 0.525391 0.027344 0.136719
0 0.605469 0.578125 0.203125 0.156250
0 0.406250 0.650391 0.187500 0.097656
0 0.421875 0.541016 0.179688 0.097656
0 0.457031 0.250000 0.046875 0.125000
1 0.191406 0.230469 0.375000 0.453125
1 0.146484 0.722656 0.285156 0.539062
1 0.751953 0.830078 0.480469 0.339844
1 0.843750 0.345703 0.257812 0.660156
0 0.496094 0.410156 0.054688 0.156250
1 0.607422 0.169922 0.238281 0.332031
1 0.634766 0.392578 0.207031 0.207031
