0 0.533203 0.429688 0.089844 0.265625
0 0.460938 0.564453 0.078125 0.355469
0 0.576172 0.673828 0.152344 0.222656
0 0.439453 0.757812 0.121094 0.031250
0 0.433594 0.613281 0.140625 0.265625
0 0.472656 0.746094 0.117188 0.140625
0 0.527344 0.777344 0.093750 0.125000
0 0.568359 0.498047 0.097656 0.152344
0 0.152344 0.160156 0.117188 0.070312
1 0.054688 0.279297 0.093750 0.128906
1 0.533203 0.925781 0.488281 0.148438
0 0.542969 0.042969 0.164062 0.078125
1 0.320312 0.310547 0.187500 0.324219
1 0.232422 0.509766 0.246094 0.597656
1 0.712891 0.333984 0.238281 0.175781
1 0.187500 0.091797 0.132812 0.074219
1 0.048828 0.123047 0.089844 0.199219
1 0.589844 0.224609 0.289062 0.121094
