0 0.390625 0.587891 0.765625 0.394531
0 0.291016 0.359375 0.253906 0.062500
0 0.369141 0.304688 0.238281 0.039062
0 0.580078 0.376953 0.355469 0.089844
0 0.748047 0.330078 0.136719 0.097656
0 0.812500 0.484375 0.062500 0.171875
0 0.546875 0.273438 0.453125 0.078125
0 0.574219 0.310547 0.156250 0.050781
0 0.578125 0.222656 0.250000 0.031250
0 0.576172 0.210938 0.191406 0.101562
0 0.773438 0.234375 0.109375 0.031250
0 0.812500 0.257812 0.250000 0.031250
0 0.228516 0.890625 0.449219 0.203125
0 0.609375 0.890625 0.296875 0.203125
0 0.843750 0.072266 0.156250 0.058594
0 0.792969 0.134766 0.234375 0.058594
0 0.923828 0.054688 0.128906 0.046875
1 0.890625 0.763672 0.218750 0.339844
0 0.859375 0.511719 0.078125 0.125000
1 0.953125 0.470703 0.093750 0.261719
