0 0.376953 0.273438 0.425781 0.156250
0 0.556641 0.167969 0.183594 0.179688
0 0.347656 0.128906 0.265625 0.179688
0 0.876953 0.498047 0.128906 0.199219
0 0.578125 0.451172 0.171875 0.246094
0 0.431641 0.478516 0.136719 0.277344
0 0.279297 0.406250 0.167969 0.156250
0 0.527344 0.566406 0.273438 0.140625
0 0.533203 0.691406 0.246094 0.148438
0 0.968750 0.556641 0.062500 0.160156
0 0.775391 0.464844 0.214844 0.250000
1 0.775391 0.800781 0.222656 0.390625
1 0.935547 0.822266 0.121094 0.355469
1 0.564453 0.884766 0.355469 0.230469
