0 0.185547 0.312500 0.339844 0.171875
0 0.468750 0.216797 0.140625 0.316406
0 0.566406 0.263672 0.140625 0.269531
0 0.650391 0.279297 0.105469 0.253906
0 0.261719 0.222656 0.351562 0.132812
0 0.210938 0.416016 0.226562 0.089844
0 0.410156 0.343750 0.265625 0.125000
1 0.591797 0.535156 0.480469 0.265625
1 0.910156 0.775391 0.171875 0.433594
1 0.193359 0.705078 0.378906 0.496094
1 0.777344 0.341797 0.125000 0.371094
1 0.316406 0.080078 0.140625 0.152344
0 0.093750 0.386719 0.140625 0.125000
0 0.919922 0.734375 0.136719 0.125000
