0 0.480469 0.216797 0.140625 0.097656
0 0.574219 0.246094 0.039062 0.070312
0 0.447266 0.308594 0.074219 0.054688
0 0.535156 0.339844 0.093750 0.140625
0 0.689453 0.603516 0.152344 0.152344
0 0.593750 0.765625 0.195312 0.218750
0 0.402344 0.617188 0.156250 0.125000
0 0.417969 0.826172 0.164062 0.105469
0 0.634766 0.935547 0.222656 0.128906
0 0.466797 0.453125 0.136719 0.093750
0 0.414062 0.726562 0.148438 0.070312
1 0.890625 0.734375 0.218750 0.234375
1 0.830078 0.603516 0.136719 0.144531
1 0.953125 0.652344 0.093750 0.140625
1 0.785156 0.777344 0.179688 0.187500
1 0.875000 0.916016 0.250000 0.144531
1 0.654297 0.441406 0.214844 0.062500
0 0.480469 0.371094 0.125000 0.070312
0 0.380859 0.470703 0.066406 0.050781
1 0.625000 0.439453 0.171875 0.066406
1 0.341797 0.376953 0.097656 0.113281
1 0.281250 0.564453 0.078125 0.253906
1 0.718750 0.484375 0.140625 0.062500
0 0.578125 0.523438 0.078125 0.109375
0 0.548828 0.638672 0.136719 0.097656
1 0.205078 0.650391 0.074219 0.285156
0 0.296875 0.804688 0.101562 0.078125
1 0.281250 0.921875 0.156250 0.140625
0 0.492188 0.955078 0.132812 0.089844
1 0.369141 0.939453 0.113281 0.121094
0 0.357422 0.105469 0.074219 0.046875
0 0.462891 0.138672 0.121094 0.058594
0 0.492188 0.091797 0.054688 0.058594
1 0.373047 0.212891 0.074219 0.097656
1 0.660156 0.328125 0.117188 0.078125
