0 0.169922 0.312500 0.332031 0.187500
0 0.197266 0.265625 0.285156 0.250000
0 0.498047 0.279297 0.316406 0.253906
0 0.183594 0.398438 0.289062 0.132812
0 0.470703 0.101562 0.175781 0.117188
0 0.640625 0.291016 0.187500 0.207031
1 0.871094 0.898438 0.257812 0.195312
1 0.205078 0.683594 0.402344 0.429688
1 0.562500 0.812500 0.390625 0.375000
1 0.898438 0.546875 0.203125 0.234375
1 0.806641 0.359375 0.144531 0.234375
0 0.916016 0.736328 0.097656 0.097656
1 0.482422 0.507812 0.246094 0.179688
0 0.671875 0.435547 0.093750 0.097656
0 0.703125 0.523438 0.062500 0.062500
