0 0.369141 0.593750 0.074219 0.046875
0 0.546875 0.478516 0.093750 0.058594
0 0.720703 0.488281 0.097656 0.031250
0 0.701172 0.705078 0.058594 0.066406
0 0.763672 0.707031 0.074219 0.085938
0 0.328125 0.603516 0.062500 0.050781
0 0.435547 0.455078 0.042969 0.035156
0 0.474609 0.580078 0.113281 0.050781
0 0.515625 0.410156 0.085938 0.039062
1 0.050781 0.308594 0.085938 0.101562
0 0.898438 0.390625 0.132812 0.070312
1 0.082031 0.671875 0.117188 0.046875
0 0.054688 0.923828 0.093750 0.074219
0 0.666016 0.710938 0.066406 0.046875
0 0.660156 0.458984 0.085938 0.066406
0 0.531250 0.580078 0.101562 0.050781
0 0.570312 0.414062 0.062500 0.039062
