0 0.609375 0.437500 0.281250 0.125000
0 0.542969 0.556641 0.281250 0.097656
0 0.462891 0.666016 0.167969 0.105469
0 0.562500 0.609375 0.156250 0.125000
0 0.390625 0.773438 0.109375 0.109375
0 0.341797 0.828125 0.089844 0.125000
0 0.322266 0.900391 0.089844 0.136719
0 0.548828 0.369141 0.097656 0.097656
0 0.544922 0.449219 0.230469 0.117188
0 0.652344 0.529297 0.156250 0.113281
0 0.441406 0.576172 0.140625 0.082031
0 0.421875 0.671875 0.078125 0.109375
0 0.419922 0.705078 0.144531 0.113281
1 0.687500 0.279297 0.171875 0.183594
1 0.830078 0.523438 0.105469 0.554688
1 0.720703 0.796875 0.152344 0.375000
1 0.595703 0.837891 0.113281 0.324219
1 0.503906 0.888672 0.101562 0.222656
1 0.419922 0.951172 0.097656 0.097656
