0 0.390625 0.187500 0.468750 0.265625
0 0.576172 0.500000 0.246094 0.390625
0 0.718750 0.179688 0.187500 0.242188
0 0.246094 0.410156 0.484375 0.203125
0 0.787109 0.742188 0.308594 0.414062
0 0.589844 0.691406 0.312500 0.257812
0 0.765625 0.402344 0.109375 0.257812
0 0.857422 0.187500 0.066406 0.218750
0 0.437500 0.064453 0.421875 0.121094
0 0.748047 0.056641 0.183594 0.105469
0 0.105469 0.234375 0.125000 0.218750
0 0.234375 0.517578 0.460938 0.175781
1 0.906250 0.410156 0.156250 0.218750
1 0.943359 0.154297 0.105469 0.300781
0 0.462891 0.736328 0.144531 0.128906
1 0.275391 0.669922 0.222656 0.136719
1 0.083984 0.681641 0.160156 0.121094
1 0.474609 0.898438 0.300781 0.132812
1 0.902344 0.037109 0.117188 0.066406
0 0.156250 0.132812 0.140625 0.117188
0 0.240234 0.062500 0.160156 0.101562
1 0.304688 0.919922 0.140625 0.144531
