0 0.046875 0.283203 0.085938 0.105469
0 0.275391 0.369141 0.222656 0.144531
0 0.419922 0.402344 0.058594 0.179688
0 0.558594 0.470703 0.210938 0.152344
0 0.703125 0.511719 0.171875 0.203125
0 0.810547 0.541016 0.121094 0.199219
0 0.904297 0.564453 0.160156 0.222656
0 0.439453 0.369141 0.128906 0.066406
0 0.341797 0.419922 0.097656 0.128906
0 0.117188 0.369141 0.093750 0.042969
0 0.169922 0.310547 0.160156 0.128906
1 0.251953 0.767578 0.496094 0.433594
1 0.591797 0.820312 0.433594 0.351562
1 0.875000 0.841797 0.234375 0.316406
1 0.080078 0.472656 0.152344 0.164062
