0 0.410156 0.455078 0.304688 0.285156
0 0.585938 0.554688 0.125000 0.359375
0 0.449219 0.640625 0.250000 0.078125
0 0.408203 0.328125 0.207031 0.125000
0 0.455078 0.681641 0.246094 0.097656
0 0.669922 0.593750 0.089844 0.265625
0 0.443359 0.320312 0.160156 0.140625
1 0.533203 0.822266 0.394531 0.175781
1 0.853516 0.689453 0.261719 0.433594
1 0.128906 0.324219 0.242188 0.320312
1 0.126953 0.732422 0.246094 0.496094
1 0.406250 0.869141 0.343750 0.246094
1 0.437500 0.185547 0.375000 0.121094
1 0.728516 0.310547 0.292969 0.121094
1 0.791016 0.951172 0.417969 0.082031
1 0.857422 0.439453 0.277344 0.128906
