0 0.529297 0.449219 0.246094 0.281250
0 0.634766 0.378906 0.113281 0.125000
0 0.406250 0.490234 0.132812 0.347656
0 0.361328 0.501953 0.128906 0.183594
0 0.476562 0.330078 0.085938 0.097656
0 0.054688 0.859375 0.078125 0.062500
0 0.109375 0.835938 0.125000 0.054688
0 0.306641 0.496094 0.113281 0.070312
0 0.332031 0.619141 0.093750 0.066406
0 0.773438 0.753906 0.187500 0.101562
0 0.617188 0.031250 0.148438 0.054688
1 0.425781 0.822266 0.382812 0.269531
1 0.578125 0.677734 0.187500 0.136719
1 0.787109 0.605469 0.261719 0.179688
0 0.207031 0.585938 0.093750 0.054688
1 0.142578 0.714844 0.277344 0.171875
1 0.373047 0.937500 0.519531 0.125000
1 0.855469 0.289062 0.289062 0.437500
1 0.939453 0.828125 0.121094 0.304688
