0 0.546875 0.642578 0.250000 0.128906
0 0.906250 0.820312 0.187500 0.125000
0 0.199219 0.632812 0.085938 0.085938
0 0.494141 0.218750 0.066406 0.046875
0 0.269531 0.669922 0.140625 0.042969
0 0.361328 0.685547 0.074219 0.058594
0 0.121094 0.683594 0.210938 0.070312
0 0.937500 0.669922 0.046875 0.042969
0 0.533203 0.501953 0.105469 0.113281
0 0.775391 0.701172 0.214844 0.199219
0 0.376953 0.498047 0.050781 0.058594
1 0.330078 0.580078 0.152344 0.121094
1 0.699219 0.541016 0.218750 0.105469
1 0.333984 0.865234 0.652344 0.269531
