0 0.220703 0.875000 0.167969 0.062500
0 0.095703 0.890625 0.066406 0.031250
0 0.812500 0.017578 0.062500 0.027344
0 0.025391 0.599609 0.042969 0.066406
0 0.046875 0.601562 0.062500 0.039062
0 0.548828 0.359375 0.042969 0.031250
0 0.476562 0.349609 0.078125 0.042969
0 0.603516 0.392578 0.050781 0.089844
0 0.666016 0.390625 0.066406 0.046875
0 0.736328 0.378906 0.074219 0.031250
0 0.779297 0.373047 0.074219 0.035156
0 0.623047 0.066406 0.066406 0.031250
0 0.500000 0.453125 0.125000 0.031250
0 0.572266 0.402344 0.066406 0.070312
0 0.066406 0.496094 0.054688 0.031250
0 0.314453 0.871094 0.089844 0.046875
0 0.132812 0.822266 0.140625 0.042969
0 0.101562 0.664062 0.078125 0.046875
0 0.056641 0.734375 0.058594 0.054688
0 0.056641 0.873047 0.097656 0.050781
1 0.306641 0.636719 0.292969 0.296875
1 0.283203 0.353516 0.300781 0.253906
1 0.714844 0.742188 0.523438 0.515625
1 0.113281 0.351562 0.218750 0.242188
1 0.716797 0.238281 0.246094 0.210938
1 0.917969 0.314453 0.164062 0.347656
1 0.523438 0.205078 0.210938 0.230469
1 0.818359 0.125000 0.277344 0.148438
1 0.173828 0.958984 0.253906 0.082031
