0 0.636719 0.529297 0.078125 0.050781
0 0.710938 0.523438 0.062500 0.054688
0 0.781250 0.501953 0.125000 0.058594
0 0.888672 0.494141 0.089844 0.042969
0 0.453125 0.542969 0.093750 0.054688
0 0.558594 0.529297 0.101562 0.082031
0 0.070312 0.162109 0.132812 0.035156
0 0.048828 0.326172 0.089844 0.066406
1 0.201172 0.359375 0.191406 0.250000
0 0.335938 0.484375 0.054688 0.046875
1 0.375000 0.343750 0.140625 0.234375
1 0.873047 0.359375 0.238281 0.218750
1 0.078125 0.515625 0.148438 0.296875
1 0.275391 0.578125 0.246094 0.125000
1 0.619141 0.449219 0.121094 0.078125
1 0.431641 0.478516 0.128906 0.074219
