0 0.468750 0.310547 0.125000 0.136719
0 0.322266 0.453125 0.292969 0.109375
0 0.562500 0.515625 0.187500 0.109375
0 0.703125 0.529297 0.093750 0.152344
0 0.585938 0.369141 0.093750 0.214844
0 0.609375 0.244141 0.187500 0.058594
0 0.343750 0.453125 0.218750 0.125000
0 0.484375 0.421875 0.187500 0.125000
1 0.544922 0.679688 0.246094 0.203125
1 0.761719 0.697266 0.187500 0.183594
1 0.826172 0.562500 0.136719 0.234375
1 0.689453 0.359375 0.121094 0.156250
0 0.416016 0.513672 0.152344 0.066406
1 0.371094 0.308594 0.078125 0.148438
1 0.361328 0.607422 0.121094 0.121094
