0 0.433594 0.400391 0.187500 0.058594
0 0.453125 0.347656 0.140625 0.054688
0 0.435547 0.501953 0.097656 0.144531
0 0.554688 0.496094 0.132812 0.164062
0 0.607422 0.173828 0.214844 0.074219
0 0.623047 0.232422 0.128906 0.035156
0 0.650391 0.304688 0.136719 0.054688
0 0.703125 0.390625 0.062500 0.125000
0 0.318359 0.601562 0.136719 0.156250
0 0.242188 0.675781 0.109375 0.140625
0 0.511719 0.294922 0.078125 0.050781
0 0.564453 0.109375 0.035156 0.046875
0 0.666016 0.099609 0.058594 0.066406
0 0.621094 0.390625 0.179688 0.117188
0 0.732422 0.457031 0.082031 0.085938
