0 0.544922 0.609375 0.214844 0.171875
0 0.376953 0.601562 0.113281 0.156250
0 0.505859 0.169922 0.058594 0.058594
0 0.669922 0.386719 0.066406 0.078125
0 0.658203 0.468750 0.066406 0.101562
0 0.304688 0.417969 0.054688 0.070312
0 0.078125 0.654297 0.125000 0.136719
1 0.400391 0.806641 0.371094 0.207031
1 0.835938 0.703125 0.328125 0.359375
1 0.341797 0.105469 0.253906 0.195312
1 0.644531 0.263672 0.179688 0.160156
1 0.865234 0.304688 0.269531 0.578125
1 0.230469 0.609375 0.164062 0.289062
1 0.222656 0.187500 0.429688 0.367188
1 0.142578 0.460938 0.253906 0.242188
1 0.482422 0.435547 0.277344 0.167969
1 0.484375 0.292969 0.195312 0.171875
1 0.658203 0.808594 0.191406 0.203125
1 0.861328 0.908203 0.277344 0.175781
1 0.132812 0.826172 0.234375 0.191406
