0 0.306641 0.591797 0.121094 0.332031
0 0.400391 0.576172 0.136719 0.207031
0 0.574219 0.587891 0.195312 0.175781
0 0.646484 0.525391 0.105469 0.113281
0 0.216797 0.607422 0.058594 0.277344
0 0.210938 0.562500 0.117188 0.093750
0 0.144531 0.667969 0.093750 0.062500
0 0.574219 0.291016 0.242188 0.058594
0 0.775391 0.279297 0.152344 0.066406
0 0.914062 0.287109 0.132812 0.066406
0 0.822266 0.568359 0.113281 0.074219
0 0.726562 0.494141 0.109375 0.042969
0 0.884766 0.515625 0.113281 0.062500
0 0.714844 0.562500 0.085938 0.054688
0 0.404297 0.703125 0.097656 0.078125
0 0.833984 0.751953 0.121094 0.105469
0 0.730469 0.734375 0.132812 0.070312
0 0.863281 0.808594 0.101562 0.062500
0 0.246094 0.474609 0.078125 0.082031
0 0.373047 0.468750 0.058594 0.070312
0 0.146484 0.185547 0.144531 0.105469
0 0.228516 0.187500 0.082031 0.062500
0 0.087891 0.203125 0.074219 0.054688
1 0.353516 0.291016 0.191406 0.089844
1 0.128906 0.283203 0.250000 0.082031
0 0.820312 0.255859 0.140625 0.074219
1 0.398438 0.185547 0.234375 0.113281
1 0.630859 0.185547 0.230469 0.121094
1 0.091797 0.433594 0.167969 0.148438
1 0.066406 0.574219 0.117188 0.117188
0 0.203125 0.707031 0.101562 0.070312
1 0.558594 0.767578 0.195312 0.175781
1 0.832031 0.652344 0.289062 0.093750
1 0.714844 0.847656 0.117188 0.156250
1 0.292969 0.841797 0.359375 0.152344
1 0.943359 0.587891 0.113281 0.082031
1 0.076172 0.773438 0.144531 0.132812
1 0.046875 0.691406 0.085938 0.156250
