0 0.855469 0.484375 0.140625 0.031250
0 0.873047 0.500000 0.128906 0.046875
1 0.052734 0.576172 0.097656 0.113281
0 0.267578 0.521484 0.066406 0.042969
0 0.513672 0.597656 0.183594 0.093750
1 0.685547 0.564453 0.152344 0.214844
1 0.263672 0.685547 0.300781 0.285156
1 0.511719 0.722656 0.187500 0.156250
1 0.548828 0.503906 0.167969 0.093750
1 0.095703 0.775391 0.183594 0.246094
1 0.824219 0.580078 0.140625 0.097656
1 0.908203 0.437500 0.128906 0.046875
1 0.167969 0.517578 0.125000 0.105469
1 0.355469 0.865234 0.414062 0.175781
1 0.650391 0.701172 0.144531 0.082031
1 0.216797 0.923828 0.425781 0.128906
1 0.791016 0.681641 0.144531 0.105469
1 0.615234 0.804688 0.160156 0.148438
