0 0.470703 0.484375 0.292969 0.109375
0 0.587891 0.423828 0.339844 0.066406
0 0.636719 0.361328 0.273438 0.042969
0 0.664062 0.341797 0.109375 0.113281
0 0.603516 0.423828 0.183594 0.167969
0 0.761719 0.353516 0.117188 0.058594
0 0.722656 0.376953 0.164062 0.082031
0 0.275391 0.591797 0.121094 0.191406
0 0.378906 0.587891 0.093750 0.089844
0 0.433594 0.513672 0.132812 0.152344
0 0.125000 0.640625 0.171875 0.187500
0 0.177734 0.619141 0.144531 0.199219
0 0.328125 0.585938 0.085938 0.140625
0 0.511719 0.500000 0.078125 0.148438
0 0.097656 0.689453 0.164062 0.121094
