0 0.433594 0.607422 0.429688 0.136719
0 0.173828 0.666016 0.097656 0.121094
0 0.449219 0.699219 0.445312 0.031250
0 0.507812 0.537109 0.296875 0.089844
0 0.109375 0.675781 0.101562 0.101562
0 0.722656 0.656250 0.132812 0.125000
0 0.042969 0.712891 0.078125 0.050781
0 0.685547 0.546875 0.082031 0.070312
0 0.410156 0.718750 0.351562 0.054688
0 0.617188 0.687500 0.125000 0.132812
1 0.896484 0.642578 0.207031 0.113281
1 0.837891 0.541016 0.214844 0.089844
1 0.285156 0.494141 0.156250 0.089844
1 0.150391 0.546875 0.136719 0.109375
1 0.445312 0.830078 0.421875 0.160156
1 0.839844 0.818359 0.320312 0.191406
1 0.560547 0.455078 0.183594 0.074219
1 0.720703 0.476562 0.136719 0.062500
1 0.406250 0.457031 0.156250 0.062500
1 0.160156 0.794922 0.164062 0.144531
