0 0.484375 0.544922 0.250000 0.105469
0 0.687500 0.531250 0.125000 0.156250
0 0.759766 0.421875 0.074219 0.062500
0 0.843750 0.398438 0.093750 0.062500
0 0.535156 0.531250 0.179688 0.140625
0 0.373047 0.542969 0.152344 0.085938
0 0.748047 0.472656 0.105469 0.156250
0 0.732422 0.546875 0.097656 0.109375
0 0.509766 0.566406 0.050781 0.132812
1 0.843750 0.531250 0.078125 0.156250
1 0.937500 0.404297 0.078125 0.089844
1 0.390625 0.666016 0.171875 0.113281
1 0.578125 0.656250 0.203125 0.046875
1 0.263672 0.566406 0.082031 0.101562
0 0.044922 0.800781 0.082031 0.109375
