0 0.339844 0.531250 0.257812 0.046875
0 0.390625 0.589844 0.171875 0.054688
0 0.515625 0.546875 0.093750 0.078125
0 0.593750 0.576172 0.031250 0.074219
0 0.636719 0.587891 0.046875 0.066406
0 0.839844 0.687500 0.078125 0.062500
0 0.906250 0.671875 0.062500 0.093750
0 0.699219 0.625000 0.070312 0.046875
0 0.203125 0.531250 0.109375 0.062500
1 0.544922 0.468750 0.207031 0.062500
1 0.970703 0.634766 0.058594 0.074219
1 0.527344 0.621094 0.085938 0.062500
1 0.609375 0.658203 0.093750 0.089844
1 0.759766 0.685547 0.058594 0.066406
1 0.339844 0.808594 0.257812 0.210938
1 0.703125 0.687500 0.062500 0.062500
0 0.384766 0.513672 0.082031 0.050781
