0 0.404297 0.572266 0.089844 0.167969
0 0.494141 0.685547 0.089844 0.113281
0 0.607422 0.623047 0.128906 0.113281
0 0.703125 0.359375 0.093750 0.140625
0 0.750000 0.306641 0.093750 0.089844
0 0.509766 0.435547 0.121094 0.214844
0 0.431641 0.437500 0.089844 0.109375
0 0.687500 0.498047 0.062500 0.144531
0 0.500000 0.134766 0.093750 0.089844
0 0.654297 0.162109 0.191406 0.058594
0 0.826172 0.222656 0.058594 0.117188
0 0.345703 0.611328 0.097656 0.097656
0 0.273438 0.626953 0.093750 0.050781
0 0.513672 0.761719 0.097656 0.117188
1 0.619141 0.416016 0.089844 0.285156
0 0.511719 0.578125 0.125000 0.156250
0 0.734375 0.464844 0.046875 0.109375
0 0.671875 0.578125 0.062500 0.109375
0 0.812500 0.294922 0.046875 0.074219
0 0.750000 0.367188 0.062500 0.085938
1 0.187500 0.421875 0.343750 0.265625
0 0.779297 0.093750 0.105469 0.054688
0 0.947266 0.041016 0.074219 0.074219
0 0.437500 0.681641 0.062500 0.105469
1 0.878906 0.710938 0.234375 0.578125
1 0.763672 0.841797 0.378906 0.308594
1 0.923828 0.279297 0.136719 0.386719
1 0.847656 0.410156 0.132812 0.140625
1 0.220703 0.189453 0.433594 0.371094
