0 0.607422 0.429688 0.128906 0.078125
0 0.703125 0.419922 0.062500 0.089844
0 0.792969 0.429688 0.093750 0.093750
0 0.869141 0.421875 0.042969 0.109375
0 0.937500 0.375000 0.109375 0.046875
0 0.806641 0.375000 0.074219 0.015625
0 0.669922 0.625000 0.089844 0.078125
1 0.250000 0.531250 0.218750 0.109375
1 0.937500 0.437500 0.093750 0.078125
1 0.796875 0.576172 0.171875 0.160156
1 0.558594 0.671875 0.125000 0.125000
1 0.423828 0.794922 0.167969 0.222656
1 0.312500 0.855469 0.125000 0.265625
1 0.566406 0.847656 0.171875 0.226562
1 0.685547 0.748047 0.121094 0.128906
1 0.203125 0.884766 0.203125 0.207031
1 0.484375 0.562500 0.187500 0.093750
1 0.636719 0.525391 0.148438 0.097656
