0 0.498047 0.464844 0.113281 0.085938
0 0.421875 0.496094 0.078125 0.085938
0 0.361328 0.515625 0.074219 0.093750
0 0.310547 0.542969 0.050781 0.101562
0 0.263672 0.546875 0.058594 0.062500
0 0.216797 0.574219 0.082031 0.039062
1 0.871094 0.605469 0.257812 0.335938
1 0.923828 0.228516 0.152344 0.207031
1 0.693359 0.777344 0.402344 0.445312
1 0.626953 0.429688 0.144531 0.132812
0 0.148438 0.593750 0.062500 0.031250
1 0.806641 0.355469 0.292969 0.351562
1 0.437500 0.638672 0.187500 0.144531
1 0.212891 0.675781 0.230469 0.117188
1 0.060547 0.652344 0.105469 0.179688
1 0.562500 0.302734 0.289062 0.222656
1 0.074219 0.292969 0.140625 0.335938
