0 0.400391 0.259766 0.136719 0.167969
0 0.281250 0.275391 0.109375 0.042969
0 0.548828 0.699219 0.269531 0.179688
0 0.535156 0.763672 0.164062 0.113281
0 0.625000 0.257812 0.117188 0.101562
0 0.716797 0.052734 0.136719 0.097656
1 0.892578 0.330078 0.199219 0.644531
1 0.841797 0.808594 0.308594 0.382812
1 0.740234 0.462891 0.316406 0.285156
1 0.386719 0.087891 0.523438 0.167969
1 0.794922 0.152344 0.269531 0.093750
1 0.847656 0.285156 0.304688 0.203125
1 0.529297 0.380859 0.113281 0.457031
1 0.244141 0.478516 0.472656 0.253906
1 0.115234 0.246094 0.222656 0.210938
1 0.279297 0.394531 0.105469 0.187500
1 0.275391 0.175781 0.105469 0.171875
1 0.207031 0.759766 0.406250 0.324219
1 0.566406 0.912109 0.320312 0.175781
