0 0.480469 0.638672 0.320312 0.269531
0 0.406250 0.880859 0.289062 0.238281
0 0.271484 0.750000 0.121094 0.156250
0 0.283203 0.535156 0.074219 0.070312
0 0.242188 0.621094 0.031250 0.093750
0 0.437500 0.421875 0.218750 0.062500
0 0.421875 0.494141 0.312500 0.128906
0 0.455078 0.300781 0.136719 0.289062
0 0.468750 0.181641 0.093750 0.167969
1 0.703125 0.894531 0.273438 0.210938
1 0.726562 0.730469 0.156250 0.203125
0 0.300781 0.417969 0.171875 0.085938
1 0.320312 0.257812 0.132812 0.242188
1 0.109375 0.695312 0.203125 0.609375
