0 0.544922 0.248047 0.207031 0.167969
0 0.546875 0.361328 0.125000 0.058594
0 0.431641 0.242188 0.113281 0.179688
0 0.542969 0.386719 0.117188 0.078125
0 0.449219 0.562500 0.109375 0.125000
0 0.533203 0.560547 0.066406 0.074219
0 0.595703 0.546875 0.050781 0.062500
0 0.369141 0.580078 0.050781 0.121094
0 0.330078 0.613281 0.066406 0.062500
0 0.656250 0.531250 0.062500 0.062500
0 0.656250 0.277344 0.070312 0.093750
0 0.384766 0.281250 0.089844 0.093750
0 0.521484 0.445312 0.105469 0.031250
0 0.617188 0.345703 0.078125 0.066406
1 0.755859 0.279297 0.121094 0.183594
1 0.740234 0.515625 0.097656 0.148438
1 0.277344 0.242188 0.109375 0.187500
1 0.513672 0.117188 0.230469 0.078125
1 0.347656 0.152344 0.062500 0.156250
1 0.396484 0.408203 0.152344 0.121094
1 0.259766 0.515625 0.160156 0.117188
1 0.242188 0.605469 0.093750 0.132812
1 0.666016 0.439453 0.097656 0.105469
1 0.710938 0.380859 0.093750 0.113281
1 0.568359 0.492188 0.105469 0.046875
1 0.693359 0.169922 0.089844 0.105469
