0 0.505859 0.595703 0.183594 0.058594
0 0.441406 0.625000 0.031250 0.046875
0 0.423828 0.697266 0.105469 0.066406
0 0.080078 0.910156 0.152344 0.062500
0 0.099609 0.873047 0.128906 0.011719
0 0.064453 0.955078 0.097656 0.019531
0 0.222656 0.503906 0.132812 0.046875
0 0.847656 0.703125 0.156250 0.062500
0 0.656250 0.732422 0.109375 0.097656
0 0.359375 0.847656 0.093750 0.078125
0 0.470703 0.800781 0.089844 0.085938
0 0.914062 0.353516 0.101562 0.050781
1 0.623047 0.400391 0.347656 0.292969
1 0.894531 0.513672 0.210938 0.183594
0 0.800781 0.634766 0.093750 0.035156
0 0.751953 0.718750 0.066406 0.078125
1 0.859375 0.884766 0.273438 0.230469
1 0.558594 0.744141 0.070312 0.191406
1 0.667969 0.898438 0.171875 0.203125
1 0.521484 0.917969 0.214844 0.132812
1 0.244141 0.886719 0.136719 0.226562
1 0.183594 0.654297 0.359375 0.238281
1 0.089844 0.773438 0.171875 0.148438
1 0.398438 0.949219 0.171875 0.101562
1 0.144531 0.320312 0.250000 0.078125
1 0.291016 0.257812 0.105469 0.039062
1 0.414062 0.390625 0.132812 0.273438
1 0.300781 0.369141 0.203125 0.222656
0 0.160156 0.427734 0.062500 0.050781
1 0.064453 0.462891 0.121094 0.207031
