0 0.453125 0.292969 0.250000 0.218750
0 0.537109 0.154297 0.253906 0.105469
0 0.609375 0.273438 0.171875 0.179688
0 0.607422 0.099609 0.175781 0.144531
0 0.091797 0.341797 0.128906 0.105469
0 0.509766 0.433594 0.175781 0.148438
1 0.509766 0.722656 0.378906 0.406250
1 0.800781 0.687500 0.390625 0.625000
1 0.843750 0.238281 0.273438 0.460938
1 0.201172 0.751953 0.386719 0.496094
1 0.216797 0.511719 0.410156 0.210938
1 0.240234 0.205078 0.167969 0.402344
1 0.373047 0.095703 0.082031 0.183594
1 0.369141 0.054688 0.316406 0.085938
1 0.101562 0.146484 0.195312 0.277344
