0 0.273438 0.562500 0.140625 0.375000
0 0.416016 0.546875 0.136719 0.343750
0 0.541016 0.556641 0.097656 0.316406
0 0.652344 0.556641 0.109375 0.261719
0 0.734375 0.560547 0.062500 0.214844
0 0.785156 0.576172 0.109375 0.183594
0 0.917969 0.560547 0.164062 0.066406
0 0.923828 0.470703 0.152344 0.105469
0 0.966797 0.447266 0.066406 0.105469
0 0.060547 0.562500 0.097656 0.312500
0 0.056641 0.591797 0.105469 0.269531
0 0.109375 0.714844 0.203125 0.078125
0 0.181641 0.533203 0.183594 0.292969
0 0.595703 0.173828 0.191406 0.066406
0 0.814453 0.222656 0.097656 0.046875
1 0.357422 0.203125 0.277344 0.281250
1 0.625000 0.308594 0.265625 0.187500
1 0.876953 0.328125 0.238281 0.140625
1 0.847656 0.123047 0.273438 0.152344
1 0.937500 0.234375 0.125000 0.156250
1 0.609375 0.091797 0.234375 0.097656
1 0.140625 0.220703 0.250000 0.300781
1 0.921875 0.703125 0.140625 0.203125
