0 0.367188 0.554688 0.125000 0.062500
0 0.404297 0.648438 0.074219 0.117188
0 0.451172 0.611328 0.082031 0.152344
0 0.527344 0.638672 0.070312 0.097656
0 0.591797 0.636719 0.058594 0.070312
0 0.675781 0.605469 0.101562 0.078125
0 0.345703 0.679688 0.082031 0.085938
0 0.078125 0.837891 0.140625 0.136719
1 0.218750 0.408203 0.171875 0.136719
1 0.230469 0.593750 0.117188 0.234375
1 0.250000 0.751953 0.125000 0.105469
1 0.400391 0.767578 0.167969 0.089844
0 0.888672 0.501953 0.183594 0.058594
1 0.095703 0.650391 0.183594 0.230469
1 0.140625 0.486328 0.171875 0.128906
1 0.337891 0.437500 0.082031 0.171875
1 0.244141 0.861328 0.183594 0.105469
1 0.177734 0.955078 0.347656 0.089844
1 0.519531 0.761719 0.156250 0.140625
1 0.703125 0.720703 0.148438 0.144531
1 0.636719 0.736328 0.132812 0.128906
1 0.556641 0.542969 0.121094 0.078125
1 0.703125 0.537109 0.171875 0.050781
1 0.824219 0.613281 0.179688 0.132812
1 0.435547 0.490234 0.113281 0.066406
1 0.492188 0.869141 0.335938 0.175781
