0 0.623047 0.386719 0.128906 0.171875
0 0.689453 0.382812 0.074219 0.171875
0 0.345703 0.404297 0.128906 0.316406
0 0.482422 0.328125 0.152344 0.171875
0 0.609375 0.267578 0.093750 0.066406
0 0.451172 0.582031 0.152344 0.156250
0 0.083984 0.695312 0.160156 0.179688
0 0.220703 0.687500 0.175781 0.148438
0 0.294922 0.580078 0.230469 0.175781
0 0.242188 0.335938 0.085938 0.132812
0 0.697266 0.261719 0.066406 0.039062
0 0.791016 0.345703 0.136719 0.160156
0 0.064453 0.582031 0.121094 0.054688
0 0.173828 0.542969 0.082031 0.070312
0 0.705078 0.214844 0.058594 0.062500
1 0.933594 0.371094 0.132812 0.125000
