0 0.509766 0.203125 0.089844 0.109375
0 0.533203 0.261719 0.089844 0.093750
0 0.550781 0.330078 0.070312 0.097656
0 0.564453 0.396484 0.074219 0.113281
0 0.591797 0.474609 0.082031 0.105469
0 0.470703 0.578125 0.121094 0.117188
0 0.529297 0.150391 0.074219 0.082031
1 0.205078 0.410156 0.386719 0.812500
1 0.693359 0.824219 0.582031 0.351562
1 0.830078 0.326172 0.332031 0.644531
1 0.664062 0.671875 0.250000 0.273438
1 0.654297 0.111328 0.175781 0.214844
1 0.492188 0.050781 0.226562 0.093750
1 0.707031 0.277344 0.203125 0.117188
1 0.404297 0.408203 0.183594 0.214844
1 0.394531 0.199219 0.125000 0.203125
1 0.230469 0.890625 0.453125 0.218750
