0 0.138672 0.796875 0.050781 0.031250
0 0.187500 0.814453 0.046875 0.035156
0 0.244141 0.841797 0.050781 0.050781
0 0.296875 0.867188 0.046875 0.062500
0 0.261719 0.783203 0.078125 0.035156
0 0.031250 0.855469 0.054688 0.054688
0 0.091797 0.888672 0.066406 0.058594
0 0.148438 0.933594 0.046875 0.062500
0 0.199219 0.968750 0.046875 0.046875
0 0.359375 0.703125 0.031250 0.031250
0 0.406250 0.718750 0.062500 0.046875
0 0.857422 0.562500 0.097656 0.070312
0 0.541016 0.650391 0.089844 0.058594
0 0.978516 0.568359 0.042969 0.082031
0 0.511719 0.558594 0.109375 0.054688
0 0.335938 0.818359 0.070312 0.042969
0 0.382812 0.769531 0.054688 0.039062
0 0.462891 0.726562 0.058594 0.054688
0 0.601562 0.587891 0.070312 0.066406
0 0.630859 0.541016 0.121094 0.050781
0 0.716797 0.593750 0.050781 0.054688
0 0.658203 0.662109 0.089844 0.035156
0 0.806641 0.710938 0.082031 0.070312
0 0.677734 0.498047 0.066406 0.027344
0 0.441406 0.580078 0.070312 0.035156
1 0.892578 0.640625 0.121094 0.085938
0 0.753906 0.546875 0.062500 0.039062
0 0.626953 0.509766 0.058594 0.027344
0 0.458984 0.564453 0.050781 0.035156
