0 0.750000 0.019531 0.093750 0.031250
0 0.822266 0.119141 0.050781 0.097656
0 0.755859 0.126953 0.082031 0.089844
0 0.884766 0.095703 0.066406 0.105469
0 0.685547 0.347656 0.253906 0.132812
0 0.703125 0.263672 0.093750 0.042969
0 0.625000 0.302734 0.070312 0.105469
0 0.500000 0.484375 0.109375 0.265625
0 0.599609 0.484375 0.113281 0.125000
0 0.712891 0.437500 0.105469 0.070312
0 0.218750 0.634766 0.062500 0.167969
0 0.029297 0.671875 0.050781 0.140625
0 0.589844 0.580078 0.062500 0.058594
0 0.398438 0.533203 0.085938 0.214844
0 0.166016 0.656250 0.066406 0.125000
0 0.115234 0.693359 0.097656 0.105469
1 0.910156 0.398438 0.179688 0.453125
1 0.126953 0.884766 0.246094 0.230469
1 0.830078 0.732422 0.339844 0.511719
1 0.593750 0.808594 0.304688 0.382812
1 0.423828 0.824219 0.191406 0.351562
0 0.550781 0.367188 0.093750 0.125000
0 0.449219 0.453125 0.117188 0.148438
0 0.726562 0.136719 0.078125 0.062500
