0 0.437500 0.388672 0.218750 0.347656
0 0.277344 0.406250 0.125000 0.312500
0 0.189453 0.431641 0.128906 0.230469
0 0.062500 0.421875 0.117188 0.109375
0 0.650391 0.447266 0.199219 0.339844
0 0.437500 0.609375 0.218750 0.078125
0 0.679688 0.671875 0.203125 0.109375
0 0.837891 0.777344 0.113281 0.195312
0 0.724609 0.759766 0.113281 0.066406
0 0.636719 0.082031 0.132812 0.078125
0 0.423828 0.169922 0.167969 0.082031
0 0.339844 0.072266 0.078125 0.121094
0 0.376953 0.687500 0.152344 0.078125
0 0.361328 0.623047 0.160156 0.089844
0 0.785156 0.388672 0.117188 0.253906
1 0.869141 0.171875 0.261719 0.187500
0 0.150391 0.500000 0.160156 0.093750
1 0.136719 0.767578 0.257812 0.410156
1 0.482422 0.847656 0.371094 0.210938
1 0.923828 0.468750 0.152344 0.406250
