0 0.521484 0.246094 0.175781 0.117188
0 0.416016 0.359375 0.042969 0.234375
0 0.412109 0.357422 0.136719 0.097656
0 0.525391 0.429688 0.175781 0.234375
0 0.609375 0.265625 0.093750 0.109375
0 0.705078 0.416016 0.089844 0.261719
0 0.603516 0.425781 0.105469 0.234375
0 0.388672 0.531250 0.097656 0.101562
0 0.390625 0.582031 0.125000 0.070312
0 0.326172 0.609375 0.082031 0.109375
0 0.292969 0.642578 0.085938 0.089844
1 0.166016 0.845703 0.324219 0.308594
1 0.468750 0.812500 0.195312 0.367188
1 0.125000 0.505859 0.234375 0.378906
1 0.785156 0.625000 0.421875 0.148438
1 0.527344 0.597656 0.140625 0.109375
1 0.875000 0.281250 0.250000 0.531250
1 0.542969 0.095703 0.421875 0.183594
1 0.283203 0.365234 0.097656 0.347656
