0 0.513672 0.556641 0.292969 0.511719
0 0.697266 0.541016 0.183594 0.417969
0 0.814453 0.531250 0.152344 0.406250
0 0.330078 0.578125 0.160156 0.328125
0 0.357422 0.703125 0.074219 0.140625
0 0.716797 0.777344 0.175781 0.117188
0 0.638672 0.828125 0.058594 0.031250
0 0.296875 0.453125 0.203125 0.156250
0 0.171875 0.593750 0.187500 0.296875
0 0.066406 0.611328 0.117188 0.339844
0 0.935547 0.562500 0.121094 0.312500
1 0.492188 0.224609 0.414062 0.136719
1 0.845703 0.265625 0.285156 0.125000
1 0.947266 0.351562 0.097656 0.093750
1 0.064453 0.324219 0.121094 0.234375
1 0.072266 0.189453 0.136719 0.152344
