0 0.687500 0.406250 0.062500 0.062500
0 0.796875 0.265625 0.062500 0.046875
0 0.419922 0.687500 0.066406 0.062500
0 0.593750 0.433594 0.156250 0.101562
0 0.744141 0.263672 0.105469 0.035156
0 0.466797 0.654297 0.089844 0.050781
0 0.667969 0.453125 0.085938 0.062500
0 0.029297 0.541016 0.050781 0.128906
0 0.072266 0.429688 0.089844 0.062500
0 0.406250 0.750000 0.062500 0.078125
0 0.367188 0.826172 0.046875 0.066406
1 0.765625 0.781250 0.468750 0.421875
1 0.859375 0.453125 0.281250 0.281250
1 0.656250 0.560547 0.187500 0.152344
1 0.203125 0.373047 0.187500 0.167969
1 0.406250 0.400391 0.203125 0.441406
1 0.640625 0.150391 0.125000 0.292969
1 0.794922 0.121094 0.160156 0.234375
0 0.908203 0.167969 0.058594 0.093750
1 0.199219 0.683594 0.265625 0.445312
1 0.158203 0.806641 0.308594 0.386719
1 0.492188 0.933594 0.320312 0.132812
1 0.531250 0.824219 0.171875 0.203125
1 0.460938 0.857422 0.117188 0.121094
1 0.587891 0.212891 0.207031 0.175781
1 0.035156 0.183594 0.062500 0.101562
0 0.615234 0.328125 0.152344 0.046875
