0 0.701172 0.322266 0.175781 0.410156
0 0.765625 0.292969 0.132812 0.445312
0 0.531250 0.392578 0.179688 0.261719
0 0.541016 0.582031 0.292969 0.281250
0 0.203125 0.525391 0.179688 0.230469
0 0.390625 0.478516 0.195312 0.238281
0 0.636719 0.279297 0.226562 0.175781
0 0.666016 0.185547 0.160156 0.105469
0 0.724609 0.558594 0.167969 0.117188
0 0.632812 0.818359 0.164062 0.269531
1 0.861328 0.812500 0.277344 0.367188
1 0.921875 0.386719 0.156250 0.539062
1 0.304688 0.179688 0.273438 0.351562
1 0.513672 0.099609 0.136719 0.167969
1 0.642578 0.064453 0.113281 0.113281
1 0.912109 0.070312 0.152344 0.101562
1 0.167969 0.775391 0.328125 0.261719
1 0.447266 0.859375 0.222656 0.257812
1 0.175781 0.955078 0.304688 0.089844
1 0.095703 0.218750 0.160156 0.367188
