0 0.441406 0.199219 0.171875 0.265625
0 0.574219 0.111328 0.085938 0.074219
0 0.529297 0.214844 0.113281 0.132812
0 0.535156 0.388672 0.078125 0.269531
0 0.609375 0.462891 0.062500 0.113281
0 0.453125 0.390625 0.171875 0.109375
0 0.271484 0.166016 0.175781 0.082031
0 0.326172 0.287109 0.152344 0.152344
0 0.179688 0.324219 0.164062 0.078125
0 0.291016 0.451172 0.144531 0.066406
1 0.542969 0.623047 0.445312 0.191406
1 0.130859 0.617188 0.253906 0.218750
1 0.275391 0.671875 0.214844 0.257812
0 0.587891 0.349609 0.074219 0.082031
0 0.167969 0.216797 0.078125 0.058594
0 0.445312 0.083984 0.085938 0.082031
