0 0.369141 0.324219 0.144531 0.234375
0 0.400391 0.515625 0.402344 0.140625
0 0.626953 0.660156 0.347656 0.171875
0 0.671875 0.560547 0.203125 0.128906
0 0.634766 0.736328 0.207031 0.097656
0 0.464844 0.388672 0.164062 0.136719
0 0.236328 0.371094 0.128906 0.164062
0 0.541016 0.906250 0.199219 0.140625
0 0.304688 0.308594 0.156250 0.156250
0 0.408203 0.580078 0.160156 0.074219
1 0.804688 0.251953 0.390625 0.496094
1 0.902344 0.736328 0.179688 0.519531
0 0.845703 0.875000 0.207031 0.250000
1 0.220703 0.763672 0.433594 0.277344
1 0.099609 0.576172 0.191406 0.246094
0 0.441406 0.326172 0.062500 0.097656
1 0.546875 0.138672 0.203125 0.269531
1 0.650391 0.355469 0.207031 0.171875
1 0.546875 0.259766 0.156250 0.128906
1 0.089844 0.398438 0.164062 0.226562
1 0.326172 0.109375 0.238281 0.187500
1 0.166016 0.191406 0.097656 0.179688
