0 0.199219 0.542969 0.054688 0.054688
0 0.251953 0.542969 0.066406 0.039062
0 0.375000 0.515625 0.093750 0.031250
0 0.304688 0.558594 0.031250 0.039062
0 0.625000 0.554688 0.187500 0.046875
0 0.603516 0.511719 0.027344 0.031250
0 0.634766 0.500000 0.050781 0.062500
0 0.748047 0.558594 0.042969 0.054688
0 0.660156 0.580078 0.101562 0.035156
0 0.025391 0.607422 0.042969 0.042969
1 0.564453 0.404297 0.347656 0.121094
1 0.859375 0.478516 0.265625 0.105469
1 0.888672 0.734375 0.222656 0.484375
1 0.722656 0.669922 0.257812 0.128906
1 0.423828 0.625000 0.199219 0.156250
1 0.480469 0.515625 0.093750 0.187500
1 0.230469 0.419922 0.429688 0.152344
1 0.107422 0.625000 0.113281 0.250000
1 0.246094 0.628906 0.187500 0.093750
1 0.050781 0.525391 0.093750 0.105469
1 0.076172 0.714844 0.136719 0.156250
