0 0.421875 0.400391 0.125000 0.136719
0 0.500000 0.296875 0.171875 0.062500
0 0.498047 0.316406 0.128906 0.140625
0 0.658203 0.220703 0.066406 0.050781
0 0.718750 0.158203 0.046875 0.066406
0 0.595703 0.253906 0.058594 0.070312
0 0.326172 0.484375 0.058594 0.187500
0 0.357422 0.492188 0.113281 0.085938
0 0.404297 0.453125 0.105469 0.093750
0 0.468750 0.400391 0.109375 0.097656
0 0.259766 0.546875 0.074219 0.218750
0 0.255859 0.546875 0.144531 0.132812
0 0.185547 0.609375 0.058594 0.234375
0 0.087891 0.685547 0.167969 0.128906
0 0.126953 0.576172 0.058594 0.097656
0 0.109375 0.591797 0.109375 0.050781
0 0.033203 0.796875 0.058594 0.093750
0 0.107422 0.773438 0.097656 0.125000
0 0.041016 0.744141 0.074219 0.082031
0 0.042969 0.841797 0.078125 0.097656
1 0.660156 0.126953 0.062500 0.066406
1 0.515625 0.218750 0.093750 0.062500
1 0.134766 0.416016 0.128906 0.089844
1 0.244141 0.380859 0.074219 0.058594
0 0.308594 0.445312 0.093750 0.062500
0 0.224609 0.484375 0.066406 0.054688
1 0.078125 0.492188 0.148438 0.046875
1 0.298828 0.328125 0.082031 0.070312
1 0.369141 0.281250 0.058594 0.046875
0 0.421875 0.326172 0.093750 0.050781
0 0.371094 0.394531 0.093750 0.070312
1 0.583984 0.173828 0.066406 0.074219
1 0.642578 0.166016 0.089844 0.042969
0 0.228516 0.673828 0.089844 0.074219
0 0.154297 0.734375 0.089844 0.078125
1 0.640625 0.480469 0.164062 0.164062
1 0.537109 0.560547 0.136719 0.160156
1 0.750000 0.302734 0.093750 0.167969
0 0.628906 0.253906 0.070312 0.062500
0 0.585938 0.294922 0.062500 0.066406
0 0.515625 0.388672 0.078125 0.082031
0 0.353516 0.529297 0.082031 0.066406
1 0.693359 0.367188 0.167969 0.156250
1 0.441406 0.646484 0.203125 0.121094
