0 0.212891 0.484375 0.199219 0.140625
0 0.333984 0.591797 0.425781 0.105469
0 0.589844 0.609375 0.132812 0.125000
0 0.531250 0.669922 0.164062 0.105469
0 0.611328 0.576172 0.113281 0.097656
0 0.328125 0.531250 0.031250 0.046875
0 0.267578 0.482422 0.160156 0.058594
0 0.384766 0.640625 0.144531 0.078125
1 0.835938 0.710938 0.328125 0.234375
1 0.160156 0.736328 0.304688 0.160156
1 0.390625 0.744141 0.125000 0.105469
1 0.716797 0.837891 0.285156 0.121094
1 0.828125 0.371094 0.328125 0.234375
1 0.056641 0.498047 0.105469 0.308594
1 0.529297 0.421875 0.316406 0.203125
1 0.798828 0.544922 0.222656 0.050781
1 0.910156 0.519531 0.093750 0.046875
