0 0.578125 0.375000 0.234375 0.093750
0 0.419922 0.371094 0.089844 0.046875
0 0.337891 0.359375 0.074219 0.031250
0 0.798828 0.498047 0.152344 0.152344
0 0.564453 0.416016 0.191406 0.066406
0 0.285156 0.572266 0.023438 0.082031
0 0.404297 0.585938 0.066406 0.054688
0 0.453125 0.585938 0.078125 0.062500
0 0.328125 0.597656 0.109375 0.078125
0 0.251953 0.531250 0.113281 0.070312
0 0.359375 0.566406 0.093750 0.085938
0 0.460938 0.509766 0.085938 0.050781
0 0.531250 0.562500 0.078125 0.046875
1 0.125000 0.492188 0.125000 0.171875
1 0.294922 0.449219 0.222656 0.078125
1 0.603516 0.498047 0.183594 0.082031
1 0.783203 0.343750 0.167969 0.156250
1 0.589844 0.296875 0.226562 0.046875
1 0.431641 0.285156 0.082031 0.070312
1 0.369141 0.308594 0.097656 0.054688
0 0.640625 0.119141 0.171875 0.050781
0 0.906250 0.150391 0.156250 0.074219
1 0.935547 0.500000 0.105469 0.195312
1 0.222656 0.359375 0.140625 0.093750
1 0.535156 0.636719 0.085938 0.078125
1 0.693359 0.509766 0.042969 0.160156
