0 0.251953 0.501953 0.160156 0.089844
0 0.404297 0.623047 0.160156 0.347656
0 0.517578 0.589844 0.246094 0.257812
0 0.697266 0.619141 0.152344 0.191406
0 0.812500 0.605469 0.093750 0.078125
0 0.835938 0.679688 0.125000 0.070312
0 0.087891 0.509766 0.167969 0.082031
0 0.312500 0.699219 0.046875 0.156250
0 0.357422 0.810547 0.074219 0.082031
0 0.937500 0.687500 0.093750 0.062500
0 0.513672 0.718750 0.128906 0.062500
0 0.314453 0.593750 0.066406 0.140625
0 0.261719 0.921875 0.109375 0.062500
0 0.892578 0.625000 0.058594 0.078125
1 0.753906 0.875000 0.460938 0.234375
1 0.189453 0.732422 0.160156 0.277344
1 0.482422 0.908203 0.121094 0.167969
1 0.939453 0.542969 0.121094 0.085938
1 0.085938 0.771484 0.156250 0.433594
1 0.419922 0.929688 0.152344 0.140625
0 0.798828 0.576172 0.144531 0.097656
0 0.234375 0.546875 0.109375 0.078125
