0 0.484375 0.312500 0.203125 0.234375
0 0.597656 0.527344 0.171875 0.539062
0 0.720703 0.521484 0.144531 0.457031
0 0.507812 0.671875 0.156250 0.265625
0 0.378906 0.703125 0.093750 0.187500
0 0.279297 0.728516 0.121094 0.144531
0 0.546875 0.486328 0.093750 0.105469
0 0.324219 0.261719 0.132812 0.101562
0 0.201172 0.736328 0.113281 0.144531
0 0.802734 0.544922 0.066406 0.308594
1 0.794922 0.126953 0.363281 0.238281
1 0.904297 0.316406 0.191406 0.148438
1 0.451172 0.083984 0.425781 0.160156
0 0.376953 0.351562 0.136719 0.140625
1 0.923828 0.583984 0.152344 0.394531
