0 0.609375 0.511719 0.171875 0.406250
0 0.781250 0.494141 0.171875 0.363281
0 0.919922 0.500000 0.097656 0.328125
0 0.984375 0.511719 0.031250 0.304688
0 0.453125 0.554688 0.125000 0.429688
0 0.330078 0.597656 0.128906 0.367188
0 0.232422 0.626953 0.105469 0.308594
0 0.148438 0.664062 0.195312 0.320312
0 0.068359 0.662109 0.128906 0.230469
0 0.691406 0.648438 0.148438 0.109375
0 0.496094 0.699219 0.132812 0.101562
0 0.525391 0.367188 0.152344 0.109375
0 0.964844 0.250000 0.062500 0.046875
0 0.912109 0.263672 0.105469 0.042969
0 0.201172 0.023438 0.066406 0.031250
0 0.298828 0.128906 0.097656 0.031250
0 0.408203 0.439453 0.144531 0.175781
0 0.195312 0.158203 0.125000 0.042969
1 0.421875 0.248047 0.304688 0.105469
1 0.140625 0.330078 0.257812 0.277344
1 0.714844 0.199219 0.281250 0.195312
1 0.916016 0.148438 0.160156 0.156250
1 0.890625 0.843750 0.210938 0.312500
1 0.685547 0.859375 0.238281 0.281250
1 0.478516 0.888672 0.261719 0.222656
1 0.287109 0.906250 0.285156 0.187500
1 0.126953 0.916016 0.246094 0.167969
1 0.287109 0.333984 0.097656 0.160156
1 0.375000 0.302734 0.125000 0.058594
1 0.476562 0.140625 0.218750 0.156250
