0 0.419922 0.410156 0.089844 0.203125
0 0.560547 0.414062 0.167969 0.156250
0 0.650391 0.535156 0.152344 0.148438
0 0.718750 0.736328 0.218750 0.277344
0 0.347656 0.726562 0.148438 0.234375
0 0.341797 0.892578 0.222656 0.214844
0 0.488281 0.832031 0.070312 0.257812
0 0.771484 0.931641 0.246094 0.128906
0 0.464844 0.248047 0.070312 0.082031
0 0.537109 0.185547 0.105469 0.058594
0 0.566406 0.310547 0.109375 0.035156
0 0.408203 0.408203 0.144531 0.074219
0 0.347656 0.492188 0.140625 0.125000
0 0.583984 0.765625 0.097656 0.218750
0 0.562500 0.583984 0.140625 0.167969
0 0.593750 0.441406 0.210938 0.101562
