0 0.556641 0.406250 0.207031 0.312500
0 0.701172 0.468750 0.089844 0.390625
0 0.742188 0.558594 0.101562 0.390625
0 0.890625 0.572266 0.218750 0.433594
0 0.595703 0.611328 0.105469 0.097656
0 0.753906 0.628906 0.179688 0.164062
0 0.359375 0.312500 0.187500 0.187500
0 0.437500 0.447266 0.140625 0.191406
0 0.228516 0.306641 0.089844 0.144531
0 0.113281 0.328125 0.218750 0.171875
0 0.890625 0.857422 0.203125 0.183594
0 0.242188 0.142578 0.117188 0.160156
0 0.248047 0.048828 0.121094 0.089844
0 0.546875 0.111328 0.468750 0.214844
1 0.888672 0.224609 0.207031 0.230469
1 0.185547 0.595703 0.363281 0.347656
0 0.470703 0.841797 0.128906 0.097656
0 0.546875 0.576172 0.125000 0.105469
1 0.509766 0.718750 0.292969 0.125000
1 0.417969 0.623047 0.132812 0.121094
1 0.671875 0.876953 0.234375 0.238281
1 0.205078 0.859375 0.402344 0.203125
1 0.482422 0.941406 0.152344 0.109375
