0 0.337891 0.449219 0.183594 0.078125
0 0.500000 0.439453 0.140625 0.089844
0 0.675781 0.445312 0.234375 0.085938
0 0.876953 0.474609 0.082031 0.066406
0 0.255859 0.466797 0.121094 0.074219
0 0.529297 0.076172 0.128906 0.144531
1 0.478516 0.318359 0.261719 0.160156
1 0.763672 0.757812 0.457031 0.484375
1 0.306641 0.755859 0.605469 0.488281
1 0.175781 0.203125 0.335938 0.398438
1 0.796875 0.212891 0.382812 0.386719
1 0.400391 0.123047 0.121094 0.238281
0 0.640625 0.480469 0.101562 0.062500
0 0.175781 0.494141 0.132812 0.042969
