1 0.765625 0.279297 0.453125 0.378906
1 0.822266 0.734375 0.332031 0.515625
1 0.156250 0.781250 0.156250 0.437500
1 0.056641 0.812500 0.097656 0.359375
0 0.460938 0.855469 0.187500 0.273438
0 0.558594 0.636719 0.109375 0.148438
0 0.310547 0.656250 0.152344 0.203125
0 0.419922 0.554688 0.097656 0.140625
0 0.470703 0.484375 0.097656 0.125000
0 0.048828 0.500000 0.089844 0.234375
1 0.179688 0.294922 0.351562 0.222656
1 0.406250 0.140625 0.140625 0.109375
1 0.447266 0.312500 0.191406 0.234375
1 0.203125 0.482422 0.203125 0.144531
1 0.416016 0.048828 0.152344 0.089844
1 0.890625 0.044922 0.203125 0.082031
0 0.591797 0.533203 0.097656 0.113281
