0 0.318359 0.437500 0.628906 0.390625
0 0.679688 0.429688 0.078125 0.312500
0 0.775391 0.408203 0.097656 0.253906
0 0.611328 0.591797 0.183594 0.105469
0 0.130859 0.714844 0.253906 0.062500
0 0.453125 0.673828 0.375000 0.082031
0 0.250000 0.683594 0.218750 0.203125
0 0.164062 0.796875 0.296875 0.125000
0 0.650391 0.292969 0.292969 0.179688
0 0.078125 0.929688 0.140625 0.140625
0 0.109375 0.822266 0.210938 0.199219
0 0.810547 0.412109 0.160156 0.230469
1 0.140625 0.917969 0.125000 0.117188
1 0.947266 0.400391 0.105469 0.277344
1 0.884766 0.201172 0.183594 0.144531
0 0.414062 0.718750 0.187500 0.085938
1 0.484375 0.904297 0.328125 0.191406
1 0.726562 0.832031 0.429688 0.218750
1 0.873047 0.693359 0.253906 0.292969
1 0.828125 0.830078 0.328125 0.339844
