0 0.480469 0.451172 0.132812 0.035156
0 0.443359 0.458984 0.035156 0.042969
0 0.017578 0.392578 0.027344 0.027344
0 0.101562 0.447266 0.085938 0.035156
0 0.250000 0.427734 0.062500 0.027344
1 0.275391 0.289062 0.183594 0.085938
1 0.117188 0.312500 0.195312 0.117188
1 0.130859 0.384766 0.167969 0.074219
1 0.330078 0.357422 0.230469 0.089844
1 0.351562 0.474609 0.117188 0.128906
1 0.166016 0.515625 0.324219 0.078125
1 0.539062 0.351562 0.203125 0.132812
1 0.640625 0.265625 0.164062 0.085938
1 0.615234 0.443359 0.121094 0.089844
