0 0.318359 0.568359 0.136719 0.167969
0 0.218750 0.572266 0.062500 0.144531
0 0.171875 0.597656 0.046875 0.093750
0 0.500000 0.527344 0.218750 0.117188
0 0.644531 0.519531 0.085938 0.117188
0 0.607422 0.593750 0.160156 0.093750
0 0.705078 0.542969 0.035156 0.132812
0 0.783203 0.503906 0.121094 0.062500
0 0.875000 0.529297 0.062500 0.066406
0 0.738281 0.548828 0.031250 0.027344
0 0.904297 0.519531 0.066406 0.039062
1 0.753906 0.416016 0.289062 0.082031
1 0.533203 0.416016 0.183594 0.089844
1 0.333984 0.439453 0.214844 0.050781
1 0.087891 0.593750 0.089844 0.140625
