0 0.501953 0.447266 0.105469 0.144531
0 0.572266 0.470703 0.066406 0.121094
0 0.644531 0.488281 0.085938 0.085938
0 0.410156 0.390625 0.070312 0.109375
0 0.328125 0.359375 0.078125 0.062500
0 0.939453 0.521484 0.121094 0.105469
1 0.783203 0.542969 0.191406 0.210938
1 0.173828 0.318359 0.238281 0.167969
1 0.402344 0.273438 0.226562 0.101562
1 0.306641 0.484375 0.128906 0.148438
1 0.392578 0.531250 0.113281 0.148438
1 0.570312 0.601562 0.257812 0.125000
1 0.939453 0.662109 0.121094 0.167969
1 0.744141 0.349609 0.316406 0.113281
1 0.839844 0.400391 0.320312 0.097656
1 0.533203 0.332031 0.160156 0.078125
