0 0.433594 0.378906 0.218750 0.234375
0 0.607422 0.369141 0.144531 0.292969
0 0.707031 0.435547 0.070312 0.175781
0 0.320312 0.447266 0.203125 0.246094
0 0.466797 0.261719 0.144531 0.070312
0 0.478516 0.453125 0.128906 0.148438
0 0.816406 0.507812 0.085938 0.132812
0 0.732422 0.539062 0.097656 0.101562
0 0.191406 0.544922 0.187500 0.230469
0 0.296875 0.572266 0.093750 0.113281
0 0.435547 0.609375 0.105469 0.085938
0 0.541016 0.832031 0.160156 0.179688
0 0.587891 0.716797 0.121094 0.136719
0 0.761719 0.691406 0.125000 0.101562
0 0.689453 0.605469 0.121094 0.078125
0 0.876953 0.597656 0.105469 0.117188
0 0.789062 0.611328 0.117188 0.113281
0 0.080078 0.689453 0.152344 0.511719
0 0.380859 0.685547 0.066406 0.058594
1 0.107422 0.218750 0.207031 0.429688
1 0.509766 0.113281 0.605469 0.218750
0 0.734375 0.312500 0.109375 0.140625
1 0.904297 0.224609 0.191406 0.441406
1 0.933594 0.449219 0.132812 0.148438
0 0.941406 0.703125 0.078125 0.093750
1 0.964844 0.591797 0.070312 0.144531
1 0.796875 0.876953 0.289062 0.246094
0 0.220703 0.693359 0.136719 0.058594
0 0.255859 0.273438 0.082031 0.109375
0 0.238281 0.773438 0.179688 0.117188
0 0.386719 0.865234 0.140625 0.113281
1 0.240234 0.919922 0.152344 0.160156
0 0.488281 0.734375 0.132812 0.164062
