0 0.640625 0.501953 0.242188 0.339844
0 0.812500 0.503906 0.093750 0.335938
0 0.349609 0.343750 0.191406 0.117188
0 0.447266 0.431641 0.121094 0.183594
0 0.419922 0.626953 0.191406 0.191406
0 0.082031 0.451172 0.156250 0.253906
0 0.230469 0.484375 0.140625 0.203125
0 0.263672 0.667969 0.097656 0.148438
0 0.042969 0.712891 0.078125 0.097656
0 0.599609 0.681641 0.269531 0.082031
0 0.914062 0.511719 0.171875 0.320312
0 0.197266 0.730469 0.207031 0.156250
0 0.062500 0.265625 0.117188 0.140625
1 0.398438 0.144531 0.250000 0.281250
1 0.765625 0.222656 0.460938 0.210938
0 0.714844 0.906250 0.132812 0.054688
1 0.894531 0.841797 0.203125 0.316406
1 0.554688 0.802734 0.492188 0.152344
1 0.203125 0.218750 0.148438 0.078125
1 0.326172 0.906250 0.644531 0.187500
1 0.722656 0.972656 0.195312 0.054688
