0 0.421875 0.398438 0.125000 0.132812
0 0.515625 0.328125 0.062500 0.125000
0 0.462891 0.296875 0.042969 0.062500
0 0.423828 0.337891 0.066406 0.066406
0 0.328125 0.484375 0.062500 0.187500
0 0.386719 0.494141 0.078125 0.050781
0 0.656250 0.214844 0.039062 0.046875
0 0.564453 0.306641 0.058594 0.113281
0 0.609375 0.259766 0.031250 0.058594
1 0.714844 0.078125 0.054688 0.062500
0 0.359375 0.398438 0.062500 0.078125
0 0.431641 0.466797 0.050781 0.058594
0 0.496094 0.423828 0.046875 0.066406
0 0.363281 0.507812 0.054688 0.085938
0 0.277344 0.546875 0.039062 0.250000
0 0.312500 0.593750 0.031250 0.031250
0 0.214844 0.593750 0.070312 0.234375
0 0.142578 0.656250 0.050781 0.250000
0 0.269531 0.478516 0.101562 0.050781
0 0.187500 0.552734 0.062500 0.105469
0 0.185547 0.712891 0.042969 0.097656
0 0.085938 0.703125 0.046875 0.265625
0 0.033203 0.750000 0.058594 0.234375
0 0.115234 0.767578 0.050781 0.074219
0 0.041016 0.843750 0.074219 0.093750
0 0.683594 0.207031 0.062500 0.070312
0 0.697266 0.142578 0.089844 0.074219
1 0.537109 0.220703 0.113281 0.050781
1 0.396484 0.267578 0.097656 0.066406
1 0.320312 0.326172 0.070312 0.050781
1 0.248047 0.367188 0.082031 0.085938
1 0.177734 0.433594 0.089844 0.085938
1 0.097656 0.476562 0.093750 0.078125
1 0.048828 0.529297 0.089844 0.066406
1 0.601562 0.169922 0.070312 0.082031
