0 0.427734 0.488281 0.191406 0.101562
0 0.162109 0.554688 0.136719 0.109375
0 0.273438 0.562500 0.093750 0.070312
0 0.570312 0.343750 0.140625 0.093750
0 0.423828 0.410156 0.160156 0.101562
1 0.824219 0.384766 0.351562 0.316406
1 0.191406 0.414062 0.210938 0.164062
1 0.591797 0.531250 0.128906 0.281250
1 0.425781 0.617188 0.210938 0.132812
1 0.046875 0.537109 0.085938 0.136719
0 0.486328 0.365234 0.097656 0.089844
1 0.773438 0.607422 0.234375 0.113281
1 0.169922 0.203125 0.332031 0.109375
0 0.339844 0.384766 0.078125 0.042969
