0 0.359375 0.548828 0.093750 0.222656
0 0.449219 0.556641 0.078125 0.199219
0 0.470703 0.546875 0.089844 0.171875
0 0.517578 0.527344 0.066406 0.078125
0 0.304688 0.357422 0.132812 0.058594
0 0.140625 0.283203 0.125000 0.050781
0 0.230469 0.279297 0.117188 0.027344
0 0.419922 0.306641 0.074219 0.019531
0 0.523438 0.171875 0.210938 0.062500
0 0.404297 0.187500 0.019531 0.062500
0 0.451172 0.248047 0.027344 0.027344
0 0.472656 0.140625 0.046875 0.078125
0 0.890625 0.312500 0.046875 0.046875
0 0.937500 0.341797 0.031250 0.042969
0 0.978516 0.345703 0.042969 0.035156
0 0.626953 0.621094 0.035156 0.031250
1 0.230469 0.482422 0.156250 0.167969
1 0.156250 0.375000 0.140625 0.125000
1 0.041016 0.367188 0.074219 0.148438
1 0.328125 0.244141 0.078125 0.160156
1 0.251953 0.230469 0.089844 0.062500
1 0.521484 0.246094 0.089844 0.085938
1 0.529297 0.095703 0.050781 0.089844
