0 0.406250 0.416016 0.109375 0.128906
0 0.500000 0.439453 0.093750 0.082031
0 0.580078 0.498047 0.066406 0.097656
0 0.654297 0.531250 0.066406 0.078125
0 0.728516 0.548828 0.082031 0.066406
0 0.689453 0.375000 0.199219 0.062500
0 0.455078 0.513672 0.175781 0.089844
0 0.449219 0.349609 0.156250 0.097656
0 0.578125 0.365234 0.085938 0.066406
0 0.664062 0.453125 0.234375 0.117188
0 0.820312 0.394531 0.085938 0.093750
0 0.773438 0.562500 0.101562 0.085938
1 0.449219 0.150391 0.437500 0.292969
1 0.828125 0.158203 0.335938 0.292969
0 0.677734 0.345703 0.128906 0.082031
0 0.916016 0.410156 0.113281 0.093750
1 0.167969 0.244141 0.312500 0.480469
0 0.392578 0.410156 0.121094 0.210938
0 0.341797 0.726562 0.144531 0.109375
0 0.503906 0.746094 0.179688 0.125000
0 0.628906 0.777344 0.125000 0.109375
1 0.478516 0.621094 0.277344 0.109375
1 0.667969 0.650391 0.101562 0.144531
1 0.845703 0.673828 0.230469 0.113281
1 0.919922 0.554688 0.160156 0.187500
1 0.826172 0.478516 0.089844 0.074219
1 0.888672 0.306641 0.207031 0.082031
1 0.785156 0.273438 0.085938 0.132812
1 0.574219 0.277344 0.093750 0.109375
1 0.134766 0.734375 0.261719 0.515625
1 0.505859 0.908203 0.175781 0.183594
1 0.851562 0.859375 0.296875 0.265625
1 0.666016 0.919922 0.152344 0.152344
1 0.259766 0.578125 0.136719 0.187500
