0 0.478516 0.529297 0.144531 0.214844
0 0.550781 0.541016 0.117188 0.160156
0 0.669922 0.519531 0.128906 0.070312
0 0.375000 0.515625 0.062500 0.078125
0 0.453125 0.539062 0.148438 0.109375
0 0.425781 0.494141 0.101562 0.097656
0 0.439453 0.642578 0.050781 0.089844
0 0.621094 0.564453 0.062500 0.058594
1 0.867188 0.667969 0.250000 0.664062
1 0.726562 0.802734 0.218750 0.378906
1 0.525391 0.847656 0.332031 0.289062
1 0.232422 0.847656 0.449219 0.265625
1 0.175781 0.400391 0.328125 0.753906
1 0.673828 0.173828 0.652344 0.324219
1 0.683594 0.355469 0.242188 0.187500
1 0.457031 0.335938 0.289062 0.164062
