0 0.482422 0.542969 0.160156 0.320312
0 0.343750 0.638672 0.125000 0.230469
0 0.259766 0.708984 0.089844 0.128906
0 0.671875 0.546875 0.210938 0.125000
0 0.658203 0.441406 0.199219 0.085938
0 0.259766 0.486328 0.089844 0.160156
0 0.779297 0.716797 0.144531 0.121094
0 0.654297 0.667969 0.074219 0.117188
0 0.386719 0.371094 0.046875 0.054688
0 0.958984 0.886719 0.082031 0.148438
0 0.806641 0.503906 0.074219 0.078125
0 0.718750 0.382812 0.093750 0.062500
0 0.441406 0.029297 0.218750 0.050781
1 0.927734 0.632812 0.144531 0.375000
0 0.783203 0.585938 0.082031 0.085938
1 0.740234 0.886719 0.339844 0.226562
0 0.435547 0.765625 0.066406 0.132812
0 0.511719 0.947266 0.085938 0.105469
0 0.148438 0.964844 0.140625 0.070312
0 0.521484 0.341797 0.121094 0.121094
0 0.632812 0.369141 0.093750 0.089844
0 0.812500 0.419922 0.093750 0.074219
1 0.166016 0.199219 0.324219 0.382812
1 0.443359 0.162109 0.238281 0.207031
1 0.623047 0.167969 0.113281 0.062500
