0 0.281250 0.515625 0.250000 0.078125
0 0.453125 0.527344 0.093750 0.148438
0 0.529297 0.572266 0.058594 0.128906
0 0.623047 0.585938 0.121094 0.054688
0 0.712891 0.587891 0.050781 0.082031
0 0.470703 0.609375 0.058594 0.031250
0 0.371094 0.564453 0.085938 0.027344
0 0.761719 0.585938 0.078125 0.085938
0 0.291016 0.552734 0.089844 0.074219
1 0.902344 0.611328 0.195312 0.355469
1 0.693359 0.724609 0.285156 0.175781
1 0.679688 0.445312 0.257812 0.171875
1 0.472656 0.390625 0.195312 0.125000
1 0.289062 0.414062 0.210938 0.101562
1 0.072266 0.455078 0.136719 0.167969
1 0.464844 0.699219 0.312500 0.125000
1 0.369141 0.632812 0.058594 0.085938
1 0.232422 0.664062 0.207031 0.132812
1 0.898438 0.794922 0.156250 0.128906
1 0.140625 0.273438 0.218750 0.132812
