0 0.171875 0.259766 0.093750 0.121094
0 0.335938 0.324219 0.210938 0.125000
0 0.072266 0.310547 0.121094 0.074219
0 0.185547 0.470703 0.113281 0.285156
0 0.359375 0.531250 0.250000 0.281250
0 0.390625 0.298828 0.218750 0.144531
0 0.230469 0.142578 0.070312 0.058594
0 0.617188 0.576172 0.234375 0.371094
0 0.753906 0.626953 0.132812 0.371094
0 0.830078 0.697266 0.160156 0.363281
0 0.935547 0.718750 0.113281 0.328125
0 0.373047 0.718750 0.222656 0.093750
0 0.587891 0.814453 0.277344 0.121094
0 0.142578 0.492188 0.136719 0.281250
1 0.218750 0.886719 0.429688 0.218750
1 0.718750 0.937500 0.562500 0.109375
1 0.126953 0.710938 0.238281 0.125000
0 0.126953 0.138672 0.128906 0.050781
1 0.304688 0.187500 0.078125 0.093750
1 0.035156 0.501953 0.062500 0.285156
1 0.068359 0.216797 0.128906 0.089844
