0 0.390625 0.388672 0.171875 0.175781
0 0.542969 0.375000 0.132812 0.109375
0 0.273438 0.410156 0.070312 0.164062
0 0.240234 0.345703 0.105469 0.074219
0 0.488281 0.427734 0.070312 0.089844
0 0.349609 0.472656 0.160156 0.070312
0 0.251953 0.486328 0.082031 0.082031
1 0.765625 0.722656 0.468750 0.554688
1 0.816406 0.462891 0.367188 0.472656
1 0.173828 0.763672 0.316406 0.464844
1 0.474609 0.666016 0.308594 0.292969
1 0.193359 0.164062 0.347656 0.257812
1 0.585938 0.162109 0.468750 0.207031
1 0.087891 0.451172 0.167969 0.332031
0 0.412109 0.923828 0.136719 0.152344
