0 0.658203 0.697266 0.191406 0.113281
0 0.773438 0.607422 0.125000 0.066406
0 0.648438 0.761719 0.125000 0.093750
0 0.226562 0.488281 0.085938 0.148438
0 0.830078 0.443359 0.105469 0.113281
0 0.787109 0.648438 0.144531 0.078125
0 0.707031 0.646484 0.117188 0.082031
0 0.964844 0.761719 0.070312 0.085938
0 0.275391 0.699219 0.136719 0.117188
0 0.224609 0.876953 0.222656 0.160156
1 0.093750 0.656250 0.179688 0.265625
1 0.451172 0.751953 0.199219 0.277344
1 0.943359 0.427734 0.113281 0.535156
1 0.833984 0.867188 0.136719 0.250000
1 0.941406 0.908203 0.109375 0.183594
1 0.810547 0.257812 0.199219 0.226562
1 0.656250 0.917969 0.179688 0.164062
0 0.691406 0.785156 0.109375 0.101562
