0 0.562500 0.447266 0.125000 0.316406
0 0.701172 0.437500 0.136719 0.296875
0 0.806641 0.478516 0.066406 0.191406
0 0.871094 0.435547 0.054688 0.050781
0 0.917969 0.482422 0.031250 0.097656
0 0.841797 0.390625 0.066406 0.031250
0 0.759766 0.390625 0.097656 0.109375
0 0.777344 0.296875 0.078125 0.031250
0 0.453125 0.466797 0.078125 0.191406
0 0.390625 0.492188 0.031250 0.140625
0 0.343750 0.542969 0.062500 0.125000
0 0.968750 0.750000 0.062500 0.171875
0 0.906250 0.822266 0.062500 0.058594
0 0.875000 0.828125 0.078125 0.046875
0 0.906250 0.478516 0.109375 0.082031
0 0.982422 0.667969 0.027344 0.062500
0 0.921875 0.701172 0.031250 0.035156
0 0.886719 0.748047 0.039062 0.019531
0 0.947266 0.765625 0.066406 0.046875
0 0.296875 0.515625 0.031250 0.046875
1 0.304688 0.359375 0.039062 0.031250
0 0.390625 0.486328 0.093750 0.074219
0 0.431641 0.421875 0.074219 0.062500
0 0.503906 0.378906 0.109375 0.093750
0 0.314453 0.587891 0.097656 0.089844
0 0.343750 0.634766 0.062500 0.058594
0 0.408203 0.609375 0.066406 0.093750
0 0.468750 0.603516 0.046875 0.058594
0 0.291016 0.656250 0.027344 0.046875
1 0.697266 0.169922 0.207031 0.058594
1 0.214844 0.423828 0.187500 0.097656
1 0.886719 0.623047 0.164062 0.089844
