0 0.484375 0.390625 0.281250 0.296875
0 0.693359 0.322266 0.152344 0.152344
0 0.523438 0.250000 0.187500 0.093750
0 0.343750 0.400391 0.093750 0.246094
0 0.281250 0.421875 0.031250 0.156250
0 0.265625 0.416016 0.078125 0.089844
0 0.703125 0.484375 0.156250 0.093750
0 0.529297 0.562500 0.160156 0.046875
0 0.640625 0.279297 0.109375 0.097656
0 0.634766 0.533203 0.082031 0.089844
0 0.453125 0.591797 0.109375 0.089844
1 0.634766 0.640625 0.222656 0.078125
1 0.750000 0.585938 0.156250 0.093750
1 0.171875 0.406250 0.109375 0.187500
1 0.222656 0.291016 0.078125 0.144531
1 0.308594 0.607422 0.148438 0.128906
1 0.220703 0.531250 0.105469 0.078125
1 0.822266 0.429688 0.066406 0.210938
1 0.453125 0.673828 0.140625 0.074219
