0 0.546875 0.437500 0.156250 0.109375
0 0.648438 0.500000 0.046875 0.187500
0 0.500000 0.529297 0.078125 0.058594
0 0.597656 0.544922 0.031250 0.089844
0 0.544922 0.554688 0.074219 0.062500
0 0.531250 0.359375 0.078125 0.031250
0 0.503906 0.410156 0.093750 0.101562
0 0.468750 0.468750 0.093750 0.062500
0 0.404297 0.500000 0.027344 0.062500
0 0.375000 0.527344 0.031250 0.062500
0 0.496094 0.199219 0.054688 0.054688
0 0.544922 0.246094 0.097656 0.031250
0 0.609375 0.218750 0.031250 0.093750
0 0.652344 0.187500 0.031250 0.031250
0 0.636719 0.244141 0.062500 0.042969
0 0.816406 0.191406 0.078125 0.046875
0 0.466797 0.281250 0.066406 0.046875
0 0.595703 0.734375 0.058594 0.093750
0 0.638672 0.759766 0.066406 0.105469
0 0.453125 0.748047 0.062500 0.160156
0 0.468750 0.742188 0.078125 0.125000
0 0.814453 0.949219 0.191406 0.101562
0 0.671875 0.478516 0.046875 0.074219
0 0.650391 0.546875 0.089844 0.093750
0 0.703125 0.966797 0.140625 0.066406
0 0.761719 0.734375 0.046875 0.046875
1 0.175781 0.765625 0.343750 0.453125
1 0.873047 0.796875 0.144531 0.187500
1 0.720703 0.642578 0.121094 0.105469
1 0.585938 0.640625 0.179688 0.093750
1 0.429688 0.611328 0.140625 0.097656
1 0.732422 0.392578 0.050781 0.050781
