0 0.419922 0.515625 0.175781 0.250000
0 0.529297 0.533203 0.152344 0.269531
0 0.669922 0.560547 0.160156 0.230469
0 0.828125 0.570312 0.164062 0.234375
0 0.939453 0.578125 0.058594 0.203125
0 0.300781 0.554688 0.156250 0.179688
0 0.119141 0.544922 0.230469 0.152344
0 0.046875 0.544922 0.085938 0.160156
1 0.962891 0.591797 0.074219 0.191406
0 0.355469 0.648438 0.187500 0.062500
1 0.593750 0.337891 0.335938 0.105469
1 0.767578 0.378906 0.332031 0.117188
1 0.914062 0.406250 0.171875 0.125000
0 0.359375 0.460938 0.109375 0.125000
1 0.320312 0.318359 0.218750 0.144531
1 0.154297 0.376953 0.300781 0.175781
