0 0.503906 0.431641 0.242188 0.105469
0 0.529297 0.458984 0.183594 0.113281
0 0.437500 0.292969 0.062500 0.039062
0 0.513672 0.287109 0.097656 0.042969
0 0.589844 0.591797 0.054688 0.136719
0 0.642578 0.589844 0.089844 0.085938
0 0.410156 0.734375 0.125000 0.273438
0 0.541016 0.777344 0.199219 0.203125
0 0.625000 0.798828 0.140625 0.152344
0 0.351562 0.767578 0.132812 0.152344
0 0.419922 0.865234 0.199219 0.128906
0 0.402344 0.210938 0.109375 0.031250
0 0.615234 0.429688 0.082031 0.156250
0 0.490234 0.349609 0.167969 0.066406
1 0.763672 0.826172 0.121094 0.347656
1 0.617188 0.941406 0.187500 0.117188
1 0.396484 0.968750 0.246094 0.062500
