0 0.361328 0.673828 0.652344 0.058594
0 0.291016 0.734375 0.394531 0.062500
0 0.322266 0.783203 0.339844 0.042969
0 0.527344 0.748047 0.070312 0.089844
0 0.605469 0.736328 0.078125 0.066406
0 0.640625 0.695312 0.078125 0.109375
0 0.283203 0.761719 0.191406 0.156250
0 0.425781 0.789062 0.140625 0.085938
0 0.527344 0.748047 0.078125 0.121094
0 0.531250 0.566406 0.109375 0.148438
0 0.648438 0.574219 0.140625 0.187500
0 0.464844 0.601562 0.085938 0.171875
0 0.347656 0.595703 0.132812 0.105469
0 0.250000 0.597656 0.062500 0.093750
0 0.197266 0.617188 0.050781 0.062500
0 0.185547 0.660156 0.175781 0.101562
0 0.763672 0.578125 0.128906 0.203125
0 0.718750 0.687500 0.062500 0.015625
0 0.628906 0.679688 0.179688 0.085938
0 0.779297 0.505859 0.097656 0.105469
0 0.888672 0.525391 0.097656 0.144531
0 0.957031 0.515625 0.085938 0.156250
0 0.886719 0.574219 0.101562 0.117188
0 0.808594 0.615234 0.117188 0.074219
1 0.791016 0.886719 0.417969 0.218750
1 0.919922 0.738281 0.160156 0.164062
1 0.843750 0.824219 0.234375 0.250000
1 0.728516 0.789062 0.082031 0.125000
1 0.371094 0.919922 0.414062 0.160156
1 0.078125 0.871094 0.148438 0.195312
1 0.851562 0.302734 0.296875 0.261719
1 0.568359 0.341797 0.285156 0.269531
1 0.302734 0.425781 0.269531 0.164062
1 0.111328 0.507812 0.191406 0.125000
