0 0.390625 0.654297 0.078125 0.253906
0 0.703125 0.625000 0.187500 0.250000
0 0.781250 0.437500 0.093750 0.203125
0 0.718750 0.763672 0.156250 0.128906
0 0.734375 0.773438 0.109375 0.218750
0 0.593750 0.435547 0.062500 0.144531
0 0.451172 0.654297 0.027344 0.238281
0 0.378906 0.681641 0.109375 0.199219
0 0.386719 0.763672 0.093750 0.128906
0 0.937500 0.861328 0.109375 0.277344
0 0.416016 0.587891 0.074219 0.191406
0 0.089844 0.421875 0.171875 0.265625
0 0.791016 0.289062 0.082031 0.140625
0 0.652344 0.654297 0.195312 0.167969
1 0.542969 0.875000 0.148438 0.250000
1 0.150391 0.783203 0.285156 0.433594
1 0.261719 0.361328 0.156250 0.410156
1 0.921875 0.535156 0.156250 0.367188
1 0.839844 0.861328 0.085938 0.277344
1 0.681641 0.939453 0.113281 0.113281
1 0.451172 0.236328 0.214844 0.464844
1 0.794922 0.107422 0.167969 0.207031
1 0.654297 0.265625 0.183594 0.171875
1 0.671875 0.423828 0.093750 0.136719
1 0.091797 0.140625 0.175781 0.273438
1 0.298828 0.111328 0.253906 0.214844
