0 0.521484 0.421875 0.496094 0.351562
0 0.570312 0.632812 0.210938 0.265625
0 0.726562 0.441406 0.171875 0.304688
0 0.552734 0.744141 0.167969 0.160156
0 0.644531 0.576172 0.085938 0.128906
1 0.824219 0.751953 0.250000 0.316406
1 0.910156 0.423828 0.179688 0.417969
1 0.845703 0.119141 0.308594 0.230469
0 0.595703 0.242188 0.183594 0.109375
0 0.425781 0.248047 0.132812 0.074219
1 0.542969 0.093750 0.382812 0.179688
1 0.078125 0.632812 0.148438 0.234375
1 0.355469 0.691406 0.210938 0.164062
1 0.136719 0.408203 0.257812 0.285156
