0 0.531250 0.423828 0.218750 0.839844
0 0.777344 0.585938 0.265625 0.585938
0 0.328125 0.484375 0.171875 0.812500
0 0.201172 0.542969 0.121094 0.539062
0 0.687500 0.236328 0.156250 0.152344
0 0.142578 0.681641 0.144531 0.636719
0 0.531250 0.906250 0.609375 0.187500
0 0.917969 0.810547 0.156250 0.378906
1 0.824219 0.099609 0.351562 0.097656
0 0.830078 0.335938 0.121094 0.226562
0 0.947266 0.460938 0.105469 0.406250
1 0.179688 0.189453 0.109375 0.144531
1 0.089844 0.306641 0.070312 0.121094
1 0.037109 0.687500 0.066406 0.546875
