0 0.498047 0.359375 0.128906 0.281250
0 0.642578 0.460938 0.183594 0.328125
0 0.359375 0.417969 0.125000 0.250000
0 0.500000 0.591797 0.140625 0.175781
0 0.392578 0.712891 0.464844 0.355469
0 0.656250 0.701172 0.171875 0.128906
0 0.248047 0.410156 0.089844 0.257812
0 0.468750 0.900391 0.187500 0.199219
0 0.626953 0.248047 0.097656 0.136719
0 0.417969 0.294922 0.187500 0.152344
0 0.169922 0.337891 0.191406 0.105469
1 0.169922 0.142578 0.316406 0.277344
1 0.457031 0.103516 0.234375 0.199219
1 0.781250 0.091797 0.406250 0.175781
1 0.841797 0.236328 0.308594 0.121094
1 0.871094 0.558594 0.257812 0.507812
0 0.685547 0.830078 0.113281 0.144531
0 0.652344 0.953125 0.140625 0.093750
1 0.867188 0.906250 0.242188 0.187500
0 0.156250 0.875000 0.203125 0.140625
1 0.085938 0.580078 0.140625 0.371094
1 0.316406 0.953125 0.109375 0.093750
