0 0.623047 0.296875 0.152344 0.156250
0 0.767578 0.414062 0.097656 0.125000
0 0.687500 0.400391 0.078125 0.105469
1 0.816406 0.248047 0.242188 0.089844
0 0.517578 0.267578 0.058594 0.097656
1 0.898438 0.447266 0.156250 0.222656
0 0.630859 0.384766 0.058594 0.082031
0 0.744141 0.464844 0.113281 0.078125
1 0.246094 0.476562 0.476562 0.937500
1 0.746094 0.775391 0.507812 0.425781
1 0.482422 0.517578 0.230469 0.253906
1 0.611328 0.607422 0.144531 0.292969
1 0.798828 0.583984 0.269531 0.144531
1 0.689453 0.111328 0.417969 0.199219
1 0.943359 0.128906 0.113281 0.234375
1 0.855469 0.318359 0.273438 0.058594
