0 0.367188 0.767578 0.140625 0.207031
0 0.214844 0.843750 0.156250 0.140625
0 0.263672 0.736328 0.066406 0.074219
0 0.201172 0.783203 0.050781 0.097656
0 0.296875 0.718750 0.078125 0.093750
0 0.373047 0.669922 0.082031 0.082031
0 0.628906 0.687500 0.187500 0.234375
0 0.484375 0.728516 0.109375 0.175781
0 0.835938 0.558594 0.312500 0.031250
0 0.861328 0.669922 0.269531 0.191406
0 0.750000 0.783203 0.046875 0.042969
0 0.425781 0.816406 0.093750 0.070312
0 0.554688 0.677734 0.117188 0.144531
0 0.876953 0.517578 0.238281 0.050781
0 0.773438 0.585938 0.078125 0.132812
0 0.966797 0.533203 0.066406 0.105469
1 0.822266 0.396484 0.355469 0.128906
1 0.560547 0.482422 0.222656 0.152344
1 0.773438 0.878906 0.453125 0.132812
1 0.507812 0.937500 0.234375 0.125000
0 0.316406 0.873047 0.109375 0.074219
1 0.087891 0.681641 0.167969 0.167969
1 0.234375 0.957031 0.359375 0.085938
1 0.378906 0.578125 0.242188 0.101562
1 0.179688 0.628906 0.156250 0.125000
1 0.068359 0.849609 0.121094 0.191406
