0 0.529297 0.109375 0.152344 0.078125
0 0.312500 0.697266 0.125000 0.261719
0 0.187500 0.875000 0.109375 0.218750
0 0.421875 0.525391 0.093750 0.222656
0 0.531250 0.242188 0.078125 0.140625
0 0.218750 0.716797 0.109375 0.167969
0 0.361328 0.560547 0.152344 0.082031
0 0.312500 0.656250 0.218750 0.140625
0 0.267578 0.898438 0.113281 0.171875
0 0.548828 0.179688 0.097656 0.125000
0 0.441406 0.341797 0.117188 0.183594
1 0.187500 0.255859 0.367188 0.503906
0 0.328125 0.851562 0.109375 0.125000
1 0.396484 0.125000 0.097656 0.242188
1 0.058594 0.708984 0.101562 0.402344
1 0.144531 0.554688 0.093750 0.140625
0 0.503906 0.339844 0.078125 0.101562
0 0.367188 0.730469 0.085938 0.101562
1 0.570312 0.820312 0.265625 0.343750
1 0.705078 0.302734 0.191406 0.589844
1 0.619141 0.509766 0.152344 0.378906
1 0.533203 0.583984 0.121094 0.300781
1 0.445312 0.896484 0.109375 0.207031
0 0.326172 0.939453 0.097656 0.105469
