0 0.578125 0.492188 0.156250 0.328125
0 0.716797 0.472656 0.121094 0.242188
0 0.455078 0.511719 0.082031 0.304688
0 0.402344 0.462891 0.156250 0.136719
0 0.494141 0.687500 0.136719 0.093750
0 0.554688 0.312500 0.179688 0.093750
1 0.568359 0.136719 0.285156 0.242188
1 0.162109 0.474609 0.308594 0.230469
1 0.826172 0.687500 0.347656 0.179688
1 0.644531 0.750000 0.164062 0.171875
1 0.300781 0.630859 0.218750 0.207031
1 0.361328 0.244141 0.207031 0.214844
1 0.300781 0.330078 0.218750 0.113281
1 0.777344 0.306641 0.234375 0.082031
