0 0.494141 0.462891 0.089844 0.128906
0 0.595703 0.433594 0.121094 0.046875
0 0.576172 0.486328 0.082031 0.058594
0 0.609375 0.400391 0.062500 0.019531
0 0.406250 0.468750 0.062500 0.109375
0 0.759766 0.234375 0.050781 0.093750
0 0.796875 0.220703 0.046875 0.058594
0 0.296875 0.587891 0.109375 0.058594
0 0.197266 0.279297 0.058594 0.066406
0 0.248047 0.388672 0.128906 0.082031
0 0.156250 0.429688 0.109375 0.085938
0 0.398438 0.361328 0.140625 0.160156
0 0.343750 0.482422 0.156250 0.136719
0 0.730469 0.246094 0.062500 0.078125
1 0.892578 0.253906 0.097656 0.234375
1 0.814453 0.343750 0.160156 0.109375
1 0.564453 0.687500 0.191406 0.281250
1 0.218750 0.169922 0.140625 0.144531
1 0.107422 0.242188 0.113281 0.140625
1 0.283203 0.279297 0.089844 0.113281
1 0.574219 0.283203 0.203125 0.167969
1 0.816406 0.119141 0.156250 0.121094
1 0.714844 0.357422 0.085938 0.121094
1 0.433594 0.607422 0.140625 0.089844
0 0.259766 0.628906 0.097656 0.070312
1 0.746094 0.796875 0.179688 0.250000
1 0.529297 0.882812 0.308594 0.117188
1 0.224609 0.710938 0.136719 0.093750
1 0.164062 0.904297 0.140625 0.113281
