0 0.656250 0.404297 0.312500 0.246094
0 0.789062 0.697266 0.328125 0.386719
0 0.156250 0.855469 0.281250 0.171875
0 0.312500 0.718750 0.156250 0.140625
0 0.812500 0.443359 0.093750 0.167969
0 0.183594 0.732422 0.156250 0.066406
0 0.921875 0.734375 0.140625 0.281250
0 0.554688 0.296875 0.101562 0.109375
0 0.921875 0.429688 0.156250 0.156250
0 0.658203 0.230469 0.097656 0.109375
1 0.513672 0.785156 0.214844 0.406250
0 0.105469 0.765625 0.101562 0.093750
0 0.166016 0.962891 0.207031 0.074219
1 0.369141 0.935547 0.097656 0.121094
1 0.574219 0.923828 0.171875 0.136719
1 0.593750 0.957031 0.179688 0.085938
1 0.833984 0.968750 0.285156 0.062500
1 0.353516 0.535156 0.285156 0.218750
1 0.113281 0.613281 0.218750 0.164062
1 0.902344 0.292969 0.179688 0.140625
1 0.492188 0.181641 0.234375 0.105469
1 0.802734 0.179688 0.175781 0.195312
1 0.564453 0.654297 0.121094 0.253906
0 0.835938 0.880859 0.304688 0.097656
1 0.416016 0.382812 0.191406 0.093750
1 0.943359 0.113281 0.105469 0.148438
1 0.396484 0.259766 0.191406 0.152344
