0 0.691406 0.447266 0.195312 0.113281
0 0.355469 0.246094 0.085938 0.023438
0 0.587891 0.576172 0.066406 0.089844
0 0.687500 0.548828 0.140625 0.058594
0 0.523438 0.919922 0.093750 0.058594
0 0.656250 0.312500 0.046875 0.046875
0 0.369141 0.158203 0.074219 0.042969
0 0.630859 0.136719 0.082031 0.039062
0 0.437500 0.144531 0.078125 0.023438
0 0.539062 0.167969 0.070312 0.023438
0 0.701172 0.177734 0.105469 0.035156
0 0.478516 0.343750 0.167969 0.054688
1 0.246094 0.283203 0.195312 0.035156
1 0.082031 0.300781 0.132812 0.039062
1 0.234375 0.535156 0.328125 0.406250
1 0.808594 0.783203 0.281250 0.097656
1 0.609375 0.667969 0.132812 0.070312
0 0.541016 0.429688 0.105469 0.046875
1 0.892578 0.458984 0.207031 0.277344
1 0.466797 0.609375 0.152344 0.304688
1 0.298828 0.064453 0.355469 0.121094
1 0.226562 0.181641 0.164062 0.152344
1 0.455078 0.228516 0.113281 0.105469
