0 0.500000 0.390625 0.109375 0.062500
0 0.605469 0.400391 0.078125 0.097656
0 0.326172 0.587891 0.121094 0.105469
0 0.419922 0.587891 0.074219 0.066406
0 0.267578 0.533203 0.089844 0.089844
0 0.781250 0.472656 0.093750 0.101562
0 0.220703 0.542969 0.066406 0.054688
0 0.453125 0.511719 0.093750 0.054688
0 0.500000 0.566406 0.093750 0.046875
0 0.267578 0.603516 0.066406 0.050781
0 0.359375 0.359375 0.156250 0.062500
0 0.671875 0.386719 0.062500 0.078125
0 0.525391 0.423828 0.113281 0.042969
0 0.652344 0.111328 0.125000 0.042969
1 0.373047 0.300781 0.082031 0.039062
1 0.435547 0.275391 0.066406 0.050781
1 0.593750 0.314453 0.218750 0.050781
1 0.775391 0.298828 0.136719 0.074219
1 0.763672 0.388672 0.105469 0.082031
0 0.824219 0.546875 0.101562 0.046875
1 0.593750 0.513672 0.078125 0.097656
1 0.359375 0.466797 0.093750 0.128906
1 0.134766 0.505859 0.097656 0.128906
1 0.501953 0.623047 0.082031 0.058594
1 0.531250 0.498047 0.062500 0.089844
1 0.687500 0.466797 0.078125 0.082031
1 0.484375 0.322266 0.078125 0.042969
1 0.232422 0.361328 0.082031 0.058594
