0 0.556641 0.625000 0.136719 0.156250
0 0.568359 0.376953 0.113281 0.066406
0 0.753906 0.427734 0.250000 0.066406
0 0.478516 0.343750 0.058594 0.046875
0 0.392578 0.546875 0.058594 0.046875
0 0.648438 0.748047 0.148438 0.121094
0 0.769531 0.839844 0.148438 0.140625
0 0.400391 0.332031 0.089844 0.062500
0 0.472656 0.628906 0.109375 0.210938
0 0.220703 0.417969 0.105469 0.125000
1 0.378906 0.818359 0.226562 0.160156
1 0.111328 0.728516 0.191406 0.457031
1 0.300781 0.873047 0.234375 0.253906
1 0.830078 0.955078 0.175781 0.089844
1 0.744141 0.605469 0.222656 0.156250
1 0.925781 0.699219 0.148438 0.382812
1 0.804688 0.707031 0.140625 0.109375
1 0.550781 0.908203 0.218750 0.183594
1 0.515625 0.791016 0.101562 0.097656
0 0.316406 0.498047 0.085938 0.113281
1 0.216797 0.306641 0.113281 0.089844
1 0.316406 0.316406 0.078125 0.085938
1 0.089844 0.283203 0.156250 0.152344
