0 0.595703 0.148438 0.128906 0.187500
0 0.462891 0.269531 0.121094 0.406250
0 0.591797 0.294922 0.144531 0.097656
0 0.562500 0.451172 0.187500 0.300781
0 0.220703 0.589844 0.433594 0.226562
0 0.099609 0.296875 0.191406 0.343750
0 0.218750 0.189453 0.046875 0.199219
0 0.408203 0.203125 0.113281 0.171875
0 0.271484 0.109375 0.058594 0.164062
0 0.314453 0.013672 0.058594 0.019531
0 0.306641 0.087891 0.019531 0.050781
0 0.330078 0.078125 0.027344 0.031250
0 0.478516 0.033203 0.089844 0.058594
0 0.642578 0.035156 0.019531 0.031250
0 0.492188 0.671875 0.109375 0.390625
0 0.593750 0.775391 0.093750 0.339844
0 0.669922 0.626953 0.191406 0.136719
0 0.673828 0.697266 0.191406 0.089844
0 0.666016 0.750000 0.160156 0.078125
0 0.662109 0.798828 0.128906 0.058594
0 0.623047 0.906250 0.183594 0.171875
0 0.156250 0.820312 0.304688 0.250000
0 0.375000 0.742188 0.125000 0.062500
0 0.105469 0.970703 0.203125 0.050781
0 0.240234 0.916016 0.121094 0.160156
0 0.216797 0.375000 0.097656 0.187500
0 0.359375 0.435547 0.171875 0.089844
0 0.832031 0.958984 0.109375 0.074219
0 0.488281 0.859375 0.101562 0.148438
0 0.541016 0.968750 0.027344 0.046875
0 0.611328 0.929688 0.074219 0.125000
0 0.232422 0.041016 0.019531 0.027344
1 0.835938 0.283203 0.328125 0.550781
1 0.886719 0.736328 0.218750 0.371094
1 0.783203 0.859375 0.097656 0.117188
1 0.947266 0.925781 0.097656 0.148438
