0 0.416016 0.449219 0.175781 0.179688
0 0.605469 0.515625 0.210938 0.250000
0 0.855469 0.691406 0.289062 0.281250
0 0.279297 0.468750 0.097656 0.140625
0 0.785156 0.498047 0.171875 0.105469
0 0.388672 0.562500 0.230469 0.078125
0 0.230469 0.482422 0.101562 0.105469
0 0.470703 0.892578 0.089844 0.050781
0 0.638672 0.669922 0.097656 0.074219
0 0.554688 0.404297 0.101562 0.089844
1 0.156250 0.314453 0.281250 0.128906
0 0.033203 0.617188 0.058594 0.062500
1 0.253906 0.785156 0.312500 0.320312
1 0.826172 0.916016 0.332031 0.144531
0 0.185547 0.509766 0.113281 0.128906
0 0.263672 0.574219 0.152344 0.078125
0 0.451172 0.580078 0.097656 0.082031
0 0.691406 0.726562 0.093750 0.125000
0 0.779297 0.447266 0.199219 0.074219
1 0.064453 0.480469 0.121094 0.195312
1 0.142578 0.367188 0.160156 0.109375
0 0.328125 0.388672 0.101562 0.074219
1 0.199219 0.824219 0.382812 0.328125
1 0.457031 0.742188 0.093750 0.234375
0 0.875000 0.519531 0.109375 0.125000
1 0.400391 0.306641 0.207031 0.089844
1 0.583984 0.849609 0.144531 0.277344
1 0.474609 0.960938 0.136719 0.078125
1 0.570312 0.326172 0.125000 0.058594
1 0.728516 0.361328 0.191406 0.066406
1 0.132812 0.648438 0.117188 0.125000
1 0.937500 0.412109 0.117188 0.089844
