0 0.453125 0.248047 0.218750 0.113281
0 0.636719 0.328125 0.148438 0.203125
0 0.406250 0.500000 0.140625 0.125000
0 0.558594 0.578125 0.148438 0.250000
0 0.650391 0.619141 0.144531 0.269531
0 0.531250 0.775391 0.312500 0.128906
0 0.416016 0.628906 0.128906 0.171875
0 0.388672 0.183594 0.152344 0.085938
0 0.486328 0.185547 0.097656 0.066406
0 0.857422 0.154297 0.097656 0.074219
1 0.345703 0.048828 0.089844 0.082031
0 0.765625 0.576172 0.093750 0.128906
0 0.742188 0.705078 0.109375 0.082031
0 0.369141 0.388672 0.160156 0.175781
0 0.779297 0.154297 0.089844 0.058594
0 0.298828 0.767578 0.167969 0.152344
0 0.335938 0.513672 0.109375 0.074219
0 0.324219 0.640625 0.171875 0.062500
0 0.609375 0.123047 0.140625 0.105469
1 0.183594 0.408203 0.187500 0.378906
1 0.107422 0.798828 0.191406 0.355469
1 0.462891 0.923828 0.488281 0.152344
