0 0.478516 0.404297 0.238281 0.441406
0 0.603516 0.460938 0.152344 0.460938
0 0.373047 0.402344 0.222656 0.140625
0 0.384766 0.273438 0.128906 0.117188
0 0.376953 0.486328 0.160156 0.082031
0 0.732422 0.468750 0.113281 0.328125
0 0.843750 0.511719 0.093750 0.078125
0 0.500000 0.656250 0.187500 0.062500
0 0.935547 0.494141 0.066406 0.066406
0 0.796875 0.560547 0.078125 0.097656
0 0.710938 0.640625 0.093750 0.109375
0 0.955078 0.453125 0.082031 0.062500
0 0.218750 0.339844 0.046875 0.062500
1 0.093750 0.150391 0.179688 0.292969
1 0.751953 0.857422 0.472656 0.285156
1 0.908203 0.212891 0.175781 0.417969
1 0.703125 0.111328 0.234375 0.214844
1 0.408203 0.091797 0.433594 0.175781
