0 0.527344 0.361328 0.117188 0.183594
0 0.468750 0.498047 0.062500 0.121094
0 0.404297 0.611328 0.128906 0.199219
0 0.929688 0.500000 0.132812 0.234375
0 0.824219 0.324219 0.078125 0.062500
0 0.625000 0.558594 0.093750 0.164062
0 0.541016 0.671875 0.097656 0.062500
0 0.953125 0.359375 0.093750 0.109375
1 0.654297 0.181641 0.207031 0.105469
1 0.857422 0.220703 0.246094 0.128906
1 0.888672 0.812500 0.214844 0.375000
1 0.777344 0.548828 0.187500 0.371094
1 0.357422 0.861328 0.464844 0.277344
1 0.640625 0.355469 0.078125 0.234375
1 0.730469 0.324219 0.101562 0.171875
1 0.886719 0.310547 0.054688 0.144531
1 0.529297 0.218750 0.136719 0.093750
1 0.373047 0.400391 0.113281 0.191406
