0 0.546875 0.560547 0.078125 0.183594
0 0.617188 0.527344 0.062500 0.109375
0 0.707031 0.503906 0.132812 0.054688
0 0.457031 0.753906 0.109375 0.468750
0 0.404297 0.785156 0.089844 0.382812
0 0.337891 0.833984 0.121094 0.324219
0 0.029297 0.681641 0.050781 0.183594
0 0.224609 0.900391 0.105469 0.136719
0 0.509766 0.679688 0.089844 0.117188
0 0.144531 0.675781 0.179688 0.132812
1 0.792969 0.792969 0.406250 0.414062
1 0.626953 0.873047 0.230469 0.253906
1 0.228516 0.513672 0.253906 0.183594
1 0.117188 0.861328 0.125000 0.230469
1 0.427734 0.458984 0.152344 0.113281
1 0.064453 0.503906 0.121094 0.148438
0 0.328125 0.642578 0.156250 0.058594
