0 0.433594 0.560547 0.406250 0.191406
0 0.500000 0.390625 0.250000 0.125000
0 0.523438 0.296875 0.171875 0.078125
0 0.375000 0.421875 0.125000 0.078125
0 0.492188 0.699219 0.312500 0.085938
0 0.625000 0.501953 0.125000 0.316406
0 0.248047 0.533203 0.113281 0.175781
1 0.119141 0.744141 0.191406 0.230469
0 0.355469 0.666016 0.218750 0.128906
1 0.761719 0.544922 0.132812 0.339844
1 0.437500 0.822266 0.500000 0.160156
1 0.773438 0.802734 0.234375 0.261719
0 0.597656 0.326172 0.101562 0.121094
0 0.527344 0.273438 0.093750 0.093750
1 0.115234 0.539062 0.152344 0.179688
0 0.306641 0.455078 0.113281 0.097656
