0 0.525391 0.228516 0.113281 0.105469
0 0.453125 0.437500 0.093750 0.171875
1 0.515625 0.812500 0.953125 0.359375
1 0.812500 0.359375 0.375000 0.593750
1 0.275391 0.460938 0.253906 0.351562
1 0.085938 0.500000 0.156250 0.265625
1 0.328125 0.197266 0.171875 0.175781
1 0.515625 0.091797 0.250000 0.128906
1 0.824219 0.046875 0.351562 0.078125
1 0.386719 0.078125 0.164062 0.093750
1 0.562500 0.498047 0.125000 0.277344
1 0.453125 0.578125 0.109375 0.109375
1 0.503906 0.310547 0.234375 0.058594
1 0.435547 0.214844 0.058594 0.125000
1 0.619141 0.214844 0.058594 0.132812
