0 0.525391 0.580078 0.183594 0.089844
0 0.369141 0.609375 0.128906 0.062500
0 0.140625 0.671875 0.140625 0.062500
0 0.250000 0.640625 0.078125 0.046875
0 0.699219 0.531250 0.148438 0.070312
0 0.753906 0.500000 0.140625 0.078125
0 0.593750 0.558594 0.125000 0.085938
0 0.285156 0.621094 0.085938 0.062500
0 0.421875 0.595703 0.164062 0.097656
0 0.052734 0.689453 0.082031 0.074219
0 0.216797 0.664062 0.074219 0.078125
0 0.041016 0.767578 0.066406 0.066406
1 0.224609 0.369141 0.300781 0.214844
1 0.093750 0.554688 0.179688 0.148438
1 0.914062 0.619141 0.171875 0.457031
0 0.345703 0.658203 0.128906 0.050781
