0 0.169922 0.125000 0.128906 0.093750
0 0.201172 0.220703 0.082031 0.097656
0 0.294922 0.316406 0.105469 0.218750
0 0.361328 0.382812 0.097656 0.265625
0 0.451172 0.490234 0.144531 0.316406
0 0.562500 0.419922 0.164062 0.097656
0 0.535156 0.625000 0.070312 0.343750
0 0.617188 0.671875 0.125000 0.335938
0 0.710938 0.687500 0.140625 0.164062
0 0.494141 0.689453 0.066406 0.089844
0 0.324219 0.453125 0.062500 0.046875
0 0.212891 0.273438 0.058594 0.093750
0 0.853516 0.720703 0.136719 0.136719
0 0.964844 0.822266 0.070312 0.160156
1 0.839844 0.474609 0.296875 0.246094
1 0.966797 0.654297 0.066406 0.144531
1 0.880859 0.570312 0.191406 0.156250
1 0.730469 0.355469 0.171875 0.289062
1 0.542969 0.236328 0.250000 0.175781
1 0.611328 0.320312 0.175781 0.093750
0 0.687500 0.855469 0.085938 0.093750
1 0.833984 0.896484 0.167969 0.207031
1 0.412109 0.917969 0.300781 0.164062
0 0.474609 0.648438 0.121094 0.078125
1 0.308594 0.751953 0.203125 0.191406
1 0.283203 0.601562 0.175781 0.179688
