0 0.531250 0.343750 0.343750 0.078125
0 0.750000 0.453125 0.093750 0.296875
0 0.578125 0.453125 0.234375 0.125000
0 0.640625 0.617188 0.125000 0.187500
0 0.337891 0.263672 0.121094 0.082031
0 0.486328 0.250000 0.207031 0.109375
0 0.830078 0.406250 0.121094 0.156250
0 0.923828 0.435547 0.136719 0.121094
0 0.767578 0.648438 0.121094 0.070312
0 0.531250 0.578125 0.109375 0.125000
0 0.419922 0.437500 0.089844 0.156250
0 0.326172 0.339844 0.082031 0.085938
0 0.267578 0.218750 0.105469 0.062500
0 0.158203 0.148438 0.121094 0.093750
1 0.941406 0.654297 0.101562 0.308594
0 0.673828 0.316406 0.152344 0.125000
1 0.705078 0.826172 0.183594 0.222656
1 0.140625 0.421875 0.265625 0.218750
1 0.326172 0.511719 0.097656 0.234375
1 0.408203 0.634766 0.144531 0.230469
1 0.173828 0.759766 0.339844 0.457031
1 0.515625 0.861328 0.328125 0.238281
1 0.535156 0.718750 0.101562 0.156250
1 0.111328 0.279297 0.199219 0.160156
1 0.048828 0.148438 0.089844 0.187500
1 0.666016 0.181641 0.128906 0.136719
1 0.410156 0.138672 0.375000 0.097656
0 0.830078 0.601562 0.097656 0.210938
