0 0.519531 0.593750 0.101562 0.093750
0 0.509766 0.685547 0.113281 0.089844
0 0.517578 0.761719 0.097656 0.078125
0 0.556641 0.513672 0.066406 0.066406
0 0.556641 0.416016 0.089844 0.074219
1 0.798828 0.750000 0.394531 0.500000
0 0.478516 0.511719 0.066406 0.070312
1 0.761719 0.363281 0.265625 0.351562
1 0.781250 0.136719 0.289062 0.250000
1 0.335938 0.146484 0.664062 0.285156
1 0.197266 0.583984 0.386719 0.621094
1 0.576172 0.904297 0.363281 0.191406
1 0.525391 0.318359 0.285156 0.097656
1 0.416016 0.398438 0.175781 0.132812
1 0.345703 0.558594 0.167969 0.203125
1 0.384766 0.736328 0.113281 0.144531
