0 0.398438 0.517578 0.132812 0.128906
0 0.558594 0.525391 0.187500 0.113281
0 0.697266 0.529297 0.082031 0.074219
0 0.546875 0.662109 0.156250 0.144531
0 0.455078 0.699219 0.058594 0.054688
0 0.623047 0.652344 0.074219 0.117188
0 0.359375 0.621094 0.109375 0.062500
0 0.298828 0.544922 0.066406 0.089844
0 0.441406 0.443359 0.046875 0.003906
1 0.470703 0.361328 0.277344 0.136719
1 0.744141 0.423828 0.230469 0.121094
1 0.822266 0.541016 0.144531 0.160156
0 0.966797 0.583984 0.066406 0.058594
1 0.705078 0.640625 0.082031 0.140625
1 0.394531 0.783203 0.132812 0.089844
1 0.173828 0.517578 0.152344 0.230469
1 0.283203 0.695312 0.136719 0.101562
1 0.828125 0.177734 0.343750 0.347656
1 0.576172 0.107422 0.207031 0.207031
