0 0.292969 0.330078 0.226562 0.144531
0 0.314453 0.470703 0.621094 0.167969
0 0.640625 0.398438 0.484375 0.171875
0 0.705078 0.251953 0.035156 0.175781
0 0.720703 0.546875 0.191406 0.171875
0 0.896484 0.431641 0.183594 0.214844
0 0.187500 0.667969 0.367188 0.281250
0 0.500000 0.595703 0.250000 0.113281
0 0.625000 0.683594 0.031250 0.132812
0 0.361328 0.730469 0.136719 0.164062
0 0.378906 0.828125 0.085938 0.156250
0 0.378906 0.773438 0.179688 0.171875
0 0.708984 0.636719 0.207031 0.156250
0 0.697266 0.263672 0.144531 0.066406
0 0.810547 0.275391 0.144531 0.066406
0 0.527344 0.687500 0.179688 0.187500
0 0.181641 0.404297 0.089844 0.183594
1 0.150391 0.917969 0.285156 0.148438
1 0.839844 0.861328 0.312500 0.277344
1 0.585938 0.892578 0.210938 0.207031
1 0.904297 0.658203 0.175781 0.222656
1 0.873047 0.171875 0.253906 0.125000
1 0.388672 0.962891 0.207031 0.074219
