0 0.554688 0.466797 0.070312 0.128906
0 0.640625 0.455078 0.109375 0.097656
0 0.722656 0.466797 0.039062 0.089844
0 0.775391 0.468750 0.042969 0.078125
0 0.812500 0.466797 0.031250 0.066406
0 0.871094 0.462891 0.070312 0.042969
0 0.937500 0.451172 0.093750 0.035156
0 0.486328 0.466797 0.058594 0.121094
0 0.423828 0.482422 0.066406 0.097656
0 0.343750 0.484375 0.078125 0.109375
0 0.261719 0.492188 0.093750 0.117188
0 0.185547 0.501953 0.050781 0.105469
0 0.126953 0.515625 0.058594 0.093750
0 0.119141 0.507812 0.113281 0.062500
0 0.095703 0.437500 0.074219 0.046875
0 0.029297 0.451172 0.035156 0.027344
0 0.080078 0.564453 0.027344 0.035156
0 0.035156 0.564453 0.062500 0.050781
0 0.619141 0.359375 0.050781 0.031250
0 0.710938 0.361328 0.078125 0.074219
1 0.283203 0.361328 0.136719 0.121094
1 0.669922 0.226562 0.066406 0.062500
1 0.828125 0.271484 0.250000 0.097656
1 0.875000 0.367188 0.234375 0.117188
1 0.589844 0.289062 0.242188 0.070312
1 0.472656 0.355469 0.242188 0.093750
1 0.068359 0.339844 0.128906 0.132812
1 0.183594 0.378906 0.109375 0.062500
1 0.269531 0.638672 0.234375 0.152344
1 0.498047 0.591797 0.332031 0.105469
1 0.777344 0.568359 0.335938 0.113281
1 0.929688 0.527344 0.140625 0.078125
1 0.109375 0.662109 0.210938 0.128906
