0 0.541016 0.416016 0.253906 0.605469
0 0.332031 0.373047 0.156250 0.332031
0 0.781250 0.316406 0.234375 0.242188
0 0.734375 0.564453 0.140625 0.246094
0 0.869141 0.486328 0.121094 0.089844
0 0.830078 0.521484 0.121094 0.113281
0 0.876953 0.335938 0.121094 0.210938
0 0.658203 0.160156 0.191406 0.078125
0 0.759766 0.167969 0.136719 0.046875
0 0.332031 0.593750 0.156250 0.109375
0 0.343750 0.207031 0.132812 0.101562
0 0.187500 0.410156 0.125000 0.132812
0 0.125000 0.533203 0.140625 0.105469
0 0.207031 0.535156 0.093750 0.179688
0 0.412109 0.623047 0.167969 0.152344
0 0.789062 0.554688 0.132812 0.132812
0 0.197266 0.308594 0.105469 0.125000
0 0.095703 0.455078 0.058594 0.050781
0 0.310547 0.652344 0.074219 0.062500
0 0.480469 0.716797 0.101562 0.082031
0 0.679688 0.689453 0.125000 0.066406
1 0.841797 0.072266 0.253906 0.105469
0 0.056641 0.478516 0.097656 0.121094
1 0.529297 0.056641 0.378906 0.105469
1 0.177734 0.128906 0.214844 0.132812
1 0.138672 0.208984 0.230469 0.066406
1 0.308594 0.078125 0.140625 0.132812
1 0.060547 0.320312 0.105469 0.187500
