0 0.359375 0.453125 0.093750 0.140625
0 0.503906 0.464844 0.187500 0.210938
0 0.566406 0.601562 0.101562 0.093750
0 0.630859 0.537109 0.066406 0.066406
0 0.728516 0.523438 0.128906 0.078125
0 0.277344 0.484375 0.078125 0.070312
0 0.052734 0.388672 0.097656 0.042969
0 0.697266 0.656250 0.152344 0.062500
0 0.419922 0.361328 0.097656 0.089844
0 0.947266 0.699219 0.105469 0.078125
1 0.728516 0.597656 0.214844 0.054688
1 0.833984 0.773438 0.105469 0.296875
1 0.664062 0.771484 0.234375 0.167969
1 0.412109 0.630859 0.207031 0.121094
1 0.660156 0.402344 0.101562 0.070312
1 0.673828 0.320312 0.167969 0.093750
1 0.535156 0.302734 0.125000 0.121094
1 0.833984 0.525391 0.058594 0.105469
0 0.246094 0.474609 0.070312 0.050781
0 0.326172 0.416016 0.074219 0.066406
1 0.312500 0.341797 0.117188 0.066406
1 0.160156 0.394531 0.101562 0.195312
1 0.240234 0.369141 0.097656 0.144531
1 0.076172 0.326172 0.144531 0.082031
