0 0.685547 0.623047 0.160156 0.214844
0 0.744141 0.455078 0.136719 0.222656
0 0.398438 0.484375 0.187500 0.140625
0 0.421875 0.654297 0.203125 0.183594
0 0.376953 0.773438 0.128906 0.210938
0 0.406250 0.367188 0.093750 0.117188
0 0.701172 0.759766 0.128906 0.160156
0 0.501953 0.515625 0.214844 0.109375
0 0.968750 0.796875 0.046875 0.296875
0 0.435547 0.025391 0.089844 0.042969
0 0.681641 0.337891 0.128906 0.175781
1 0.406250 0.148438 0.156250 0.203125
1 0.529297 0.835938 0.144531 0.148438
1 0.542969 0.322266 0.109375 0.269531
1 0.896484 0.519531 0.160156 0.218750
