0 0.388672 0.515625 0.082031 0.156250
0 0.466797 0.546875 0.066406 0.203125
0 0.515625 0.525391 0.031250 0.113281
0 0.533203 0.523438 0.050781 0.085938
0 0.390625 0.625000 0.093750 0.062500
0 0.281250 0.343750 0.078125 0.031250
0 0.335938 0.357422 0.031250 0.050781
0 0.158203 0.292969 0.066406 0.046875
0 0.246094 0.283203 0.093750 0.027344
0 0.421875 0.187500 0.093750 0.062500
0 0.515625 0.171875 0.093750 0.062500
0 0.591797 0.171875 0.042969 0.031250
0 0.468750 0.125000 0.031250 0.062500
0 0.453125 0.246094 0.031250 0.031250
0 0.423828 0.304688 0.128906 0.015625
0 0.904297 0.326172 0.058594 0.050781
0 0.949219 0.343750 0.023438 0.062500
0 0.972656 0.359375 0.031250 0.046875
1 0.111328 0.658203 0.214844 0.675781
1 0.529297 0.835938 0.597656 0.328125
1 0.273438 0.515625 0.101562 0.312500
1 0.429688 0.375000 0.117188 0.093750
1 0.294922 0.228516 0.152344 0.074219
1 0.478516 0.056641 0.058594 0.050781
1 0.531250 0.062500 0.031250 0.046875
1 0.919922 0.191406 0.144531 0.101562
1 0.916016 0.937500 0.167969 0.109375
1 0.625000 0.625000 0.250000 0.093750
1 0.861328 0.687500 0.230469 0.125000
