0 0.453125 0.390625 0.140625 0.265625
0 0.562500 0.359375 0.093750 0.203125
0 0.460938 0.294922 0.078125 0.121094
0 0.357422 0.421875 0.035156 0.218750
0 0.343750 0.431641 0.070312 0.105469
0 0.447266 0.503906 0.136719 0.140625
0 0.519531 0.453125 0.140625 0.085938
0 0.396484 0.519531 0.089844 0.070312
0 0.751953 0.898438 0.097656 0.156250
0 0.814453 0.798828 0.175781 0.152344
1 0.308594 0.044922 0.093750 0.082031
1 0.810547 0.185547 0.355469 0.214844
0 0.908203 0.933594 0.113281 0.132812
1 0.837891 0.503906 0.316406 0.421875
1 0.242188 0.675781 0.234375 0.273438
1 0.496094 0.796875 0.296875 0.406250
1 0.136719 0.269531 0.257812 0.523438
1 0.517578 0.138672 0.308594 0.191406
1 0.660156 0.648438 0.117188 0.343750
1 0.593750 0.611328 0.140625 0.183594
