0 0.433594 0.531250 0.226562 0.187500
0 0.660156 0.349609 0.117188 0.050781
0 0.298828 0.642578 0.332031 0.089844
0 0.687500 0.580078 0.093750 0.191406
0 0.753906 0.621094 0.093750 0.210938
0 0.830078 0.656250 0.089844 0.203125
0 0.857422 0.660156 0.105469 0.148438
0 0.587891 0.546875 0.128906 0.171875
0 0.628906 0.621094 0.085938 0.062500
0 0.265625 0.642578 0.203125 0.136719
0 0.337891 0.562500 0.152344 0.179688
0 0.578125 0.345703 0.101562 0.027344
1 0.406250 0.800781 0.531250 0.171875
1 0.835938 0.869141 0.328125 0.191406
1 0.958984 0.687500 0.082031 0.234375
1 0.380859 0.328125 0.292969 0.203125
1 0.662109 0.419922 0.253906 0.058594
1 0.177734 0.484375 0.152344 0.140625
1 0.580078 0.265625 0.105469 0.109375
1 0.544922 0.681641 0.082031 0.066406
1 0.816406 0.457031 0.070312 0.093750
1 0.591797 0.865234 0.152344 0.160156
1 0.082031 0.886719 0.140625 0.226562
1 0.894531 0.912109 0.210938 0.175781
