0 0.593750 0.373047 0.125000 0.519531
0 0.671875 0.322266 0.125000 0.332031
0 0.734375 0.314453 0.140625 0.253906
0 0.798828 0.359375 0.121094 0.093750
0 0.533203 0.388672 0.121094 0.488281
0 0.470703 0.509766 0.105469 0.480469
0 0.421875 0.541016 0.140625 0.386719
0 0.322266 0.605469 0.066406 0.281250
0 0.281250 0.617188 0.125000 0.265625
0 0.478516 0.683594 0.136719 0.164062
0 0.166016 0.980469 0.128906 0.039062
0 0.609375 0.023438 0.109375 0.039062
1 0.236328 0.134766 0.464844 0.261719
1 0.109375 0.587891 0.203125 0.628906
0 0.375000 0.470703 0.093750 0.128906
1 0.259766 0.343750 0.113281 0.203125
1 0.359375 0.279297 0.125000 0.144531
1 0.828125 0.748047 0.312500 0.503906
1 0.685547 0.824219 0.253906 0.351562
1 0.421875 0.857422 0.359375 0.191406
1 0.906250 0.140625 0.187500 0.273438
1 0.933594 0.390625 0.132812 0.250000
1 0.781250 0.091797 0.171875 0.128906
1 0.607422 0.076172 0.246094 0.058594
1 0.435547 0.955078 0.339844 0.082031
1 0.267578 0.841797 0.191406 0.175781
