0 0.544922 0.619141 0.128906 0.097656
0 0.580078 0.529297 0.058594 0.089844
0 0.439453 0.625000 0.089844 0.062500
0 0.373047 0.638672 0.042969 0.042969
0 0.640625 0.648438 0.046875 0.062500
0 0.687500 0.658203 0.062500 0.089844
0 0.769531 0.691406 0.093750 0.070312
0 0.671875 0.533203 0.117188 0.152344
0 0.562500 0.562500 0.101562 0.070312
0 0.330078 0.644531 0.121094 0.062500
0 0.164062 0.609375 0.109375 0.078125
0 0.193359 0.671875 0.074219 0.039062
1 0.472656 0.835938 0.242188 0.328125
1 0.787109 0.521484 0.105469 0.253906
1 0.199219 0.853516 0.390625 0.292969
1 0.650391 0.853516 0.136719 0.292969
1 0.769531 0.802734 0.093750 0.136719
1 0.314453 0.564453 0.144531 0.097656
