0 0.628906 0.339844 0.062500 0.031250
0 0.072266 0.384766 0.136719 0.050781
0 0.394531 0.402344 0.281250 0.046875
0 0.621094 0.414062 0.140625 0.054688
0 0.798828 0.402344 0.207031 0.125000
0 0.529297 0.472656 0.121094 0.054688
0 0.154297 0.296875 0.105469 0.031250
0 0.164062 0.349609 0.085938 0.027344
1 0.783203 0.558594 0.363281 0.179688
1 0.484375 0.560547 0.250000 0.105469
1 0.357422 0.478516 0.207031 0.097656
1 0.310547 0.332031 0.128906 0.078125
0 0.228516 0.390625 0.058594 0.046875
1 0.482422 0.326172 0.222656 0.089844
1 0.527344 0.681641 0.140625 0.121094
1 0.720703 0.726562 0.261719 0.156250
1 0.166016 0.455078 0.058594 0.183594
1 0.052734 0.310547 0.089844 0.089844
1 0.953125 0.388672 0.093750 0.160156
1 0.787109 0.320312 0.238281 0.031250
