0 0.259766 0.621094 0.511719 0.710938
0 0.701172 0.294922 0.332031 0.308594
0 0.609375 0.578125 0.187500 0.250000
0 0.906250 0.248047 0.078125 0.214844
0 0.750000 0.500000 0.093750 0.109375
0 0.578125 0.748047 0.125000 0.097656
0 0.673828 0.097656 0.097656 0.085938
0 0.410156 0.275391 0.367188 0.136719
0 0.710938 0.585938 0.132812 0.062500
0 0.687500 0.699219 0.078125 0.101562
0 0.509766 0.861328 0.128906 0.144531
0 0.968750 0.244141 0.062500 0.152344
1 0.916016 0.580078 0.121094 0.214844
1 0.826172 0.685547 0.066406 0.230469
1 0.763672 0.765625 0.066406 0.218750
1 0.687500 0.859375 0.078125 0.203125
1 0.154297 0.230469 0.160156 0.070312
1 0.859375 0.048828 0.218750 0.089844
0 0.748047 0.152344 0.113281 0.109375
1 0.347656 0.166016 0.351562 0.074219
1 0.705078 0.025391 0.144531 0.042969
1 0.707031 0.914062 0.203125 0.156250
0 0.796875 0.433594 0.101562 0.164062
0 0.906250 0.375000 0.085938 0.125000
0 0.884766 0.746094 0.105469 0.156250
