0 0.406250 0.429688 0.203125 0.250000
0 0.261719 0.488281 0.125000 0.179688
0 0.212891 0.478516 0.121094 0.152344
0 0.580078 0.617188 0.183594 0.375000
0 0.681641 0.562500 0.175781 0.250000
0 0.332031 0.371094 0.125000 0.117188
0 0.474609 0.347656 0.128906 0.187500
0 0.607422 0.414062 0.144531 0.125000
0 0.476562 0.650391 0.101562 0.191406
0 0.470703 0.751953 0.175781 0.136719
0 0.794922 0.558594 0.113281 0.125000
1 0.076172 0.439453 0.144531 0.324219
1 0.212891 0.316406 0.113281 0.156250
0 0.451172 0.214844 0.128906 0.187500
0 0.406250 0.328125 0.140625 0.164062
0 0.457031 0.142578 0.085938 0.097656
0 0.105469 0.242188 0.203125 0.187500
1 0.500000 0.914062 0.320312 0.164062
1 0.179688 0.802734 0.343750 0.394531
