0 0.500000 0.578125 0.164062 0.062500
0 0.107422 0.720703 0.207031 0.058594
0 0.105469 0.750000 0.195312 0.062500
0 0.484375 0.568359 0.062500 0.074219
0 0.484375 0.623047 0.078125 0.027344
0 0.185547 0.361328 0.121094 0.058594
1 0.847656 0.486328 0.289062 0.097656
1 0.650391 0.480469 0.128906 0.054688
0 0.310547 0.390625 0.121094 0.062500
0 0.562500 0.330078 0.078125 0.035156
1 0.697266 0.685547 0.230469 0.105469
1 0.904297 0.722656 0.191406 0.093750
1 0.673828 0.869141 0.621094 0.261719
0 0.212891 0.722656 0.105469 0.054688
1 0.316406 0.566406 0.187500 0.203125
1 0.527344 0.458984 0.234375 0.121094
1 0.248047 0.275391 0.261719 0.058594
1 0.125000 0.554688 0.234375 0.218750
