0 0.599609 0.335938 0.105469 0.062500
0 0.664062 0.335938 0.062500 0.062500
0 0.304688 0.423828 0.109375 0.035156
0 0.605469 0.607422 0.140625 0.074219
0 0.515625 0.609375 0.031250 0.046875
0 0.609375 0.654297 0.101562 0.097656
0 0.960938 0.525391 0.078125 0.097656
0 0.925781 0.507812 0.070312 0.062500
0 0.398438 0.406250 0.078125 0.046875
0 0.613281 0.582031 0.085938 0.070312
0 0.033203 0.447266 0.058594 0.035156
0 0.253906 0.550781 0.070312 0.078125
0 0.191406 0.181641 0.101562 0.035156
0 0.039062 0.312500 0.070312 0.039062
1 0.404297 0.277344 0.269531 0.140625
1 0.501953 0.455078 0.113281 0.207031
1 0.626953 0.457031 0.144531 0.164062
1 0.853516 0.345703 0.285156 0.152344
1 0.914062 0.433594 0.125000 0.070312
1 0.394531 0.583984 0.187500 0.261719
1 0.154297 0.425781 0.175781 0.164062
1 0.109375 0.542969 0.210938 0.140625
0 0.179688 0.656250 0.093750 0.078125
1 0.230469 0.300781 0.257812 0.187500
1 0.621094 0.253906 0.210938 0.085938
1 0.302734 0.183594 0.128906 0.117188
1 0.320312 0.673828 0.171875 0.152344
1 0.796875 0.562500 0.179688 0.296875
1 0.908203 0.669922 0.175781 0.191406
1 0.076172 0.173828 0.128906 0.058594
1 0.886719 0.224609 0.226562 0.136719
1 0.068359 0.720703 0.113281 0.214844
1 0.488281 0.744141 0.125000 0.191406
