0 0.435547 0.431641 0.253906 0.464844
0 0.255859 0.408203 0.167969 0.324219
0 0.650391 0.439453 0.183594 0.402344
0 0.818359 0.601562 0.152344 0.484375
0 0.943359 0.625000 0.113281 0.398438
0 0.650391 0.728516 0.191406 0.175781
0 0.263672 0.572266 0.128906 0.167969
0 0.433594 0.685547 0.242188 0.121094
0 0.158203 0.433594 0.128906 0.195312
1 0.275391 0.869141 0.542969 0.214844
1 0.636719 0.914062 0.203125 0.171875
1 0.869141 0.925781 0.230469 0.148438
1 0.824219 0.119141 0.335938 0.222656
1 0.871094 0.296875 0.257812 0.117188
1 0.087891 0.250000 0.167969 0.148438
1 0.042969 0.541016 0.078125 0.433594
1 0.140625 0.667969 0.117188 0.171875
1 0.232422 0.158203 0.144531 0.144531
1 0.492188 0.140625 0.367188 0.093750
1 0.257812 0.072266 0.476562 0.136719
1 0.601562 0.085938 0.234375 0.164062
