0 0.316406 0.501953 0.234375 0.121094
0 0.513672 0.523438 0.144531 0.132812
0 0.648438 0.515625 0.109375 0.062500
0 0.671875 0.457031 0.164062 0.078125
0 0.398438 0.597656 0.187500 0.085938
0 0.652344 0.574219 0.132812 0.062500
0 0.732422 0.535156 0.113281 0.093750
0 0.291016 0.457031 0.113281 0.078125
0 0.208984 0.503906 0.121094 0.117188
1 0.900391 0.544922 0.199219 0.308594
1 0.781250 0.267578 0.312500 0.246094
1 0.708984 0.658203 0.246094 0.082031
1 0.076172 0.478516 0.144531 0.332031
1 0.224609 0.636719 0.152344 0.125000
1 0.533203 0.369141 0.128906 0.160156
1 0.251953 0.345703 0.183594 0.144531
