0 0.435547 0.734375 0.238281 0.125000
0 0.589844 0.728516 0.070312 0.136719
0 0.685547 0.703125 0.121094 0.062500
0 0.703125 0.765625 0.078125 0.062500
0 0.578125 0.609375 0.140625 0.093750
0 0.462891 0.640625 0.097656 0.062500
0 0.761719 0.886719 0.164062 0.101562
0 0.625000 0.921875 0.109375 0.046875
0 0.716797 0.955078 0.222656 0.074219
0 0.291016 0.734375 0.050781 0.093750
0 0.859375 0.792969 0.078125 0.070312
0 0.951172 0.753906 0.074219 0.046875
0 0.580078 0.578125 0.089844 0.093750
0 0.361328 0.783203 0.097656 0.113281
1 0.191406 0.761719 0.132812 0.226562
1 0.878906 0.656250 0.234375 0.140625
1 0.074219 0.794922 0.132812 0.214844
1 0.416016 0.923828 0.277344 0.128906
1 0.796875 0.470703 0.250000 0.191406
