0 0.371094 0.423828 0.125000 0.277344
0 0.517578 0.466797 0.160156 0.394531
0 0.623047 0.468750 0.136719 0.375000
0 0.720703 0.460938 0.128906 0.226562
0 0.259766 0.441406 0.144531 0.210938
0 0.121094 0.496094 0.148438 0.125000
1 0.511719 0.183594 0.312500 0.171875
1 0.830078 0.199219 0.332031 0.195312
1 0.898438 0.541016 0.195312 0.480469
1 0.785156 0.273438 0.164062 0.109375
1 0.814453 0.783203 0.246094 0.410156
1 0.574219 0.830078 0.468750 0.324219
1 0.220703 0.710938 0.433594 0.296875
1 0.277344 0.921875 0.546875 0.156250
1 0.179688 0.138672 0.351562 0.261719
1 0.089844 0.335938 0.171875 0.171875
1 0.230469 0.259766 0.156250 0.128906
1 0.021484 0.515625 0.035156 0.187500
1 0.667969 0.062500 0.656250 0.117188
1 0.923828 0.867188 0.136719 0.265625
