0 0.357422 0.400391 0.097656 0.183594
0 0.451172 0.492188 0.089844 0.304688
0 0.546875 0.533203 0.093750 0.269531
0 0.589844 0.601562 0.117188 0.164062
0 0.398438 0.531250 0.093750 0.093750
0 0.275391 0.328125 0.066406 0.093750
0 0.248047 0.320312 0.113281 0.085938
0 0.513672 0.400391 0.074219 0.082031
0 0.671875 0.646484 0.070312 0.113281
1 0.878906 0.833984 0.195312 0.207031
1 0.052734 0.080078 0.097656 0.144531
0 0.042969 0.710938 0.078125 0.148438
0 0.111328 0.851562 0.105469 0.164062
0 0.296875 0.398438 0.062500 0.101562
1 0.253906 0.189453 0.210938 0.183594
1 0.794922 0.248047 0.128906 0.089844
1 0.208984 0.632812 0.238281 0.250000
0 0.421875 0.591797 0.109375 0.105469
