0 0.341797 0.425781 0.121094 0.492188
0 0.494141 0.478516 0.175781 0.550781
0 0.529297 0.437500 0.074219 0.312500
0 0.585938 0.472656 0.101562 0.218750
0 0.251953 0.316406 0.042969 0.203125
0 0.300781 0.527344 0.101562 0.210938
0 0.246094 0.343750 0.085938 0.101562
0 0.919922 0.431641 0.113281 0.058594
0 0.886719 0.460938 0.140625 0.078125
0 0.720703 0.515625 0.160156 0.125000
0 0.744141 0.625000 0.105469 0.070312
0 0.617188 0.720703 0.078125 0.074219
1 0.826172 0.832031 0.347656 0.320312
1 0.822266 0.199219 0.355469 0.390625
1 0.460938 0.091797 0.460938 0.175781
1 0.117188 0.146484 0.226562 0.285156
1 0.101562 0.591797 0.195312 0.613281
1 0.287109 0.816406 0.230469 0.273438
1 0.570312 0.880859 0.398438 0.238281
1 0.167969 0.914062 0.328125 0.171875
1 0.640625 0.255859 0.093750 0.222656
