0 0.212891 0.527344 0.082031 0.062500
0 0.294922 0.523438 0.074219 0.054688
0 0.376953 0.511719 0.097656 0.046875
0 0.482422 0.503906 0.113281 0.046875
0 0.589844 0.500000 0.093750 0.046875
0 0.687500 0.498047 0.093750 0.050781
0 0.822266 0.482422 0.089844 0.082031
0 0.900391 0.480469 0.050781 0.078125
0 0.964844 0.486328 0.070312 0.058594
0 0.134766 0.509766 0.074219 0.019531
0 0.142578 0.564453 0.121094 0.042969
0 0.259766 0.351562 0.066406 0.023438
0 0.406250 0.470703 0.078125 0.050781
1 0.480469 0.400391 0.226562 0.082031
