0 0.486328 0.580078 0.160156 0.214844
0 0.583984 0.583984 0.105469 0.167969
0 0.683594 0.597656 0.101562 0.093750
0 0.410156 0.580078 0.109375 0.207031
0 0.292969 0.716797 0.125000 0.066406
0 0.396484 0.728516 0.089844 0.050781
0 0.345703 0.197266 0.097656 0.066406
0 0.458984 0.300781 0.082031 0.062500
0 0.511719 0.326172 0.054688 0.066406
0 0.503906 0.730469 0.140625 0.093750
0 0.646484 0.765625 0.144531 0.062500
0 0.787109 0.781250 0.128906 0.062500
0 0.550781 0.341797 0.046875 0.058594
0 0.722656 0.271484 0.070312 0.058594
0 0.373047 0.632812 0.066406 0.117188
1 0.115234 0.730469 0.222656 0.187500
1 0.330078 0.810547 0.199219 0.113281
1 0.869141 0.621094 0.261719 0.250000
1 0.695312 0.687500 0.109375 0.085938
1 0.638672 0.705078 0.121094 0.058594
1 0.699219 0.503906 0.132812 0.101562
0 0.367188 0.703125 0.078125 0.093750
1 0.232422 0.568359 0.191406 0.230469
1 0.107422 0.570312 0.199219 0.234375
1 0.505859 0.423828 0.136719 0.105469
1 0.453125 0.232422 0.109375 0.066406
