0 0.498047 0.609375 0.113281 0.109375
0 0.609375 0.593750 0.093750 0.062500
0 0.689453 0.580078 0.066406 0.042969
0 0.404297 0.628906 0.058594 0.093750
0 0.808594 0.708984 0.117188 0.105469
0 0.906250 0.703125 0.085938 0.078125
0 0.681641 0.699219 0.136719 0.085938
0 0.681641 0.763672 0.128906 0.082031
0 0.171875 0.564453 0.093750 0.027344
0 0.761719 0.580078 0.078125 0.050781
0 0.599609 0.777344 0.050781 0.054688
0 0.457031 0.843750 0.156250 0.062500
0 0.804688 0.931641 0.156250 0.058594
0 0.697266 0.929688 0.089844 0.039062
1 0.296875 0.609375 0.156250 0.164062
1 0.470703 0.744141 0.191406 0.128906
1 0.894531 0.556641 0.148438 0.175781
1 0.750000 0.501953 0.148438 0.089844
1 0.605469 0.517578 0.187500 0.058594
1 0.439453 0.511719 0.183594 0.046875
1 0.867188 0.839844 0.210938 0.132812
0 0.923828 0.939453 0.082031 0.042969
0 0.621094 0.863281 0.156250 0.046875
0 0.074219 0.572266 0.093750 0.035156
