0 0.177734 0.406250 0.347656 0.312500
0 0.503906 0.470703 0.320312 0.246094
0 0.798828 0.494141 0.246094 0.199219
0 0.468750 0.298828 0.234375 0.089844
0 0.656250 0.140625 0.203125 0.046875
0 0.945312 0.113281 0.109375 0.054688
0 0.171875 0.085938 0.250000 0.164062
0 0.273438 0.572266 0.156250 0.136719
0 0.439453 0.585938 0.167969 0.109375
0 0.929688 0.445312 0.085938 0.078125
0 0.589844 0.296875 0.125000 0.054688
0 0.789062 0.304688 0.070312 0.078125
0 0.166016 0.716797 0.324219 0.300781
0 0.087891 0.912109 0.167969 0.175781
0 0.226562 0.857422 0.117188 0.105469
0 0.792969 0.398438 0.242188 0.101562
