0 0.513672 0.417969 0.183594 0.101562
0 0.125000 0.734375 0.203125 0.140625
0 0.328125 0.652344 0.171875 0.078125
0 0.416016 0.585938 0.214844 0.093750
0 0.617188 0.388672 0.140625 0.167969
0 0.279297 0.750000 0.089844 0.109375
0 0.117188 0.853516 0.226562 0.089844
0 0.064453 0.910156 0.121094 0.140625
0 0.197266 0.656250 0.097656 0.062500
0 0.375000 0.421875 0.187500 0.062500
0 0.500000 0.500000 0.171875 0.093750
0 0.718750 0.324219 0.078125 0.109375
0 0.341797 0.703125 0.089844 0.046875
0 0.234375 0.824219 0.109375 0.062500
0 0.576172 0.466797 0.128906 0.097656
0 0.421875 0.636719 0.109375 0.085938
0 0.701172 0.390625 0.082031 0.093750
1 0.822266 0.734375 0.355469 0.515625
0 0.531250 0.544922 0.078125 0.066406
0 0.361328 0.513672 0.160156 0.136719
0 0.281250 0.564453 0.093750 0.152344
0 0.228516 0.609375 0.105469 0.078125
0 0.156250 0.660156 0.078125 0.093750
1 0.609375 0.794922 0.171875 0.410156
1 0.494141 0.843750 0.207031 0.296875
1 0.375000 0.902344 0.171875 0.187500
0 0.154297 0.875000 0.082031 0.125000
1 0.402344 0.794922 0.140625 0.136719
1 0.199219 0.404297 0.156250 0.183594
1 0.343750 0.328125 0.140625 0.109375
1 0.468750 0.296875 0.156250 0.125000
0 0.779297 0.308594 0.066406 0.070312
1 0.646484 0.593750 0.113281 0.140625
