0 0.111328 0.908203 0.214844 0.160156
0 0.330078 0.720703 0.136719 0.152344
0 0.468750 0.683594 0.132812 0.179688
0 0.587891 0.597656 0.113281 0.132812
0 0.210938 0.800781 0.156250 0.148438
0 0.498047 0.564453 0.222656 0.230469
0 0.681641 0.423828 0.121094 0.214844
0 0.785156 0.371094 0.085938 0.171875
0 0.322266 0.634766 0.152344 0.230469
0 0.679688 0.294922 0.117188 0.136719
0 0.671875 0.578125 0.109375 0.132812
0 0.857422 0.357422 0.089844 0.113281
1 0.878906 0.734375 0.242188 0.523438
0 0.226562 0.703125 0.164062 0.132812
1 0.687500 0.841797 0.281250 0.308594
1 0.951172 0.443359 0.097656 0.152344
1 0.498047 0.888672 0.191406 0.222656
1 0.359375 0.902344 0.132812 0.195312
