0 0.531250 0.501953 0.140625 0.441406
0 0.687500 0.437500 0.187500 0.250000
0 0.398438 0.455078 0.117188 0.339844
0 0.314453 0.603516 0.066406 0.167969
1 0.671875 0.810547 0.156250 0.183594
0 0.406250 0.681641 0.109375 0.097656
0 0.806641 0.390625 0.082031 0.171875
0 0.603516 0.625000 0.175781 0.164062
0 0.804688 0.183594 0.148438 0.117188
0 0.265625 0.775391 0.171875 0.152344
0 0.634766 0.308594 0.152344 0.132812
0 0.589844 0.111328 0.109375 0.105469
0 0.687500 0.142578 0.093750 0.082031
1 0.171875 0.546875 0.210938 0.289062
0 0.410156 0.851562 0.101562 0.203125
0 0.511719 0.912109 0.156250 0.144531
1 0.556641 0.791016 0.175781 0.113281
1 0.757812 0.632812 0.125000 0.132812
0 0.474609 0.263672 0.152344 0.121094
0 0.343750 0.455078 0.171875 0.121094
