0 0.531250 0.529297 0.218750 0.191406
0 0.460938 0.671875 0.062500 0.093750
0 0.697266 0.671875 0.402344 0.093750
0 0.697266 0.578125 0.097656 0.109375
0 0.765625 0.587891 0.062500 0.097656
0 0.812500 0.593750 0.031250 0.062500
0 0.841797 0.593750 0.027344 0.046875
0 0.871094 0.595703 0.023438 0.035156
0 0.375000 0.500000 0.093750 0.140625
0 0.390625 0.595703 0.062500 0.035156
0 0.404297 0.656250 0.042969 0.062500
0 0.728516 0.919922 0.082031 0.121094
0 0.781250 0.968750 0.031250 0.062500
0 0.734375 0.984375 0.062500 0.015625
0 0.656250 0.453125 0.031250 0.031250
1 0.216797 0.837891 0.371094 0.324219
1 0.527344 0.867188 0.250000 0.265625
1 0.826172 0.783203 0.316406 0.105469
1 0.906250 0.919922 0.187500 0.144531
1 0.281250 0.574219 0.093750 0.234375
1 0.777344 0.460938 0.179688 0.101562
1 0.937500 0.576172 0.125000 0.136719
1 0.955078 0.691406 0.082031 0.101562
1 0.044922 0.447266 0.082031 0.238281
1 0.046875 0.617188 0.062500 0.101562
1 0.435547 0.263672 0.472656 0.113281
