0 0.390625 0.578125 0.203125 0.265625
0 0.558594 0.660156 0.132812 0.304688
0 0.447266 0.726562 0.144531 0.179688
0 0.730469 0.806641 0.210938 0.160156
0 0.761719 0.482422 0.195312 0.121094
0 0.923828 0.203125 0.058594 0.140625
0 0.912109 0.224609 0.105469 0.082031
0 0.783203 0.177734 0.074219 0.082031
0 0.593750 0.191406 0.117188 0.062500
0 0.708984 0.619141 0.191406 0.214844
0 0.847656 0.544922 0.078125 0.128906
0 0.798828 0.388672 0.167969 0.121094
0 0.511719 0.474609 0.156250 0.089844
0 0.921875 0.837891 0.132812 0.113281
0 0.601562 0.041016 0.210938 0.074219
0 0.958984 0.148438 0.074219 0.085938
0 0.980469 0.246094 0.031250 0.046875
0 0.931641 0.896484 0.128906 0.097656
0 0.294922 0.478516 0.136719 0.089844
0 0.298828 0.619141 0.160156 0.167969
0 0.177734 0.529297 0.089844 0.074219
0 0.916016 0.507812 0.113281 0.109375
1 0.945312 0.675781 0.109375 0.218750
0 0.728516 0.316406 0.097656 0.132812
0 0.757812 0.037109 0.093750 0.066406
1 0.869141 0.064453 0.121094 0.121094
1 0.408203 0.248047 0.191406 0.355469
1 0.591797 0.312500 0.167969 0.164062
0 0.644531 0.474609 0.109375 0.160156
1 0.697266 0.158203 0.082031 0.152344
1 0.945312 0.375000 0.109375 0.148438
0 0.080078 0.574219 0.136719 0.101562
0 0.208984 0.609375 0.105469 0.125000
1 0.083984 0.808594 0.144531 0.343750
1 0.257812 0.855469 0.187500 0.289062
1 0.490234 0.910156 0.269531 0.171875
1 0.738281 0.945312 0.234375 0.109375
1 0.257812 0.333984 0.171875 0.191406
1 0.068359 0.412109 0.121094 0.214844
1 0.160156 0.373047 0.125000 0.222656
1 0.417969 0.060547 0.140625 0.105469
1 0.791016 0.095703 0.089844 0.050781
