0 0.388672 0.513672 0.105469 0.058594
0 0.503906 0.535156 0.132812 0.054688
0 0.593750 0.541016 0.109375 0.074219
0 0.332031 0.521484 0.093750 0.042969
1 0.828125 0.628906 0.210938 0.375000
1 0.630859 0.734375 0.191406 0.296875
1 0.533203 0.416016 0.378906 0.136719
1 0.730469 0.568359 0.148438 0.199219
1 0.171875 0.416016 0.335938 0.152344
1 0.443359 0.646484 0.246094 0.167969
0 0.951172 0.876953 0.097656 0.121094
1 0.736328 0.167969 0.527344 0.328125
1 0.857422 0.361328 0.277344 0.144531
1 0.335938 0.175781 0.367188 0.343750
1 0.089844 0.201172 0.171875 0.300781
1 0.949219 0.626953 0.085938 0.378906
1 0.818359 0.867188 0.160156 0.093750
