0 0.197266 0.093750 0.144531 0.171875
0 0.339844 0.218750 0.125000 0.328125
0 0.228516 0.218750 0.097656 0.078125
0 0.468750 0.341797 0.109375 0.332031
0 0.578125 0.466797 0.125000 0.410156
0 0.701172 0.541016 0.097656 0.441406
0 0.593750 0.718750 0.109375 0.093750
0 0.492188 0.535156 0.132812 0.140625
0 0.378906 0.384766 0.109375 0.136719
0 0.273438 0.265625 0.101562 0.093750
0 0.765625 0.544922 0.109375 0.316406
0 0.845703 0.595703 0.035156 0.269531
0 0.917969 0.736328 0.148438 0.371094
0 0.824219 0.855469 0.125000 0.281250
0 0.703125 0.828125 0.093750 0.140625
0 0.847656 0.531250 0.156250 0.109375
0 0.449219 0.160156 0.085938 0.093750
0 0.527344 0.638672 0.117188 0.097656
0 0.546875 0.263672 0.078125 0.128906
0 0.654297 0.783203 0.136719 0.160156
0 0.095703 0.056641 0.058594 0.050781
0 0.111328 0.115234 0.050781 0.058594
0 0.654297 0.300781 0.050781 0.046875
0 0.406250 0.486328 0.085938 0.074219
0 0.599609 0.242188 0.050781 0.046875
0 0.728516 0.937500 0.074219 0.101562
