0 0.732422 0.484375 0.128906 0.203125
0 0.820312 0.496094 0.125000 0.187500
0 0.890625 0.521484 0.125000 0.144531
0 0.972656 0.519531 0.054688 0.125000
0 0.310547 0.496094 0.058594 0.078125
0 0.375000 0.500000 0.062500 0.070312
0 0.431641 0.496094 0.050781 0.054688
0 0.484375 0.468750 0.046875 0.062500
0 0.392578 0.449219 0.097656 0.054688
0 0.187500 0.503906 0.078125 0.031250
0 0.103516 0.523438 0.097656 0.031250
0 0.025391 0.515625 0.042969 0.031250
0 0.033203 0.476562 0.058594 0.031250
0 0.638672 0.500000 0.035156 0.093750
0 0.617188 0.500000 0.093750 0.054688
1 0.044922 0.423828 0.082031 0.050781
1 0.900391 0.314453 0.199219 0.175781
1 0.728516 0.328125 0.183594 0.101562
1 0.835938 0.656250 0.328125 0.125000
1 0.587891 0.345703 0.160156 0.199219
1 0.541016 0.537109 0.058594 0.183594
1 0.478516 0.580078 0.136719 0.105469
1 0.250000 0.517578 0.054688 0.128906
1 0.341797 0.593750 0.152344 0.117188
1 0.617188 0.615234 0.101562 0.121094
1 0.140625 0.621094 0.265625 0.156250
1 0.437500 0.367188 0.179688 0.109375
1 0.257812 0.390625 0.164062 0.117188
1 0.144531 0.414062 0.148438 0.125000
