0 0.830078 0.701172 0.183594 0.050781
0 0.417969 0.359375 0.070312 0.093750
0 0.472656 0.236328 0.085938 0.035156
0 0.390625 0.251953 0.078125 0.035156
0 0.117188 0.376953 0.117188 0.042969
0 0.283203 0.357422 0.183594 0.042969
0 0.500000 0.310547 0.078125 0.042969
0 0.363281 0.332031 0.085938 0.031250
0 0.365234 0.416016 0.105469 0.042969
0 0.496094 0.384766 0.062500 0.035156
0 0.572266 0.332031 0.082031 0.070312
0 0.605469 0.271484 0.085938 0.035156
0 0.738281 0.642578 0.070312 0.082031
1 0.826172 0.312500 0.347656 0.585938
1 0.451172 0.111328 0.464844 0.207031
1 0.560547 0.533203 0.277344 0.246094
1 0.625000 0.447266 0.203125 0.152344
1 0.679688 0.365234 0.132812 0.144531
1 0.263672 0.580078 0.511719 0.269531
0 0.205078 0.408203 0.074219 0.066406
1 0.097656 0.458984 0.140625 0.113281
1 0.828125 0.380859 0.343750 0.316406
0 0.908203 0.707031 0.105469 0.109375
1 0.173828 0.261719 0.285156 0.140625
