0 0.500000 0.714844 0.296875 0.085938
0 0.712891 0.714844 0.214844 0.117188
0 0.162109 0.375000 0.246094 0.078125
0 0.732422 0.359375 0.183594 0.125000
0 0.593750 0.335938 0.140625 0.109375
0 0.906250 0.375000 0.171875 0.062500
0 0.314453 0.285156 0.105469 0.039062
0 0.453125 0.666016 0.125000 0.082031
0 0.937500 0.259766 0.109375 0.042969
0 0.484375 0.322266 0.125000 0.050781
0 0.417969 0.277344 0.101562 0.046875
0 0.312500 0.250000 0.078125 0.046875
0 0.390625 0.337891 0.078125 0.042969
0 0.222656 0.253906 0.125000 0.039062
0 0.625000 0.404297 0.062500 0.050781
0 0.416016 0.500000 0.082031 0.031250
0 0.855469 0.710938 0.093750 0.078125
0 0.859375 0.263672 0.062500 0.035156
0 0.906250 0.337891 0.171875 0.082031
0 0.515625 0.761719 0.078125 0.054688
