0 0.484375 0.464844 0.140625 0.109375
0 0.359375 0.531250 0.093750 0.125000
0 0.453125 0.544922 0.093750 0.035156
0 0.591797 0.439453 0.058594 0.035156
0 0.423828 0.593750 0.097656 0.109375
0 0.546875 0.480469 0.093750 0.070312
0 0.501953 0.511719 0.074219 0.078125
0 0.375000 0.763672 0.078125 0.136719
0 0.306641 0.843750 0.113281 0.171875
0 0.261719 0.906250 0.140625 0.171875
0 0.402344 0.466797 0.109375 0.074219
0 0.421875 0.685547 0.062500 0.097656
1 0.689453 0.416016 0.152344 0.089844
1 0.589844 0.785156 0.195312 0.429688
1 0.771484 0.730469 0.277344 0.539062
1 0.636719 0.572266 0.164062 0.105469
1 0.492188 0.841797 0.125000 0.199219
1 0.490234 0.917969 0.238281 0.164062
