0 0.507812 0.378906 0.156250 0.062500
0 0.433594 0.468750 0.156250 0.109375
0 0.558594 0.468750 0.085938 0.093750
0 0.691406 0.357422 0.234375 0.050781
0 0.667969 0.449219 0.109375 0.062500
0 0.365234 0.394531 0.144531 0.101562
0 0.367188 0.486328 0.093750 0.074219
0 0.541016 0.509766 0.183594 0.074219
0 0.650391 0.398438 0.136719 0.078125
0 0.705078 0.449219 0.144531 0.093750
0 0.800781 0.496094 0.101562 0.046875
0 0.791016 0.451172 0.050781 0.050781
0 0.269531 0.673828 0.171875 0.058594
0 0.423828 0.656250 0.160156 0.054688
1 0.126953 0.693359 0.105469 0.050781
1 0.412109 0.591797 0.160156 0.066406
1 0.558594 0.648438 0.093750 0.117188
0 0.412109 0.689453 0.097656 0.058594
0 0.300781 0.421875 0.093750 0.171875
1 0.167969 0.474609 0.148438 0.089844
1 0.052734 0.464844 0.097656 0.101562
1 0.693359 0.556641 0.113281 0.105469
0 0.810547 0.359375 0.089844 0.039062
0 0.968750 0.527344 0.062500 0.085938
1 0.830078 0.591797 0.136719 0.074219
