0 0.638672 0.511719 0.128906 0.171875
0 0.792969 0.498047 0.164062 0.097656
0 0.292969 0.537109 0.125000 0.136719
0 0.277344 0.593750 0.109375 0.101562
0 0.400391 0.416016 0.097656 0.058594
0 0.666016 0.273438 0.121094 0.039062
0 0.392578 0.345703 0.082031 0.058594
0 0.462891 0.556641 0.214844 0.113281
1 0.142578 0.597656 0.160156 0.304688
1 0.453125 0.691406 0.226562 0.132812
1 0.541016 0.343750 0.128906 0.140625
1 0.691406 0.359375 0.164062 0.125000
1 0.855469 0.400391 0.148438 0.097656
1 0.939453 0.523438 0.113281 0.148438
1 0.851562 0.253906 0.195312 0.070312
0 0.541016 0.275391 0.128906 0.066406
1 0.291016 0.402344 0.113281 0.117188
1 0.205078 0.439453 0.136719 0.074219
1 0.082031 0.689453 0.156250 0.222656
1 0.794922 0.638672 0.144531 0.191406
1 0.644531 0.650391 0.148438 0.136719
