0 0.123047 0.654297 0.16006 0.074219
0 0.246094 0.708984 0.085938 0.167969
0 0.332031 0.826172 0.078125 0.261719
0 0.425781 0.765625 0.109375 0.093750
0 0.519531 0.78506 0.070312 0.070312
0 0.447266 0.906250 0.02344 0.179688
0 0.595703 0.876953 0.128906 0.113281
0 0.968750 0.791016 0.062500 0.277344
0 0.906250 0.808594 0.062500 0.218750
0 0.849609 0.912109 0.066406 0.175781
0 0.945312 0.962891 0.109375 0.066406
0 0.257812 0.865234 0.070312 0.136719
0 0.66006 0.792969 0.054688 0.046875
