0 0.513672 0.671875 0.324219 0.125000
0 0.611328 0.802734 0.199219 0.160156
0 0.683594 0.703125 0.070312 0.093750
0 0.414062 0.771484 0.257812 0.097656
0 0.369141 0.337891 0.121094 0.097656
0 0.236328 0.341797 0.136719 0.113281
0 0.773438 0.083984 0.148438 0.050781
0 0.724609 0.869141 0.160156 0.082031
0 0.240234 0.650391 0.222656 0.144531
1 0.501953 0.511719 0.292969 0.226562
1 0.822266 0.519531 0.355469 0.265625
1 0.521484 0.251953 0.175781 0.082031
0 0.486328 0.345703 0.136719 0.097656
0 0.234375 0.384766 0.148438 0.074219
1 0.246094 0.503906 0.234375 0.156250
1 0.076172 0.578125 0.113281 0.171875
1 0.619141 0.115234 0.183594 0.199219
1 0.855469 0.255859 0.289062 0.292969
1 0.328125 0.160156 0.250000 0.250000
1 0.927734 0.089844 0.144531 0.171875
1 0.087891 0.296875 0.160156 0.250000
1 0.498047 0.107422 0.183594 0.207031
1 0.720703 0.326172 0.207031 0.238281
1 0.634766 0.384766 0.136719 0.183594
1 0.794922 0.029297 0.167969 0.050781
1 0.861328 0.742188 0.277344 0.171875
1 0.904297 0.875000 0.191406 0.093750
1 0.224609 0.755859 0.121094 0.089844
1 0.439453 0.880859 0.152344 0.113281
