0 0.451172 0.501953 0.121094 0.253906
0 0.562500 0.544922 0.093750 0.230469
0 0.128906 0.779297 0.117188 0.199219
0 0.589844 0.431641 0.132812 0.128906
1 0.769531 0.107422 0.195312 0.207031
1 0.644531 0.050781 0.101562 0.093750
1 0.578125 0.308594 0.218750 0.109375
1 0.347656 0.302734 0.281250 0.128906
0 0.386719 0.490234 0.101562 0.199219
1 0.171875 0.535156 0.328125 0.289062
1 0.378906 0.800781 0.351562 0.242188
1 0.937500 0.578125 0.125000 0.242188
1 0.416016 0.169922 0.128906 0.144531
1 0.132812 0.201172 0.242188 0.191406
