0 0.265625 0.417969 0.140625 0.085938
0 0.369141 0.419922 0.058594 0.105469
0 0.390625 0.398438 0.085938 0.078125
0 0.482422 0.400391 0.082031 0.066406
0 0.537109 0.386719 0.097656 0.062500
0 0.628906 0.408203 0.085938 0.027344
0 0.210938 0.435547 0.093750 0.035156
1 0.726562 0.359375 0.140625 0.062500
1 0.576172 0.328125 0.160156 0.054688
1 0.396484 0.326172 0.199219 0.066406
1 0.218750 0.328125 0.171875 0.085938
1 0.080078 0.404297 0.152344 0.207031
1 0.732422 0.457031 0.105469 0.132812
1 0.605469 0.464844 0.164062 0.085938
1 0.470703 0.464844 0.128906 0.046875
