0 0.400391 0.326172 0.183594 0.253906
0 0.203125 0.500000 0.203125 0.312500
0 0.619141 0.275391 0.238281 0.136719
0 0.775391 0.314453 0.097656 0.128906
0 0.312500 0.500000 0.125000 0.125000
0 0.617188 0.216797 0.242188 0.066406
0 0.761719 0.210938 0.101562 0.093750
0 0.857422 0.328125 0.066406 0.093750
0 0.265625 0.304688 0.187500 0.093750
0 0.093750 0.572266 0.109375 0.441406
0 0.171875 0.687500 0.140625 0.062500
0 0.058594 0.640625 0.109375 0.312500
0 0.654297 0.185547 0.152344 0.042969
0 0.181641 0.355469 0.089844 0.125000
0 0.250000 0.666016 0.093750 0.074219
0 0.384766 0.460938 0.097656 0.101562
0 0.652344 0.339844 0.132812 0.046875
1 0.638672 0.546875 0.246094 0.296875
1 0.484375 0.687500 0.187500 0.281250
1 0.859375 0.166016 0.093750 0.160156
1 0.937500 0.220703 0.078125 0.183594
0 0.929688 0.343750 0.070312 0.046875
1 0.869141 0.701172 0.261719 0.589844
0 0.287109 0.574219 0.136719 0.093750
1 0.650391 0.833984 0.363281 0.332031
0 0.179688 0.720703 0.109375 0.074219
1 0.408203 0.820312 0.207031 0.359375
1 0.710938 0.121094 0.218750 0.062500
1 0.199219 0.916016 0.375000 0.167969
