0 0.593750 0.449219 0.250000 0.203125
0 0.441406 0.531250 0.132812 0.343750
0 0.548828 0.599609 0.191406 0.121094
0 0.361328 0.566406 0.160156 0.273438
0 0.277344 0.568359 0.125000 0.199219
0 0.222656 0.544922 0.101562 0.066406
0 0.732422 0.437500 0.144531 0.171875
0 0.705078 0.697266 0.121094 0.050781
0 0.859375 0.691406 0.187500 0.093750
1 0.605469 0.173828 0.765625 0.339844
1 0.142578 0.234375 0.261719 0.460938
1 0.896484 0.435547 0.175781 0.410156
1 0.339844 0.847656 0.601562 0.273438
1 0.085938 0.611328 0.164062 0.347656
1 0.824219 0.847656 0.351562 0.218750
1 0.734375 0.599609 0.164062 0.089844
