0 0.462891 0.482422 0.246094 0.183594
0 0.660156 0.531250 0.156250 0.078125
0 0.609375 0.429688 0.046875 0.039062
0 0.291016 0.517578 0.089844 0.089844
1 0.230469 0.378906 0.203125 0.187500
1 0.138672 0.501953 0.207031 0.152344
0 0.486328 0.390625 0.199219 0.046875
1 0.341797 0.310547 0.089844 0.152344
1 0.447266 0.339844 0.152344 0.046875
1 0.808594 0.750000 0.382812 0.359375
1 0.435547 0.736328 0.378906 0.316406
1 0.152344 0.730469 0.281250 0.289062
1 0.173828 0.113281 0.339844 0.218750
1 0.873047 0.498047 0.246094 0.222656
1 0.701172 0.419922 0.128906 0.128906
