0 0.433594 0.343750 0.109375 0.218750
0 0.513672 0.605469 0.097656 0.296875
0 0.392578 0.625000 0.152344 0.234375
0 0.384766 0.375000 0.097656 0.171875
0 0.457031 0.259766 0.109375 0.113281
0 0.074219 0.218750 0.140625 0.062500
0 0.054688 0.320312 0.101562 0.140625
0 0.123047 0.177734 0.097656 0.089844
0 0.556641 0.650391 0.089844 0.175781
0 0.509766 0.773438 0.105469 0.156250
1 0.832031 0.207031 0.312500 0.203125
1 0.888672 0.414062 0.222656 0.210938
0 0.142578 0.052734 0.128906 0.097656
0 0.814453 0.031250 0.175781 0.054688
