0 0.216797 0.134766 0.058594 0.050781
0 0.265625 0.173828 0.078125 0.082031
0 0.330078 0.222656 0.082031 0.101562
0 0.384766 0.271484 0.074219 0.113281
1 0.455078 0.355469 0.097656 0.085938
1 0.697266 0.699219 0.425781 0.585938
1 0.443359 0.705078 0.386719 0.589844
1 0.091797 0.226562 0.175781 0.437500
1 0.589844 0.410156 0.164062 0.273438
1 0.234375 0.363281 0.125000 0.257812
1 0.349609 0.441406 0.105469 0.203125
1 0.947266 0.695312 0.105469 0.359375
1 0.500000 0.273438 0.125000 0.179688
1 0.250000 0.062500 0.148438 0.085938
