0 0.515625 0.431641 0.125000 0.113281
0 0.388672 0.453125 0.152344 0.078125
0 0.593750 0.429688 0.062500 0.101562
0 0.650391 0.449219 0.066406 0.054688
0 0.875000 0.515625 0.187500 0.062500
0 0.908203 0.582031 0.175781 0.070312
0 0.929688 0.615234 0.140625 0.082031
0 0.187500 0.703125 0.203125 0.125000
0 0.357422 0.759766 0.121094 0.175781
0 0.462891 0.734375 0.089844 0.078125
0 0.525391 0.720703 0.113281 0.082031
0 0.062500 0.714844 0.078125 0.101562
0 0.218750 0.761719 0.187500 0.125000
0 0.406250 0.859375 0.109375 0.109375
0 0.439453 0.781250 0.089844 0.093750
1 0.683594 0.751953 0.187500 0.472656
1 0.886719 0.826172 0.226562 0.332031
1 0.105469 0.529297 0.203125 0.152344
1 0.142578 0.906250 0.277344 0.171875
1 0.783203 0.347656 0.160156 0.132812
1 0.730469 0.468750 0.078125 0.093750
0 0.337891 0.312500 0.128906 0.078125
1 0.322266 0.546875 0.160156 0.078125
