0 0.541016 0.419922 0.160156 0.050781
0 0.417969 0.437500 0.078125 0.062500
0 0.652344 0.679688 0.218750 0.117188
0 0.550781 0.441406 0.070312 0.078125
0 0.371094 0.449219 0.101562 0.039062
1 0.865234 0.283203 0.269531 0.449219
0 0.724609 0.626953 0.097656 0.097656
1 0.896484 0.505859 0.207031 0.214844
0 0.779297 0.638672 0.121094 0.066406
1 0.921875 0.792969 0.148438 0.414062
1 0.585938 0.195312 0.367188 0.382812
1 0.277344 0.140625 0.359375 0.265625
1 0.287109 0.669922 0.496094 0.324219
1 0.613281 0.554688 0.117188 0.117188
1 0.720703 0.486328 0.175781 0.175781
1 0.187500 0.384766 0.257812 0.238281
