0 0.369141 0.236328 0.097656 0.089844
0 0.296875 0.298828 0.062500 0.175781
0 0.218750 0.345703 0.093750 0.074219
0 0.390625 0.619141 0.109375 0.183594
0 0.558594 0.611328 0.226562 0.207031
0 0.279297 0.562500 0.097656 0.093750
0 0.197266 0.585938 0.066406 0.070312
0 0.310547 0.664062 0.152344 0.140625
0 0.361328 0.742188 0.191406 0.062500
0 0.349609 0.312500 0.136719 0.132812
0 0.453125 0.324219 0.070312 0.109375
0 0.470703 0.691406 0.105469 0.109375
1 0.398438 0.449219 0.312500 0.117188
1 0.699219 0.861328 0.328125 0.261719
1 0.458984 0.890625 0.449219 0.218750
1 0.146484 0.445312 0.207031 0.117188
1 0.777344 0.648438 0.203125 0.226562
