0 0.464844 0.619141 0.281250 0.433594
0 0.562500 0.294922 0.140625 0.050781
0 0.585938 0.339844 0.093750 0.031250
0 0.578125 0.378906 0.031250 0.039062
0 0.257812 0.566406 0.140625 0.140625
0 0.312500 0.734375 0.093750 0.226562
0 0.660156 0.640625 0.109375 0.390625
0 0.625000 0.404297 0.062500 0.082031
0 0.107422 0.597656 0.207031 0.164062
0 0.042969 0.492188 0.078125 0.062500
0 0.265625 0.771484 0.085938 0.136719
0 0.826172 0.687500 0.214844 0.296875
0 0.925781 0.689453 0.148438 0.277344
0 0.603516 0.273438 0.105469 0.062500
0 0.498047 0.289062 0.082031 0.039062
0 0.513672 0.386719 0.050781 0.023438
0 0.710938 0.455078 0.117188 0.183594
1 0.291016 0.242188 0.230469 0.335938
0 0.466797 0.382812 0.097656 0.046875
0 0.109375 0.380859 0.125000 0.074219
0 0.042969 0.398438 0.078125 0.070312
