0 0.656250 0.246094 0.062500 0.070312
0 0.734375 0.275391 0.093750 0.074219
0 0.453125 0.310547 0.140625 0.082031
0 0.324219 0.470703 0.312500 0.121094
0 0.589844 0.527344 0.218750 0.320312
0 0.638672 0.328125 0.097656 0.078125
0 0.728516 0.375000 0.058594 0.093750
0 0.781250 0.562500 0.156250 0.281250
0 0.929688 0.585938 0.140625 0.203125
0 0.232422 0.703125 0.105469 0.328125
0 0.375000 0.718750 0.187500 0.359375
0 0.591797 0.779297 0.222656 0.183594
0 0.750000 0.763672 0.093750 0.113281
0 0.810547 0.750000 0.097656 0.078125
0 0.837891 0.673828 0.105469 0.082031
0 0.136719 0.761719 0.085938 0.171875
0 0.107422 0.736328 0.128906 0.136719
0 0.542969 0.855469 0.125000 0.085938
0 0.673828 0.804688 0.121094 0.078125
0 0.400391 0.390625 0.167969 0.062500
1 0.929688 0.406250 0.140625 0.140625
1 0.839844 0.367188 0.140625 0.109375
1 0.904297 0.279297 0.191406 0.113281
1 0.949219 0.205078 0.101562 0.128906
1 0.816406 0.197266 0.164062 0.082031
0 0.574219 0.234375 0.101562 0.093750
0 0.560547 0.322266 0.050781 0.074219
0 0.501953 0.265625 0.074219 0.078125
