0 0.281250 0.824219 0.218750 0.117188
0 0.367188 0.529297 0.179688 0.066406
0 0.521484 0.498047 0.105469 0.058594
0 0.384766 0.494141 0.144531 0.035156
0 0.294922 0.908203 0.152344 0.058594
0 0.406250 0.810547 0.078125 0.113281
1 0.544922 0.591797 0.128906 0.074219
0 0.357422 0.726562 0.199219 0.062500
0 0.103516 0.839844 0.121094 0.085938
1 0.625000 0.765625 0.187500 0.234375
0 0.083984 0.937500 0.074219 0.117188
0 0.402344 0.566406 0.101562 0.054688
1 0.708984 0.578125 0.167969 0.148438
1 0.511719 0.906250 0.117188 0.156250
1 0.433594 0.429688 0.195312 0.070312
1 0.265625 0.410156 0.109375 0.054688
