0 0.531250 0.410156 0.109375 0.218750
0 0.429688 0.466797 0.085938 0.191406
0 0.347656 0.535156 0.062500 0.156250
0 0.568359 0.392578 0.152344 0.152344
0 0.564453 0.332031 0.097656 0.164062
0 0.287109 0.568359 0.089844 0.089844
0 0.490234 0.384766 0.121094 0.128906
0 0.654297 0.417969 0.066406 0.109375
0 0.486328 0.519531 0.089844 0.078125
0 0.398438 0.580078 0.070312 0.097656
0 0.388672 0.457031 0.113281 0.109375
0 0.603516 0.220703 0.074219 0.050781
0 0.650391 0.191406 0.066406 0.062500
0 0.679688 0.142578 0.054688 0.066406
0 0.246094 0.617188 0.062500 0.062500
1 0.855469 0.400391 0.289062 0.324219
1 0.699219 0.289062 0.101562 0.125000
1 0.718750 0.628906 0.234375 0.281250
1 0.898438 0.656250 0.203125 0.289062
1 0.609375 0.703125 0.148438 0.335938
1 0.531250 0.736328 0.179688 0.332031
1 0.392578 0.779297 0.222656 0.300781
1 0.148438 0.746094 0.164062 0.257812
1 0.591797 0.886719 0.761719 0.226562
1 0.800781 0.160156 0.156250 0.179688
1 0.480469 0.181641 0.148438 0.113281
1 0.107422 0.556641 0.183594 0.332031
1 0.365234 0.291016 0.128906 0.128906
1 0.445312 0.236328 0.132812 0.105469
