0 0.205078 0.433594 0.402344 0.109375
0 0.468750 0.419922 0.109375 0.238281
0 0.595703 0.433594 0.152344 0.179688
0 0.656250 0.406250 0.109375 0.140625
0 0.722656 0.390625 0.132812 0.109375
0 0.792969 0.388672 0.085938 0.105469
0 0.859375 0.371094 0.046875 0.093750
0 0.867188 0.357422 0.070312 0.097656
0 0.937500 0.343750 0.046875 0.062500
0 0.939453 0.316406 0.066406 0.093750
0 0.951172 0.304688 0.082031 0.062500
0 0.296875 0.451172 0.218750 0.199219
0 0.119141 0.517578 0.222656 0.121094
0 0.337891 0.373047 0.136719 0.121094
