0 0.279297 0.294922 0.183594 0.347656
0 0.417969 0.431641 0.085938 0.527344
0 0.560547 0.462891 0.191406 0.457031
0 0.701172 0.482422 0.089844 0.441406
0 0.326172 0.576172 0.089844 0.222656
0 0.273438 0.451172 0.109375 0.113281
0 0.167969 0.281250 0.031250 0.281250
0 0.179688 0.261719 0.109375 0.179688
0 0.449219 0.207031 0.109375 0.101562
0 0.324219 0.087891 0.093750 0.066406
0 0.250000 0.095703 0.046875 0.042969
0 0.664062 0.685547 0.164062 0.175781
0 0.560547 0.679688 0.175781 0.234375
0 0.441406 0.662109 0.132812 0.113281
0 0.341797 0.660156 0.175781 0.117188
1 0.060547 0.351562 0.113281 0.625000
1 0.173828 0.062500 0.105469 0.093750
1 0.548828 0.080078 0.347656 0.144531
1 0.636719 0.166016 0.250000 0.113281
1 0.152344 0.568359 0.117188 0.183594
1 0.128906 0.800781 0.250000 0.265625
1 0.351562 0.861328 0.234375 0.277344
1 0.591797 0.902344 0.246094 0.195312
