0 0.328125 0.259766 0.078125 0.144531
0 0.460938 0.326172 0.179688 0.246094
0 0.238281 0.275391 0.164062 0.160156
0 0.656250 0.500000 0.203125 0.171875
0 0.781250 0.406250 0.140625 0.156250
0 0.859375 0.453125 0.109375 0.156250
0 0.468750 0.546875 0.156250 0.218750
0 0.625000 0.687500 0.062500 0.187500
0 0.478516 0.742188 0.144531 0.148438
0 0.242188 0.500000 0.210938 0.125000
0 0.375000 0.810547 0.140625 0.191406
0 0.703125 0.679688 0.109375 0.195312
0 0.531250 0.244141 0.140625 0.152344
0 0.593750 0.773438 0.156250 0.156250
1 0.066406 0.343750 0.125000 0.390625
1 0.166016 0.685547 0.285156 0.222656
1 0.312500 0.619141 0.171875 0.105469
1 0.884766 0.687500 0.230469 0.296875
1 0.654297 0.300781 0.097656 0.203125
1 0.359375 0.048828 0.125000 0.089844
