0 0.429688 0.437500 0.242188 0.390625
0 0.560547 0.472656 0.105469 0.328125
0 0.421875 0.640625 0.203125 0.148438
0 0.355469 0.857422 0.085938 0.285156
0 0.398438 0.931641 0.085938 0.136719
0 0.445312 0.699219 0.125000 0.109375
0 0.281250 0.255859 0.046875 0.097656
0 0.328125 0.392578 0.132812 0.199219
0 0.277344 0.933594 0.195312 0.109375
0 0.142578 0.845703 0.105469 0.144531
1 0.388672 0.107422 0.316406 0.191406
0 0.654297 0.062500 0.074219 0.109375
0 0.128906 0.300781 0.242188 0.382812
0 0.619141 0.476562 0.082031 0.164062
1 0.884766 0.447266 0.207031 0.339844
1 0.888672 0.156250 0.222656 0.304688
1 0.740234 0.433594 0.152344 0.218750
1 0.503906 0.876953 0.117188 0.246094
1 0.927734 0.826172 0.144531 0.128906
1 0.714844 0.750000 0.148438 0.140625
