0 0.312500 0.343750 0.125000 0.500000
0 0.431641 0.402344 0.105469 0.500000
0 0.470703 0.408203 0.121094 0.519531
0 0.529297 0.455078 0.097656 0.464844
0 0.580078 0.437500 0.121094 0.296875
0 0.591797 0.468750 0.136719 0.265625
0 0.265625 0.304688 0.140625 0.109375
0 0.322266 0.095703 0.128906 0.089844
0 0.054688 0.220703 0.101562 0.152344
0 0.203125 0.513672 0.140625 0.136719
0 0.410156 0.941406 0.125000 0.117188
1 0.716797 0.562500 0.113281 0.187500
0 0.435547 0.765625 0.128906 0.203125
0 0.134766 0.578125 0.097656 0.109375
1 0.261719 0.773438 0.101562 0.132812
1 0.683594 0.853516 0.351562 0.285156
