0 0.392578 0.419922 0.183594 0.183594
0 0.492188 0.437500 0.117188 0.187500
0 0.300781 0.425781 0.156250 0.164062
0 0.335938 0.568359 0.187500 0.105469
0 0.349609 0.658203 0.324219 0.191406
1 0.605469 0.164062 0.289062 0.320312
1 0.681641 0.501953 0.246094 0.347656
1 0.660156 0.837891 0.359375 0.324219
1 0.433594 0.236328 0.218750 0.167969
1 0.367188 0.830078 0.312500 0.144531
1 0.093750 0.460938 0.179688 0.617188
1 0.873047 0.253906 0.253906 0.500000
1 0.160156 0.142578 0.312500 0.277344
1 0.419922 0.126953 0.230469 0.246094
