0 0.542969 0.433594 0.117188 0.257812
0 0.669922 0.242188 0.121094 0.140625
0 0.687500 0.082031 0.101562 0.062500
0 0.531250 0.587891 0.234375 0.167969
0 0.468750 0.699219 0.281250 0.078125
0 0.416016 0.761719 0.246094 0.132812
0 0.312500 0.855469 0.187500 0.140625
0 0.234375 0.962891 0.234375 0.058594
1 0.210938 0.253906 0.320312 0.281250
1 0.416016 0.263672 0.113281 0.472656
1 0.173828 0.535156 0.339844 0.242188
1 0.609375 0.859375 0.062500 0.187500
0 0.650391 0.429688 0.097656 0.234375
0 0.712891 0.359375 0.042969 0.085938
0 0.744141 0.269531 0.058594 0.125000
0 0.542969 0.763672 0.054688 0.097656
0 0.416016 0.884766 0.113281 0.121094
1 0.529297 0.904297 0.089844 0.136719
1 0.689453 0.660156 0.074219 0.226562
