0 0.375000 0.369141 0.187500 0.363281
0 0.593750 0.398438 0.250000 0.296875
0 0.218750 0.437500 0.125000 0.156250
0 0.033203 0.185547 0.058594 0.066406
0 0.500000 0.265625 0.156250 0.140625
0 0.640625 0.277344 0.109375 0.148438
0 0.759766 0.367188 0.113281 0.250000
0 0.902344 0.765625 0.093750 0.156250
0 0.937500 0.742188 0.109375 0.117188
0 0.326172 0.171875 0.105469 0.046875
0 0.250000 0.265625 0.062500 0.171875
0 0.470703 0.031250 0.207031 0.054688
0 0.621094 0.523438 0.148438 0.062500
0 0.148438 0.449219 0.070312 0.117188
0 0.078125 0.166016 0.093750 0.050781
0 0.732422 0.560547 0.113281 0.128906
1 0.406250 0.775391 0.531250 0.417969
1 0.921875 0.484375 0.140625 0.375000
0 0.812500 0.406250 0.062500 0.156250
0 0.843750 0.750000 0.078125 0.125000
0 0.500000 0.169922 0.078125 0.097656
1 0.734375 0.796875 0.125000 0.343750
1 0.902344 0.917969 0.195312 0.125000
1 0.078125 0.312500 0.125000 0.140625
1 0.105469 0.748047 0.203125 0.449219
1 0.875000 0.560547 0.171875 0.128906
1 0.638672 0.125000 0.183594 0.125000
1 0.173828 0.066406 0.339844 0.125000
1 0.158203 0.183594 0.058594 0.093750
1 0.218750 0.140625 0.093750 0.093750
1 0.402344 0.097656 0.125000 0.078125
1 0.419922 0.138672 0.066406 0.089844
1 0.910156 0.230469 0.179688 0.132812
1 0.777344 0.191406 0.093750 0.109375
