0 0.167969 0.531250 0.328125 0.265625
0 0.562500 0.523438 0.468750 0.289062
0 0.828125 0.548828 0.109375 0.339844
0 0.923828 0.490234 0.144531 0.183594
0 0.650391 0.349609 0.175781 0.074219
0 0.521484 0.347656 0.089844 0.054688
0 0.865234 0.611328 0.113281 0.105469
0 0.232422 0.412109 0.128906 0.121094
0 0.669922 0.273438 0.050781 0.070312
0 0.404297 0.382812 0.207031 0.062500
0 0.152344 0.707031 0.109375 0.164062
0 0.273438 0.660156 0.117188 0.070312
1 0.400391 0.851562 0.355469 0.296875
0 0.437500 0.658203 0.195312 0.082031
0 0.679688 0.666016 0.195312 0.089844
1 0.205078 0.898438 0.394531 0.195312
1 0.558594 0.134766 0.304688 0.175781
1 0.201172 0.216797 0.378906 0.253906
1 0.812500 0.347656 0.140625 0.093750
1 0.753906 0.816406 0.328125 0.179688
1 0.771484 0.265625 0.136719 0.070312
1 0.857422 0.128906 0.277344 0.179688
0 0.882812 0.654297 0.078125 0.089844
