0 0.359375 0.529297 0.218750 0.160156
0 0.404297 0.648438 0.183594 0.117188
0 0.546875 0.658203 0.156250 0.183594
0 0.503906 0.558594 0.156250 0.117188
1 0.859375 0.798828 0.265625 0.339844
0 0.423828 0.701172 0.121094 0.136719
1 0.636719 0.806641 0.218750 0.105469
0 0.603516 0.921875 0.238281 0.109375
0 0.625000 0.640625 0.109375 0.140625
1 0.160156 0.814453 0.304688 0.371094
1 0.265625 0.843750 0.187500 0.281250
1 0.449219 0.814453 0.242188 0.074219
1 0.134766 0.500000 0.253906 0.250000
1 0.841797 0.669922 0.308594 0.175781
1 0.140625 0.294922 0.273438 0.167969
1 0.792969 0.470703 0.398438 0.191406
