0 0.634766 0.429688 0.292969 0.593750
0 0.400391 0.628906 0.191406 0.734375
0 0.656250 0.861328 0.328125 0.277344
0 0.689453 0.119141 0.207031 0.105469
0 0.828125 0.189453 0.062500 0.121094
0 0.304688 0.652344 0.164062 0.695312
0 0.117188 0.796875 0.226562 0.406250
0 0.109375 0.550781 0.210938 0.085938
0 0.839844 0.882812 0.132812 0.234375
1 0.916016 0.513672 0.167969 0.488281
1 0.154297 0.160156 0.300781 0.312500
1 0.050781 0.408203 0.093750 0.175781
0 0.550781 0.353516 0.296875 0.308594
0 0.558594 0.218750 0.218750 0.187500
0 0.656250 0.162109 0.234375 0.183594
0 0.728516 0.125000 0.191406 0.171875
0 0.812500 0.197266 0.195312 0.128906
1 0.375000 0.099609 0.140625 0.191406
1 0.957031 0.166016 0.085938 0.300781
1 0.882812 0.062500 0.101562 0.117188
1 0.541016 0.035156 0.191406 0.062500
1 0.480469 0.083984 0.117188 0.066406
0 0.195312 0.492188 0.164062 0.171875
1 0.162109 0.328125 0.128906 0.156250
