0 0.500000 0.400391 0.078125 0.191406
0 0.470703 0.460938 0.074219 0.140625
0 0.546875 0.419922 0.062500 0.183594
0 0.103516 0.617188 0.105469 0.054688
0 0.173828 0.908203 0.066406 0.128906
0 0.140625 0.947266 0.031250 0.058594
0 0.093750 0.720703 0.062500 0.066406
0 0.361328 0.898438 0.105469 0.187500
0 0.371094 0.679688 0.117188 0.148438
0 0.453125 0.640625 0.046875 0.046875
0 0.335938 0.939453 0.062500 0.097656
0 0.085938 0.835938 0.031250 0.039062
1 0.292969 0.357422 0.265625 0.464844
1 0.560547 0.142578 0.347656 0.277344
1 0.671875 0.408203 0.171875 0.277344
1 0.535156 0.566406 0.218750 0.070312
1 0.607422 0.798828 0.253906 0.402344
1 0.515625 0.828125 0.171875 0.328125
1 0.236328 0.710938 0.152344 0.265625
1 0.152344 0.398438 0.296875 0.367188
