0 0.306641 0.484375 0.105469 0.281250
0 0.500000 0.406250 0.281250 0.187500
0 0.181641 0.486328 0.136719 0.167969
0 0.654297 0.562500 0.214844 0.109375
0 0.703125 0.343750 0.078125 0.078125
0 0.814453 0.609375 0.097656 0.156250
0 0.697266 0.666016 0.160156 0.121094
0 0.392578 0.533203 0.089844 0.113281
0 0.500000 0.500000 0.125000 0.078125
0 0.777344 0.326172 0.070312 0.082031
0 0.687500 0.447266 0.062500 0.074219
0 0.785156 0.486328 0.093750 0.066406
0 0.869141 0.359375 0.066406 0.140625
1 0.867188 0.847656 0.265625 0.250000
0 0.523438 0.580078 0.117188 0.066406
1 0.435547 0.814453 0.214844 0.363281
1 0.687500 0.867188 0.312500 0.265625
0 0.261719 0.605469 0.093750 0.101562
0 0.541016 0.330078 0.105469 0.113281
1 0.484375 0.197266 0.265625 0.152344
1 0.736328 0.201172 0.214844 0.160156
0 0.134766 0.484375 0.128906 0.109375
1 0.109375 0.767578 0.203125 0.363281
1 0.281250 0.828125 0.156250 0.328125
1 0.251953 0.279297 0.191406 0.097656
1 0.095703 0.345703 0.183594 0.097656
0 0.253906 0.402344 0.093750 0.101562
1 0.033203 0.527344 0.058594 0.257812
1 0.939453 0.607422 0.121094 0.277344
1 0.789062 0.414062 0.085938 0.078125
1 0.890625 0.482422 0.109375 0.089844
