0 0.634766 0.386719 0.097656 0.062500
0 0.732422 0.378906 0.121094 0.078125
0 0.439453 0.515625 0.214844 0.093750
0 0.308594 0.468750 0.070312 0.109375
0 0.796875 0.640625 0.156250 0.140625
0 0.666016 0.625000 0.121094 0.078125
0 0.525391 0.964844 0.183594 0.070312
0 0.658203 0.968750 0.089844 0.031250
0 0.917969 0.708984 0.140625 0.074219
0 0.482422 0.298828 0.097656 0.089844
0 0.591797 0.324219 0.035156 0.062500
0 0.638672 0.263672 0.097656 0.050781
0 0.216797 0.482422 0.121094 0.074219
0 0.376953 0.248047 0.105469 0.066406
0 0.734375 0.326172 0.078125 0.128906
0 0.843750 0.375000 0.078125 0.109375
0 0.937500 0.578125 0.125000 0.218750
0 0.861328 0.564453 0.152344 0.097656
0 0.953125 0.470703 0.093750 0.082031
0 0.312500 0.955078 0.265625 0.089844
0 0.531250 0.935547 0.125000 0.066406
0 0.111328 0.964844 0.214844 0.070312
0 0.484375 0.580078 0.171875 0.097656
0 0.619141 0.548828 0.105469 0.128906
0 0.728516 0.712891 0.246094 0.105469
