0 0.564453 0.464844 0.121094 0.656250
0 0.705078 0.244141 0.160156 0.199219
0 0.863281 0.255859 0.140625 0.191406
0 0.968750 0.261719 0.054688 0.179688
0 0.056641 0.158203 0.105469 0.160156
0 0.175781 0.138672 0.125000 0.113281
0 0.109375 0.298828 0.210938 0.105469
0 0.421875 0.566406 0.187500 0.476562
0 0.253906 0.462891 0.132812 0.128906
0 0.339844 0.419922 0.148438 0.136719
0 0.050781 0.460938 0.093750 0.117188
0 0.140625 0.470703 0.093750 0.089844
0 0.285156 0.593750 0.078125 0.125000
0 0.279297 0.722656 0.144531 0.125000
0 0.673828 0.589844 0.105469 0.484375
0 0.763672 0.486328 0.128906 0.121094
0 0.949219 0.505859 0.093750 0.089844
0 0.832031 0.718750 0.101562 0.406250
0 0.923828 0.748047 0.144531 0.222656
0 0.765625 0.767578 0.062500 0.371094
0 0.679688 0.871094 0.117188 0.195312
0 0.566406 0.871094 0.109375 0.140625
0 0.468750 0.273438 0.062500 0.117188
0 0.617188 0.039062 0.179688 0.070312
1 0.880859 0.390625 0.238281 0.078125
1 0.099609 0.763672 0.183594 0.472656
1 0.349609 0.904297 0.308594 0.191406
1 0.335938 0.187500 0.187500 0.257812
1 0.861328 0.076172 0.277344 0.144531
1 0.945312 0.929688 0.109375 0.132812
0 0.267578 0.650391 0.128906 0.089844
