0 0.453125 0.248047 0.203125 0.410156
0 0.466797 0.671875 0.199219 0.453125
0 0.650391 0.468750 0.167969 0.593750
0 0.248047 0.359375 0.488281 0.171875
0 0.218750 0.546875 0.250000 0.203125
0 0.703125 0.859375 0.281250 0.187500
0 0.296875 0.808594 0.125000 0.164062
0 0.773438 0.656250 0.078125 0.234375
0 0.613281 0.093750 0.148438 0.156250
0 0.173828 0.140625 0.339844 0.250000
0 0.437500 0.921875 0.234375 0.062500
0 0.681641 0.437500 0.183594 0.203125
1 0.171875 0.812500 0.109375 0.265625
0 0.093750 0.558594 0.171875 0.226562
1 0.062500 0.837891 0.117188 0.300781
0 0.326172 0.708984 0.167969 0.160156
