0 0.496094 0.578125 0.242188 0.109375
0 0.687500 0.560547 0.125000 0.121094
0 0.566406 0.509766 0.140625 0.019531
0 0.798828 0.578125 0.089844 0.062500
0 0.363281 0.597656 0.062500 0.101562
1 0.441406 0.373047 0.148438 0.105469
1 0.492188 0.451172 0.218750 0.082031
0 0.552734 0.382812 0.082031 0.070312
0 0.322266 0.498047 0.089844 0.128906
1 0.283203 0.625000 0.074219 0.117188
0 0.443359 0.646484 0.167969 0.066406
0 0.890625 0.593750 0.132812 0.062500
0 0.785156 0.539062 0.062500 0.062500
1 0.904297 0.527344 0.113281 0.054688
