0 0.593750 0.400391 0.140625 0.082031
0 0.746094 0.406250 0.062500 0.085938
0 0.861328 0.429688 0.066406 0.085938
0 0.953125 0.453125 0.093750 0.093750
0 0.500000 0.421875 0.125000 0.046875
0 0.421875 0.365234 0.257812 0.042969
0 0.371094 0.425781 0.132812 0.046875
0 0.812500 0.419922 0.093750 0.097656
0 0.166016 0.361328 0.089844 0.042969
0 0.347656 0.326172 0.117188 0.042969
0 0.083984 0.316406 0.082031 0.046875
1 0.767578 0.910156 0.449219 0.179688
1 0.492188 0.287109 0.164062 0.105469
1 0.660156 0.287109 0.171875 0.121094
