0 0.291016 0.529297 0.089844 0.050781
0 0.404297 0.519531 0.066406 0.023438
0 0.437500 0.324219 0.031250 0.039062
0 0.462891 0.390625 0.050781 0.093750
0 0.531250 0.386719 0.093750 0.070312
0 0.595703 0.390625 0.027344 0.062500
0 0.640625 0.398438 0.046875 0.031250
0 0.503906 0.435547 0.031250 0.027344
0 0.546875 0.466797 0.062500 0.027344
0 0.541016 0.531250 0.050781 0.031250
0 0.591797 0.529297 0.042969 0.019531
0 0.429688 0.578125 0.070312 0.031250
0 0.500000 0.593750 0.078125 0.031250
0 0.560547 0.605469 0.027344 0.039062
0 0.671875 0.710938 0.093750 0.046875
0 0.771484 0.751953 0.128906 0.082031
0 0.859375 0.857422 0.046875 0.222656
0 0.796875 0.886719 0.078125 0.039062
0 0.701172 0.773438 0.050781 0.085938
0 0.716797 0.826172 0.019531 0.011719
0 0.904297 0.826172 0.035156 0.089844
0 0.906250 0.933594 0.046875 0.117188
0 0.953125 0.937500 0.031250 0.062500
0 0.937500 0.837891 0.015625 0.050781
0 0.441406 0.382812 0.039062 0.039062
0 0.669922 0.451172 0.027344 0.019531
0 0.705078 0.468750 0.011719 0.015625
0 0.718750 0.470703 0.000000 0.003906
0 0.611328 0.525391 0.042969 0.019531
1 0.310547 0.837891 0.605469 0.324219
1 0.281250 0.621094 0.218750 0.085938
0 0.064453 0.589844 0.121094 0.054688
0 0.181641 0.546875 0.097656 0.031250
0 0.210938 0.517578 0.054688 0.019531
1 0.373047 0.449219 0.089844 0.070312
1 0.312500 0.468750 0.031250 0.031250
1 0.654297 0.605469 0.136719 0.125000
1 0.765625 0.435547 0.093750 0.050781
1 0.439453 0.259766 0.074219 0.082031
1 0.648438 0.888672 0.054688 0.222656
1 0.705078 0.916016 0.058594 0.167969
1 0.765625 0.953125 0.046875 0.093750
