0 0.544922 0.462891 0.097656 0.058594
0 0.619141 0.458984 0.050781 0.050781
0 0.501953 0.460938 0.066406 0.062500
0 0.041016 0.783203 0.074219 0.074219
0 0.013672 0.814453 0.019531 0.082031
0 0.257812 0.578125 0.031250 0.031250
0 0.140625 0.781250 0.062500 0.125000
0 0.126953 0.699219 0.035156 0.039062
0 0.173828 0.691406 0.035156 0.046875
0 0.205078 0.750000 0.097656 0.148438
0 0.490234 0.085938 0.097656 0.046875
0 0.343750 0.513672 0.117188 0.050781
1 0.615234 0.585938 0.292969 0.156250
1 0.400391 0.660156 0.214844 0.203125
1 0.837891 0.416016 0.324219 0.191406
0 0.570312 0.105469 0.070312 0.046875
0 0.710938 0.060547 0.093750 0.042969
1 0.632812 0.382812 0.164062 0.085938
1 0.216797 0.923828 0.324219 0.152344
1 0.125000 0.591797 0.234375 0.136719
1 0.332031 0.699219 0.125000 0.164062
1 0.437500 0.521484 0.054688 0.136719
1 0.910156 0.302734 0.179688 0.097656
1 0.861328 0.046875 0.175781 0.085938
1 0.736328 0.144531 0.214844 0.109375
