0 0.468750 0.574219 0.156250 0.164062
0 0.652344 0.638672 0.203125 0.238281
0 0.875000 0.720703 0.250000 0.339844
0 0.783203 0.263672 0.152344 0.058594
0 0.109375 0.781250 0.210938 0.171875
1 0.873047 0.119141 0.253906 0.230469
1 0.933594 0.337891 0.132812 0.222656
1 0.650391 0.111328 0.199219 0.214844
1 0.623047 0.265625 0.160156 0.109375
0 0.093750 0.564453 0.171875 0.121094
0 0.064453 0.328125 0.121094 0.140625
1 0.558594 0.876953 0.390625 0.238281
1 0.273438 0.417969 0.164062 0.398438
0 0.095703 0.701172 0.097656 0.097656
0 0.828125 0.923828 0.093750 0.082031
