0 0.281250 0.298828 0.179688 0.191406
0 0.419922 0.191406 0.082031 0.093750
0 0.314453 0.158203 0.105469 0.089844
0 0.503906 0.435547 0.062500 0.089844
0 0.580078 0.361328 0.058594 0.066406
0 0.822266 0.513672 0.058594 0.066406
0 0.130859 0.654297 0.253906 0.519531
0 0.400391 0.308594 0.089844 0.179688
0 0.460938 0.431641 0.070312 0.074219
0 0.607422 0.339844 0.066406 0.070312
0 0.550781 0.433594 0.046875 0.125000
0 0.294922 0.757812 0.128906 0.234375
1 0.345703 0.517578 0.144531 0.222656
1 0.572266 0.722656 0.308594 0.468750
1 0.707031 0.306641 0.132812 0.339844
1 0.878906 0.359375 0.210938 0.226562
0 0.867188 0.814453 0.062500 0.097656
1 0.931641 0.621094 0.136719 0.281250
1 0.953125 0.882812 0.093750 0.226562
0 0.837891 0.621094 0.042969 0.140625
0 0.843750 0.937500 0.226562 0.117188
1 0.730469 0.667969 0.117188 0.437500
1 0.568359 0.158203 0.207031 0.285156
1 0.494141 0.316406 0.089844 0.132812
