0 0.080078 0.509766 0.097656 0.082031
0 0.117188 0.593750 0.031250 0.031250
0 0.076172 0.623047 0.042969 0.035156
0 0.244141 0.623047 0.050781 0.058594
0 0.326172 0.625000 0.035156 0.046875
0 0.515625 0.429688 0.062500 0.046875
0 0.402344 0.367188 0.039062 0.039062
0 0.429688 0.304688 0.039062 0.046875
0 0.511719 0.343750 0.039062 0.062500
0 0.251953 0.466797 0.066406 0.066406
0 0.316406 0.408203 0.054688 0.089844
0 0.181641 0.498047 0.089844 0.050781
1 0.703125 0.482422 0.250000 0.175781
0 0.162109 0.615234 0.050781 0.042969
