0 0.472656 0.589844 0.117188 0.125000
0 0.607422 0.582031 0.144531 0.117188
0 0.707031 0.554688 0.132812 0.078125
0 0.804688 0.531250 0.046875 0.054688
0 0.833984 0.525391 0.058594 0.042969
0 0.365234 0.597656 0.136719 0.117188
0 0.248047 0.585938 0.082031 0.046875
0 0.916016 0.513672 0.097656 0.050781
0 0.181641 0.597656 0.050781 0.039062
0 0.123047 0.609375 0.042969 0.031250
0 0.072266 0.621094 0.058594 0.031250
0 0.023438 0.632812 0.039062 0.031250
1 0.884766 0.259766 0.113281 0.097656
1 0.457031 0.294922 0.445312 0.050781
1 0.740234 0.287109 0.175781 0.066406
1 0.171875 0.683594 0.242188 0.070312
1 0.421875 0.708984 0.234375 0.089844
1 0.919922 0.628906 0.160156 0.179688
1 0.781250 0.648438 0.187500 0.093750
1 0.144531 0.310547 0.273438 0.066406
