0 0.423828 0.404297 0.246094 0.503906
0 0.531250 0.513672 0.125000 0.566406
0 0.710938 0.625000 0.203125 0.640625
0 0.578125 0.794922 0.187500 0.285156
0 0.859375 0.558594 0.109375 0.375000
0 0.791016 0.728516 0.167969 0.230469
0 0.275391 0.375000 0.105469 0.234375
0 0.203125 0.470703 0.078125 0.292969
0 0.275391 0.591797 0.113281 0.191406
0 0.148438 0.617188 0.070312 0.140625
0 0.216797 0.650391 0.121094 0.136719
0 0.250000 0.492188 0.250000 0.101562
1 0.798828 0.156250 0.402344 0.296875
0 0.779297 0.906250 0.097656 0.156250
1 0.962891 0.652344 0.074219 0.656250
1 0.445312 0.070312 0.328125 0.132812
1 0.375000 0.845703 0.187500 0.308594
