0 0.025391 0.275391 0.042969 0.097656
0 0.466797 0.248047 0.191406 0.316406
0 0.562500 0.544922 0.539062 0.246094
0 0.548828 0.281250 0.128906 0.281250
0 0.611328 0.296875 0.113281 0.234375
0 0.666016 0.314453 0.105469 0.191406
0 0.710938 0.341797 0.085938 0.144531
0 0.751953 0.367188 0.097656 0.117188
0 0.794922 0.376953 0.089844 0.082031
0 0.339844 0.025391 0.156250 0.042969
0 0.460938 0.125000 0.125000 0.140625
0 0.308594 0.220703 0.156250 0.253906
0 0.873047 0.560547 0.066406 0.277344
0 0.929688 0.648438 0.039062 0.312500
0 0.968750 0.671875 0.046875 0.265625
0 0.796875 0.822266 0.312500 0.355469
0 0.603516 0.773438 0.167969 0.195312
0 0.404297 0.640625 0.410156 0.265625
0 0.296875 0.416016 0.203125 0.183594
0 0.263672 0.191406 0.199219 0.375000
0 0.873047 0.781250 0.082031 0.218750
0 0.953125 0.904297 0.093750 0.191406
0 0.462891 0.861328 0.511719 0.269531
1 0.080078 0.111328 0.152344 0.214844
1 0.111328 0.392578 0.121094 0.347656
1 0.095703 0.658203 0.175781 0.285156
0 0.148438 0.912109 0.281250 0.175781
