0 0.406250 0.623047 0.312500 0.394531
0 0.648438 0.593750 0.062500 0.437500
0 0.826172 0.585938 0.199219 0.406250
0 0.964844 0.609375 0.070312 0.343750
0 0.462891 0.390625 0.207031 0.062500
0 0.109375 0.861328 0.156250 0.105469
0 0.343750 0.933594 0.078125 0.132812
0 0.267578 0.470703 0.136719 0.089844
0 0.500000 0.359375 0.109375 0.062500
0 0.390625 0.873047 0.125000 0.160156
0 0.500000 0.798828 0.109375 0.097656
0 0.259766 0.904297 0.136719 0.191406
1 0.939453 0.892578 0.105469 0.214844
0 0.560547 0.132812 0.074219 0.085938
1 0.138672 0.261719 0.230469 0.289062
0 0.369141 0.423828 0.160156 0.089844
1 0.392578 0.222656 0.269531 0.187500
1 0.746094 0.908203 0.367188 0.183594
1 0.533203 0.927734 0.152344 0.144531
1 0.101562 0.447266 0.187500 0.113281
