0 0.515625 0.492188 0.171875 0.210938
0 0.634766 0.453125 0.121094 0.125000
0 0.843750 0.451172 0.281250 0.089844
0 0.371094 0.529297 0.132812 0.160156
0 0.248047 0.560547 0.136719 0.082031
0 0.466797 0.197266 0.144531 0.050781
0 0.529297 0.638672 0.160156 0.105469
0 0.578125 0.714844 0.109375 0.148438
0 0.619141 0.554688 0.105469 0.093750
0 0.388672 0.494141 0.113281 0.128906
0 0.859375 0.404297 0.281250 0.050781
0 0.470703 0.179688 0.089844 0.039062
1 0.839844 0.750000 0.320312 0.484375
1 0.347656 0.890625 0.687500 0.203125
1 0.220703 0.720703 0.433594 0.222656
1 0.437500 0.800781 0.156250 0.210938
1 0.718750 0.710938 0.140625 0.210938
0 0.125000 0.541016 0.109375 0.121094
0 0.310547 0.248047 0.082031 0.066406
1 0.150391 0.390625 0.292969 0.171875
1 0.781250 0.222656 0.437500 0.304688
1 0.460938 0.298828 0.218750 0.160156
1 0.341797 0.357422 0.183594 0.128906
1 0.130859 0.154297 0.253906 0.300781
1 0.421875 0.080078 0.328125 0.152344
1 0.328125 0.171875 0.125000 0.078125
