0 0.220703 0.529297 0.058594 0.066406
0 0.173828 0.531250 0.027344 0.031250
0 0.304688 0.527344 0.101562 0.062500
1 0.570312 0.562500 0.367188 0.296875
1 0.876953 0.580078 0.246094 0.316406
1 0.285156 0.632812 0.234375 0.117188
1 0.347656 0.458984 0.156250 0.074219
1 0.082031 0.597656 0.156250 0.117188
1 0.681641 0.783203 0.636719 0.160156
1 0.835938 0.927734 0.328125 0.144531
1 0.423828 0.599609 0.839844 0.167969
1 0.041016 0.884766 0.074219 0.230469
1 0.138672 0.929688 0.113281 0.140625
1 0.044922 0.787109 0.082031 0.058594
