0 0.343750 0.185547 0.187500 0.222656
0 0.496094 0.400391 0.242188 0.175781
0 0.578125 0.628906 0.312500 0.296875
0 0.857422 0.859375 0.183594 0.250000
0 0.294922 0.398438 0.160156 0.179688
0 0.355469 0.609375 0.179688 0.281250
0 0.433594 0.261719 0.195312 0.140625
0 0.650391 0.451172 0.066406 0.121094
0 0.781250 0.666016 0.109375 0.144531
0 0.640625 0.841797 0.312500 0.253906
0 0.248047 0.216797 0.167969 0.191406
0 0.085938 0.343750 0.164062 0.250000
0 0.199219 0.607422 0.117188 0.269531
0 0.441406 0.144531 0.093750 0.101562
0 0.554688 0.294922 0.046875 0.097656
0 0.402344 0.810547 0.164062 0.128906
1 0.197266 0.798828 0.128906 0.121094
1 0.248047 0.033203 0.058594 0.058594
0 0.687500 0.548828 0.171875 0.183594
0 0.248047 0.123047 0.113281 0.097656
0 0.148438 0.248047 0.210938 0.128906
0 0.115234 0.482422 0.113281 0.105469
1 0.066406 0.705078 0.125000 0.316406
1 0.318359 0.937500 0.324219 0.125000
0 0.312500 0.802734 0.085938 0.128906
