0 0.296875 0.406250 0.078125 0.140625
0 0.390625 0.533203 0.093750 0.253906
0 0.212891 0.416016 0.128906 0.113281
0 0.460938 0.572266 0.109375 0.246094
0 0.525391 0.560547 0.121094 0.121094
0 0.542969 0.654297 0.210938 0.097656
0 0.292969 0.578125 0.078125 0.171875
0 0.093750 0.451172 0.156250 0.058594
0 0.248047 0.626953 0.058594 0.121094
0 0.220703 0.648438 0.097656 0.078125
0 0.525391 0.353516 0.097656 0.097656
0 0.261719 0.339844 0.093750 0.062500
1 0.406250 0.345703 0.125000 0.097656
1 0.828125 0.671875 0.328125 0.656250
1 0.376953 0.855469 0.746094 0.289062
1 0.089844 0.609375 0.164062 0.234375
1 0.076172 0.367188 0.144531 0.109375
1 0.650391 0.464844 0.128906 0.296875
1 0.859375 0.361328 0.281250 0.167969
1 0.654297 0.398438 0.121094 0.117188
0 0.871094 0.125000 0.085938 0.046875
0 0.933594 0.144531 0.132812 0.039062
0 0.910156 0.050781 0.179688 0.070312
