0 0.460938 0.417969 0.421875 0.257812
0 0.388672 0.591797 0.191406 0.082031
0 0.578125 0.593750 0.187500 0.093750
0 0.376953 0.603516 0.144531 0.292969
0 0.597656 0.703125 0.125000 0.250000
0 0.478516 0.267578 0.152344 0.128906
0 0.837891 0.673828 0.152344 0.238281
1 0.833984 0.275391 0.308594 0.542969
1 0.347656 0.097656 0.687500 0.187500
1 0.123047 0.410156 0.238281 0.437500
1 0.677734 0.208984 0.238281 0.128906
1 0.263672 0.187500 0.285156 0.203125
1 0.908203 0.896484 0.183594 0.207031
0 0.765625 0.900391 0.093750 0.199219
1 0.484375 0.916016 0.406250 0.160156
1 0.203125 0.736328 0.164062 0.214844
1 0.708984 0.675781 0.082031 0.234375
1 0.962891 0.666016 0.074219 0.238281
