0 0.470703 0.343750 0.152344 0.203125
0 0.625000 0.357422 0.140625 0.183594
0 0.330078 0.359375 0.121094 0.156250
0 0.244141 0.365234 0.144531 0.113281
0 0.359375 0.267578 0.078125 0.027344
0 0.765625 0.466797 0.125000 0.371094
0 0.816406 0.460938 0.109375 0.312500
0 0.873047 0.476562 0.105469 0.257812
0 0.625000 0.595703 0.148438 0.300781
0 0.513672 0.701172 0.089844 0.246094
0 0.400391 0.687500 0.128906 0.171875
0 0.279297 0.744141 0.121094 0.214844
0 0.218750 0.732422 0.132812 0.199219
0 0.109375 0.746094 0.101562 0.140625
0 0.392578 0.789062 0.144531 0.125000
0 0.177734 0.369141 0.105469 0.058594
1 0.376953 0.513672 0.347656 0.128906
1 0.103516 0.531250 0.191406 0.210938
0 0.714844 0.658203 0.101562 0.105469
1 0.914062 0.814453 0.156250 0.371094
1 0.796875 0.136719 0.406250 0.257812
0 0.121094 0.035156 0.109375 0.062500
1 0.396484 0.097656 0.417969 0.179688
0 0.601562 0.248047 0.125000 0.113281
1 0.138672 0.193359 0.261719 0.230469
1 0.328125 0.919922 0.640625 0.136719
1 0.667969 0.882812 0.195312 0.234375
0 0.042969 0.714844 0.078125 0.125000
