0 0.335938 0.140625 0.218750 0.273438
0 0.498047 0.140625 0.097656 0.265625
0 0.515625 0.181641 0.140625 0.191406
0 0.212891 0.150391 0.066406 0.144531
0 0.203125 0.291016 0.171875 0.066406
0 0.279297 0.515625 0.339844 0.109375
0 0.500000 0.544922 0.250000 0.152344
0 0.345703 0.625000 0.222656 0.109375
0 0.660156 0.542969 0.085938 0.164062
0 0.359375 0.421875 0.125000 0.109375
1 0.150391 0.640625 0.175781 0.140625
1 0.544922 0.404297 0.246094 0.074219
1 0.166016 0.429688 0.167969 0.054688
1 0.748047 0.560547 0.074219 0.207031
1 0.062500 0.523438 0.078125 0.101562
1 0.703125 0.933594 0.437500 0.132812
0 0.125000 0.312500 0.125000 0.078125
0 0.546875 0.214844 0.171875 0.132812
0 0.535156 0.607422 0.156250 0.089844
0 0.312500 0.453125 0.125000 0.093750
