0 0.097656 0.839844 0.062500 0.046875
0 0.177734 0.802734 0.089844 0.089844
0 0.250000 0.753906 0.062500 0.078125
0 0.308594 0.730469 0.046875 0.070312
0 0.361328 0.705078 0.058594 0.074219
0 0.417969 0.673828 0.054688 0.089844
0 0.468750 0.652344 0.046875 0.078125
0 0.519531 0.625000 0.062500 0.117188
0 0.568359 0.619141 0.058594 0.097656
0 0.613281 0.615234 0.054688 0.066406
0 0.654297 0.595703 0.027344 0.035156
0 0.673828 0.587891 0.058594 0.058594
0 0.718750 0.580078 0.039062 0.050781
0 0.763672 0.560547 0.035156 0.027344
0 0.798828 0.541016 0.058594 0.050781
0 0.212891 0.630859 0.113281 0.042969
0 0.197266 0.750000 0.105469 0.039062
1 0.335938 0.605469 0.109375 0.109375
1 0.437500 0.570312 0.101562 0.078125
1 0.564453 0.531250 0.152344 0.054688
1 0.705078 0.507812 0.121094 0.078125
1 0.898438 0.539062 0.132812 0.187500
1 0.798828 0.632812 0.113281 0.101562
1 0.699219 0.673828 0.125000 0.097656
1 0.605469 0.734375 0.132812 0.101562
1 0.525391 0.767578 0.167969 0.167969
1 0.402344 0.804688 0.140625 0.117188
1 0.318359 0.867188 0.167969 0.132812
1 0.210938 0.904297 0.156250 0.097656
1 0.109375 0.683594 0.093750 0.085938
1 0.185547 0.685547 0.066406 0.066406
1 0.076172 0.720703 0.097656 0.152344
