0 0.386719 0.449219 0.171875 0.101562
0 0.437500 0.455078 0.171875 0.074219
0 0.312500 0.638672 0.140625 0.082031
0 0.453125 0.605469 0.140625 0.054688
0 0.546875 0.587891 0.046875 0.058594
0 0.609375 0.578125 0.093750 0.046875
0 0.687500 0.578125 0.062500 0.046875
0 0.781250 0.548828 0.093750 0.050781
0 0.392578 0.640625 0.121094 0.046875
0 0.908203 0.183594 0.066406 0.085938
0 0.968750 0.203125 0.046875 0.046875
0 0.212891 0.638672 0.066406 0.042969
0 0.500000 0.009766 0.062500 0.011719
1 0.265625 0.250000 0.515625 0.281250
1 0.089844 0.544922 0.164062 0.316406
1 0.455078 0.855469 0.894531 0.289062
1 0.783203 0.777344 0.425781 0.335938
1 0.921875 0.486328 0.156250 0.308594
1 0.691406 0.406250 0.343750 0.234375
1 0.234375 0.486328 0.125000 0.214844
1 0.419922 0.537109 0.246094 0.058594
1 0.730469 0.150391 0.281250 0.285156
