0 0.578125 0.462891 0.093750 0.066406
0 0.652344 0.484375 0.054688 0.093750
0 0.515625 0.484375 0.046875 0.062500
0 0.603516 0.091797 0.121094 0.152344
0 0.796875 0.386719 0.046875 0.070312
0 0.937500 0.421875 0.093750 0.187500
0 0.308594 0.523438 0.070312 0.054688
0 0.447266 0.500000 0.097656 0.046875
0 0.339844 0.183594 0.054688 0.070312
0 0.375000 0.078125 0.046875 0.140625
0 0.416016 0.046875 0.058594 0.085938
1 0.837891 0.066406 0.316406 0.125000
0 0.960938 0.244141 0.078125 0.214844
0 0.898438 0.310547 0.117188 0.082031
1 0.859375 0.683594 0.171875 0.281250
0 0.833984 0.474609 0.113281 0.113281
1 0.173828 0.068359 0.339844 0.128906
1 0.134766 0.185547 0.261719 0.121094
0 0.093750 0.404297 0.062500 0.089844
1 0.076172 0.296875 0.144531 0.125000
1 0.728516 0.619141 0.082031 0.394531
1 0.564453 0.671875 0.246094 0.265625
1 0.357422 0.683594 0.253906 0.250000
1 0.560547 0.869141 0.792969 0.261719
1 0.464844 0.273438 0.109375 0.359375
1 0.617188 0.294922 0.250000 0.246094
1 0.291016 0.361328 0.277344 0.222656
1 0.814453 0.185547 0.191406 0.144531
