0 0.435547 0.531250 0.128906 0.109375
0 0.544922 0.576172 0.089844 0.121094
0 0.453125 0.619141 0.093750 0.027344
0 0.556641 0.492188 0.089844 0.062500
0 0.607422 0.541016 0.027344 0.128906
0 0.638672 0.529297 0.019531 0.089844
0 0.560547 0.421875 0.066406 0.062500
0 0.453125 0.593750 0.078125 0.000000
0 0.482422 0.462891 0.042969 0.042969
0 0.437500 0.468750 0.015625 0.031250
0 0.367188 0.501953 0.039062 0.066406
0 0.587891 0.386719 0.027344 0.031250
0 0.667969 0.390625 0.109375 0.031250
0 0.710938 0.359375 0.054688 0.000000
0 0.656250 0.373047 0.046875 0.019531
0 0.621094 0.449219 0.031250 0.054688
0 0.859375 0.402344 0.062500 0.031250
0 0.914062 0.402344 0.046875 0.039062
0 0.857422 0.343750 0.050781 0.031250
0 0.546875 0.210938 0.109375 0.031250
0 0.638672 0.248047 0.050781 0.074219
0 0.699219 0.234375 0.062500 0.031250
0 0.585938 0.253906 0.054688 0.046875
0 0.542969 0.234375 0.039062 0.031250
0 0.718750 0.294922 0.031250 0.019531
0 0.681641 0.265625 0.019531 0.031250
1 0.154297 0.681641 0.292969 0.144531
1 0.265625 0.634766 0.156250 0.175781
1 0.296875 0.574219 0.093750 0.125000
1 0.501953 0.888672 0.996094 0.222656
1 0.830078 0.574219 0.339844 0.304688
1 0.855469 0.269531 0.234375 0.101562
1 0.640625 0.312500 0.171875 0.062500
1 0.935547 0.203125 0.121094 0.062500
1 0.404297 0.148438 0.152344 0.062500
1 0.558594 0.156250 0.132812 0.062500
