0 0.421875 0.345703 0.046875 0.042969
0 0.486328 0.388672 0.089844 0.097656
0 0.435547 0.386719 0.066406 0.054688
0 0.486328 0.498047 0.058594 0.113281
0 0.501953 0.519531 0.058594 0.070312
0 0.564453 0.640625 0.066406 0.046875
0 0.638672 0.685547 0.074219 0.089844
0 0.572266 0.677734 0.050781 0.082031
0 0.531250 0.410156 0.085938 0.062500
1 0.609375 0.533203 0.140625 0.144531
1 0.628906 0.414062 0.093750 0.132812
1 0.476562 0.285156 0.187500 0.054688
1 0.382812 0.480469 0.101562 0.125000
1 0.468750 0.632812 0.117188 0.156250
