0 0.421875 0.367188 0.289062 0.171875
0 0.464844 0.324219 0.250000 0.125000
0 0.605469 0.355469 0.101562 0.117188
0 0.527344 0.513672 0.148438 0.238281
0 0.667969 0.513672 0.125000 0.199219
0 0.742188 0.517578 0.218750 0.144531
0 0.400391 0.492188 0.105469 0.078125
0 0.466797 0.580078 0.121094 0.097656
0 0.244141 0.359375 0.097656 0.109375
0 0.195312 0.367188 0.093750 0.101562
1 0.849609 0.306641 0.300781 0.214844
1 0.927734 0.570312 0.136719 0.289062
1 0.154297 0.578125 0.246094 0.289062
1 0.347656 0.626953 0.132812 0.167969
1 0.583984 0.685547 0.332031 0.089844
1 0.818359 0.677734 0.136719 0.167969
1 0.669922 0.242188 0.160156 0.109375
1 0.503906 0.230469 0.257812 0.062500
