0 0.640625 0.214844 0.312500 0.250000
0 0.478516 0.480469 0.277344 0.218750
0 0.232422 0.636719 0.183594 0.242188
0 0.468750 0.750000 0.296875 0.328125
0 0.263672 0.873047 0.121094 0.222656
0 0.666016 0.400391 0.097656 0.113281
0 0.509766 0.337891 0.246094 0.113281
0 0.326172 0.500000 0.144531 0.156250
0 0.154297 0.876953 0.097656 0.238281
0 0.423828 0.902344 0.253906 0.164062
0 0.609375 0.482422 0.125000 0.191406
0 0.142578 0.658203 0.121094 0.191406
1 0.042969 0.753906 0.078125 0.375000
0 0.671875 0.107422 0.187500 0.082031
0 0.722656 0.369141 0.078125 0.113281
0 0.611328 0.580078 0.089844 0.113281
1 0.650391 0.746094 0.066406 0.195312
0 0.666016 0.480469 0.082031 0.125000
1 0.406250 0.179688 0.140625 0.187500
1 0.130859 0.380859 0.246094 0.253906
1 0.265625 0.287109 0.140625 0.269531
1 0.337891 0.275391 0.097656 0.183594
1 0.076172 0.486328 0.136719 0.144531
1 0.113281 0.193359 0.210938 0.175781
1 0.677734 0.037109 0.144531 0.066406
1 0.603516 0.957031 0.089844 0.085938
