0 0.640625 0.478516 0.140625 0.074219
0 0.525391 0.447266 0.089844 0.042969
0 0.398438 0.437500 0.093750 0.046875
0 0.292969 0.445312 0.109375 0.031250
0 0.181641 0.468750 0.113281 0.031250
0 0.033203 0.509766 0.042969 0.042969
0 0.083984 0.484375 0.074219 0.031250
0 0.595703 0.623047 0.105469 0.066406
0 0.720703 0.521484 0.074219 0.074219
1 0.375000 0.564453 0.218750 0.191406
1 0.882812 0.529297 0.234375 0.253906
0 0.664062 0.177734 0.234375 0.074219
1 0.164062 0.576172 0.195312 0.152344
0 0.570312 0.474609 0.085938 0.050781
1 0.714844 0.607422 0.125000 0.082031
0 0.341797 0.087891 0.191406 0.089844
1 0.457031 0.318359 0.179688 0.183594
1 0.896484 0.277344 0.207031 0.265625
1 0.673828 0.322266 0.253906 0.191406
0 0.115234 0.144531 0.121094 0.062500
