0 0.591797 0.435547 0.222656 0.207031
0 0.750000 0.326172 0.109375 0.128906
0 0.845703 0.357422 0.082031 0.074219
0 0.859375 0.263672 0.093750 0.050781
0 0.416016 0.500000 0.105469 0.203125
0 0.312500 0.535156 0.093750 0.164062
0 0.228516 0.578125 0.074219 0.109375
0 0.535156 0.562500 0.140625 0.046875
0 0.658203 0.310547 0.082031 0.058594
0 0.750000 0.410156 0.093750 0.046875
0 0.181641 0.589844 0.097656 0.101562
0 0.468750 0.394531 0.101562 0.093750
0 0.613281 0.339844 0.117188 0.085938
0 0.787109 0.261719 0.074219 0.070312
0 0.869141 0.224609 0.050781 0.082031
0 0.921875 0.253906 0.062500 0.078125
0 0.908203 0.351562 0.066406 0.078125
0 0.796875 0.384766 0.093750 0.089844
0 0.707031 0.445312 0.070312 0.078125
0 0.621094 0.533203 0.078125 0.074219
1 0.210938 0.750000 0.398438 0.210938
1 0.503906 0.734375 0.257812 0.242188
1 0.070312 0.509766 0.117188 0.277344
1 0.197266 0.437500 0.121094 0.171875
1 0.308594 0.375000 0.109375 0.140625
