0 0.734375 0.492188 0.281250 0.382812
0 0.376953 0.435547 0.363281 0.394531
0 0.435547 0.169922 0.121094 0.128906
0 0.664062 0.228516 0.296875 0.238281
0 0.384766 0.279297 0.199219 0.222656
0 0.320312 0.277344 0.140625 0.164062
0 0.927734 0.515625 0.144531 0.304688
0 0.570312 0.542969 0.164062 0.398438
0 0.197266 0.484375 0.160156 0.312500
0 0.427734 0.609375 0.207031 0.242188
0 0.117188 0.578125 0.125000 0.179688
0 0.355469 0.650391 0.187500 0.105469
0 0.408203 0.193359 0.121094 0.105469
0 0.685547 0.669922 0.144531 0.113281
1 0.583984 0.861328 0.238281 0.199219
1 0.890625 0.812500 0.218750 0.242188
1 0.781250 0.871094 0.203125 0.257812
1 0.277344 0.828125 0.257812 0.156250
