0 0.578125 0.578125 0.093750 0.281250
0 0.685547 0.625000 0.128906 0.187500
0 0.773438 0.630859 0.093750 0.183594
0 0.470703 0.574219 0.128906 0.289062
0 0.361328 0.501953 0.066406 0.144531
0 0.414062 0.621094 0.109375 0.156250
0 0.826172 0.642578 0.058594 0.136719
0 0.873047 0.658203 0.027344 0.105469
0 0.871094 0.660156 0.085938 0.093750
0 0.730469 0.931641 0.062500 0.136719
0 0.775391 0.953125 0.027344 0.093750
0 0.707031 0.937500 0.062500 0.109375
0 0.708984 0.488281 0.167969 0.125000
1 0.181641 0.830078 0.355469 0.339844
1 0.269531 0.558594 0.085938 0.250000
1 0.515625 0.863281 0.296875 0.273438
1 0.826172 0.791016 0.332031 0.128906
1 0.912109 0.927734 0.175781 0.136719
1 0.960938 0.632812 0.078125 0.195312
