0 0.503906 0.537109 0.242188 0.160156
0 0.449219 0.375000 0.117188 0.226562
0 0.466797 0.195312 0.097656 0.140625
0 0.476562 0.076172 0.101562 0.144531
0 0.740234 0.539062 0.230469 0.093750
0 0.800781 0.564453 0.078125 0.300781
1 0.132812 0.457031 0.257812 0.507812
1 0.500000 0.751953 0.445312 0.238281
1 0.207031 0.144531 0.398438 0.273438
1 0.818359 0.291016 0.058594 0.285156
1 0.923828 0.421875 0.152344 0.578125
1 0.861328 0.863281 0.253906 0.273438
1 0.662109 0.205078 0.253906 0.402344
1 0.693359 0.400391 0.136719 0.191406
1 0.886719 0.089844 0.210938 0.171875
1 0.310547 0.421875 0.121094 0.312500
1 0.169922 0.835938 0.300781 0.328125
1 0.552734 0.898438 0.449219 0.203125
