0 0.386719 0.484375 0.117188 0.078125
0 0.460938 0.560547 0.171875 0.058594
0 0.462891 0.656250 0.160156 0.109375
0 0.794922 0.039062 0.105469 0.039062
0 0.292969 0.294922 0.148438 0.097656
0 0.369141 0.375000 0.128906 0.062500
0 0.585938 0.656250 0.109375 0.109375
0 0.328125 0.607422 0.125000 0.058594
0 0.441406 0.306641 0.109375 0.042969
1 0.296875 0.123047 0.218750 0.230469
1 0.822266 0.796875 0.355469 0.390625
1 0.462891 0.857422 0.472656 0.277344
1 0.121094 0.656250 0.234375 0.656250
1 0.607422 0.419922 0.191406 0.222656
1 0.669922 0.562500 0.230469 0.078125
1 0.554688 0.117188 0.289062 0.218750
1 0.095703 0.205078 0.183594 0.402344
1 0.843750 0.140625 0.296875 0.156250
1 0.761719 0.367188 0.476562 0.328125
1 0.886719 0.625000 0.226562 0.343750
1 0.275391 0.460938 0.066406 0.218750
1 0.509766 0.429688 0.128906 0.179688
1 0.626953 0.267578 0.191406 0.089844
