0 0.531250 0.453125 0.218750 0.250000
0 0.375000 0.421875 0.093750 0.281250
0 0.623047 0.609375 0.136719 0.062500
0 0.515625 0.263672 0.203125 0.277344
0 0.343750 0.242188 0.171875 0.179688
0 0.341797 0.466797 0.144531 0.214844
0 0.591797 0.623047 0.253906 0.160156
0 0.667969 0.462891 0.101562 0.253906
0 0.634766 0.265625 0.066406 0.140625
1 0.218750 0.250000 0.062500 0.187500
1 0.228516 0.404297 0.097656 0.074219
1 0.250000 0.513672 0.062500 0.121094
1 0.406250 0.734375 0.125000 0.078125
1 0.562500 0.777344 0.109375 0.140625
0 0.697266 0.843750 0.113281 0.250000
1 0.794922 0.935547 0.074219 0.128906
1 0.750000 0.482422 0.062500 0.277344
0 0.531250 0.091797 0.125000 0.066406
1 0.302734 0.628906 0.089844 0.093750
1 0.419922 0.886719 0.066406 0.226562
0 0.406250 0.638672 0.093750 0.121094
