0 0.576172 0.546875 0.183594 0.203125
0 0.417969 0.531250 0.140625 0.109375
0 0.652344 0.410156 0.140625 0.078125
0 0.693359 0.488281 0.082031 0.109375
0 0.580078 0.669922 0.136719 0.105469
0 0.562500 0.771484 0.101562 0.089844
0 0.417969 0.849609 0.257812 0.082031
0 0.748047 0.203125 0.066406 0.046875
0 0.328125 0.531250 0.140625 0.070312
0 0.802734 0.037109 0.128906 0.066406
0 0.792969 0.125000 0.070312 0.109375
0 0.583984 0.443359 0.136719 0.097656
0 0.699219 0.363281 0.078125 0.070312
0 0.179688 0.972656 0.210938 0.054688
0 0.027344 0.908203 0.046875 0.113281
1 0.240234 0.232422 0.464844 0.457031
1 0.126953 0.583984 0.246094 0.253906
0 0.214844 0.748047 0.109375 0.050781
1 0.078125 0.779297 0.148438 0.136719
1 0.216797 0.861328 0.136719 0.160156
0 0.460938 0.582031 0.109375 0.062500
1 0.328125 0.679688 0.148438 0.195312
1 0.878906 0.619141 0.210938 0.753906
1 0.777344 0.765625 0.203125 0.437500
1 0.914062 0.191406 0.156250 0.250000
1 0.935547 0.074219 0.121094 0.140625
1 0.593750 0.164062 0.242188 0.320312
1 0.523438 0.351562 0.125000 0.093750
1 0.443359 0.726562 0.113281 0.148438
1 0.789062 0.445312 0.093750 0.203125
