0 0.654297 0.791016 0.222656 0.097656
0 0.734375 0.603516 0.062500 0.167969
0 0.578125 0.421875 0.046875 0.140625
0 0.294922 0.103516 0.097656 0.121094
0 0.312500 0.218750 0.125000 0.093750
0 0.250000 0.451172 0.093750 0.214844
1 0.046875 0.529297 0.085938 0.316406
0 0.423828 0.634766 0.167969 0.089844
0 0.669922 0.423828 0.183594 0.152344
0 0.158203 0.625000 0.144531 0.156250
0 0.406250 0.720703 0.140625 0.082031
0 0.535156 0.751953 0.093750 0.121094
0 0.794922 0.654297 0.097656 0.175781
0 0.697266 0.839844 0.160156 0.085938
0 0.542969 0.283203 0.218750 0.121094
0 0.345703 0.294922 0.152344 0.097656
0 0.390625 0.220703 0.093750 0.105469
0 0.373047 0.136719 0.089844 0.093750
0 0.218750 0.156250 0.093750 0.125000
0 0.216797 0.294922 0.128906 0.128906
1 0.074219 0.244141 0.140625 0.324219
1 0.884766 0.824219 0.207031 0.156250
1 0.921875 0.611328 0.125000 0.253906
1 0.796875 0.441406 0.062500 0.234375
0 0.306641 0.041016 0.121094 0.074219
1 0.710938 0.173828 0.101562 0.339844
1 0.400391 0.466797 0.199219 0.238281
1 0.605469 0.595703 0.179688 0.183594
1 0.648438 0.689453 0.125000 0.082031
1 0.281250 0.652344 0.078125 0.179688
1 0.152344 0.474609 0.109375 0.136719
1 0.107422 0.857422 0.207031 0.285156
1 0.347656 0.884766 0.273438 0.222656
1 0.640625 0.941406 0.296875 0.109375
1 0.890625 0.939453 0.218750 0.105469
1 0.544922 0.902344 0.136719 0.117188
