0 0.253906 0.095703 0.257812 0.105469
0 0.406250 0.166016 0.125000 0.097656
0 0.478516 0.283203 0.066406 0.292969
0 0.511719 0.316406 0.085938 0.296875
0 0.556641 0.398438 0.105469 0.375000
0 0.404297 0.343750 0.128906 0.265625
0 0.261719 0.318359 0.203125 0.277344
0 0.353516 0.169922 0.105469 0.050781
0 0.488281 0.574219 0.148438 0.289062
0 0.308594 0.500000 0.070312 0.109375
0 0.375000 0.503906 0.062500 0.078125
0 0.218750 0.500000 0.093750 0.125000
0 0.714844 0.525391 0.210938 0.246094
0 0.628906 0.332031 0.132812 0.140625
0 0.683594 0.359375 0.109375 0.078125
0 0.765625 0.384766 0.062500 0.042969
0 0.816406 0.611328 0.117188 0.363281
0 0.882812 0.634766 0.093750 0.355469
0 0.750000 0.687500 0.125000 0.078125
0 0.585938 0.718750 0.046875 0.062500
0 0.517578 0.707031 0.097656 0.101562
0 0.968750 0.781250 0.062500 0.218750
0 0.953125 0.605469 0.093750 0.179688
0 0.669922 0.652344 0.207031 0.179688
0 0.773438 0.781250 0.070312 0.125000
0 0.308594 0.660156 0.234375 0.234375
0 0.701172 0.882812 0.113281 0.132812
0 0.332031 0.888672 0.148438 0.222656
1 0.066406 0.195312 0.109375 0.382812
