0 0.535156 0.478516 0.046875 0.082031
0 0.480469 0.492188 0.054688 0.062500
0 0.568359 0.476562 0.042969 0.054688
0 0.470703 0.482422 0.082031 0.050781
0 0.361328 0.466797 0.050781 0.027344
0 0.914062 0.542969 0.085938 0.101562
1 0.714844 0.585938 0.304688 0.132812
1 0.687500 0.099609 0.304688 0.152344
1 0.851562 0.324219 0.296875 0.320312
1 0.937500 0.681641 0.125000 0.152344
1 0.332031 0.138672 0.421875 0.222656
1 0.580078 0.308594 0.246094 0.250000
1 0.261719 0.349609 0.406250 0.191406
1 0.353516 0.667969 0.550781 0.289062
1 0.167969 0.550781 0.320312 0.242188
1 0.791016 0.818359 0.386719 0.363281
