0 0.470703 0.453125 0.082031 0.062500
0 0.304688 0.457031 0.085938 0.062500
0 0.390625 0.781250 0.203125 0.203125
0 0.576172 0.787109 0.183594 0.144531
0 0.718750 0.791016 0.125000 0.066406
0 0.605469 0.929688 0.148438 0.125000
0 0.757812 0.822266 0.187500 0.082031
0 0.792969 0.935547 0.218750 0.128906
0 0.445312 0.933594 0.257812 0.132812
0 0.933594 0.941406 0.117188 0.117188
0 0.849609 0.863281 0.058594 0.085938
1 0.535156 0.587891 0.257812 0.175781
1 0.808594 0.640625 0.289062 0.156250
1 0.908203 0.701172 0.183594 0.167969
1 0.318359 0.605469 0.214844 0.132812
1 0.591797 0.664062 0.191406 0.093750
1 0.753906 0.718750 0.164062 0.062500
1 0.939453 0.810547 0.113281 0.113281
1 0.210938 0.738281 0.132812 0.218750
0 0.263672 0.912109 0.105469 0.066406
