0 0.525391 0.597656 0.246094 0.273438
0 0.386719 0.082031 0.085938 0.101562
0 0.410156 0.605469 0.109375 0.250000
0 0.550781 0.472656 0.164062 0.085938
0 0.652344 0.619141 0.078125 0.191406
0 0.550781 0.730469 0.171875 0.109375
0 0.464844 0.474609 0.078125 0.082031
0 0.357422 0.107422 0.082031 0.089844
1 0.853516 0.673828 0.292969 0.644531
1 0.378906 0.289062 0.257812 0.234375
1 0.656250 0.216797 0.281250 0.425781
1 0.158203 0.537109 0.300781 0.386719
1 0.355469 0.892578 0.703125 0.191406
1 0.160156 0.201172 0.304688 0.378906
1 0.529297 0.134766 0.175781 0.261719
