0 0.500000 0.531250 0.109375 0.109375
0 0.611328 0.498047 0.097656 0.121094
0 0.140625 0.455078 0.078125 0.097656
0 0.107422 0.943359 0.199219 0.113281
0 0.076172 0.470703 0.121094 0.136719
0 0.462891 0.541016 0.089844 0.089844
0 0.564453 0.494141 0.105469 0.113281
1 0.437500 0.187500 0.859375 0.359375
1 0.501953 0.750000 0.996094 0.265625
1 0.314453 0.486328 0.152344 0.246094
1 0.847656 0.529297 0.296875 0.324219
1 0.933594 0.187500 0.132812 0.359375
1 0.126953 0.585938 0.246094 0.062500
1 0.234375 0.517578 0.140625 0.066406
1 0.607422 0.939453 0.785156 0.105469
