0 0.515625 0.361328 0.140625 0.160156
0 0.611328 0.472656 0.105469 0.335938
0 0.687500 0.587891 0.093750 0.292969
0 0.755859 0.650391 0.082031 0.230469
0 0.390625 0.394531 0.125000 0.140625
0 0.494141 0.517578 0.230469 0.121094
0 0.535156 0.478516 0.109375 0.097656
0 0.562500 0.613281 0.132812 0.093750
0 0.533203 0.634766 0.144531 0.113281
0 0.343750 0.140625 0.031250 0.093750
0 0.384766 0.132812 0.105469 0.070312
0 0.496094 0.156250 0.148438 0.070312
0 0.546875 0.705078 0.132812 0.082031
1 0.685547 0.875000 0.433594 0.218750
1 0.423828 0.681641 0.074219 0.207031
1 0.535156 0.236328 0.148438 0.082031
