0 0.609375 0.390625 0.062500 0.046875
0 0.658203 0.390625 0.035156 0.031250
0 0.650391 0.529297 0.050781 0.066406
0 0.701172 0.527344 0.042969 0.078125
0 0.742188 0.515625 0.031250 0.062500
0 0.775391 0.500000 0.019531 0.062500
0 0.808594 0.484375 0.039062 0.031250
0 0.857422 0.482422 0.058594 0.027344
0 0.593750 0.529297 0.046875 0.035156
0 0.542969 0.531250 0.062500 0.031250
0 0.498047 0.546875 0.019531 0.031250
0 0.445312 0.568359 0.023438 0.027344
0 0.216797 0.607422 0.011719 0.050781
0 0.197266 0.625000 0.027344 0.046875
0 0.421875 0.855469 0.078125 0.281250
0 0.511719 0.775391 0.093750 0.175781
0 0.591797 0.732422 0.066406 0.160156
0 0.656250 0.714844 0.046875 0.156250
0 0.718750 0.691406 0.062500 0.156250
0 0.773438 0.654297 0.031250 0.074219
0 0.796875 0.623047 0.015625 0.027344
0 0.775391 0.734375 0.027344 0.046875
0 0.810547 0.718750 0.027344 0.046875
0 0.525391 0.669922 0.050781 0.027344
0 0.451172 0.703125 0.027344 0.015625
0 0.341797 0.884766 0.074219 0.230469
0 0.074219 0.904297 0.140625 0.191406
0 0.242188 0.888672 0.179688 0.222656
0 0.960938 0.871094 0.078125 0.062500
0 0.498047 0.921875 0.066406 0.109375
0 0.546875 0.906250 0.031250 0.031250
0 0.234375 0.480469 0.046875 0.031250
1 0.062500 0.656250 0.109375 0.250000
1 0.341797 0.578125 0.121094 0.234375
1 0.214844 0.718750 0.179688 0.109375
1 0.210938 0.503906 0.164062 0.093750
1 0.541016 0.603516 0.246094 0.042969
1 0.441406 0.652344 0.078125 0.070312
1 0.921875 0.667969 0.156250 0.304688
1 0.763672 0.906250 0.246094 0.187500
1 0.607422 0.916016 0.066406 0.167969
1 0.783203 0.792969 0.152344 0.039062
1 0.812500 0.562500 0.078125 0.078125
1 0.734375 0.589844 0.125000 0.039062
1 0.951172 0.478516 0.097656 0.089844
