0 0.878906 0.857422 0.242188 0.253906
0 0.294922 0.916016 0.214844 0.089844
0 0.373047 0.947266 0.246094 0.105469
0 0.960938 0.292969 0.078125 0.250000
0 0.835938 0.283203 0.164062 0.128906
0 0.386719 0.494141 0.265625 0.175781
0 0.498047 0.416016 0.152344 0.105469
0 0.921875 0.134766 0.156250 0.160156
0 0.609375 0.173828 0.390625 0.339844
0 0.400391 0.312500 0.175781 0.093750
0 0.832031 0.197266 0.148438 0.097656
0 0.626953 0.388672 0.144531 0.097656
1 0.746094 0.589844 0.328125 0.273438
1 0.910156 0.556641 0.179688 0.238281
1 0.373047 0.712891 0.402344 0.261719
1 0.638672 0.814453 0.167969 0.160156
1 0.208984 0.138672 0.410156 0.253906
1 0.130859 0.431641 0.246094 0.363281
1 0.095703 0.781250 0.175781 0.359375
1 0.248047 0.320312 0.128906 0.171875
1 0.816406 0.402344 0.203125 0.093750
