0 0.546875 0.523438 0.218750 0.289062
0 0.750000 0.480469 0.195312 0.312500
0 0.908203 0.373047 0.175781 0.253906
0 0.330078 0.572266 0.199219 0.214844
0 0.181641 0.589844 0.105469 0.203125
0 0.068359 0.589844 0.128906 0.171875
0 0.357422 0.710938 0.128906 0.054688
0 0.605469 0.400391 0.125000 0.113281
0 0.898438 0.757812 0.062500 0.078125
1 0.335938 0.246094 0.398438 0.250000
1 0.310547 0.400391 0.144531 0.136719
0 0.457031 0.455078 0.140625 0.066406
0 0.197266 0.412109 0.066406 0.050781
1 0.107422 0.371094 0.097656 0.257812
1 0.650391 0.839844 0.433594 0.320312
1 0.925781 0.609375 0.148438 0.218750
1 0.148438 0.859375 0.289062 0.281250
0 0.273438 0.664062 0.109375 0.078125
