0 0.589844 0.367188 0.445312 0.187500
0 0.291016 0.375000 0.144531 0.187500
0 0.669922 0.513672 0.285156 0.097656
0 0.835938 0.421875 0.054688 0.140625
0 0.468750 0.500000 0.093750 0.093750
0 0.220703 0.511719 0.144531 0.085938
0 0.154297 0.359375 0.144531 0.109375
0 0.687500 0.611328 0.328125 0.121094
0 0.837891 0.525391 0.042969 0.066406
0 0.578125 0.234375 0.406250 0.093750
0 0.306641 0.250000 0.121094 0.062500
0 0.359375 0.498047 0.125000 0.066406
0 0.148438 0.449219 0.132812 0.101562
1 0.554688 0.138672 0.281250 0.082031
1 0.404297 0.642578 0.230469 0.167969
1 0.656250 0.750000 0.265625 0.148438
0 0.832031 0.667969 0.070312 0.140625
1 0.197266 0.621094 0.222656 0.117188
1 0.041016 0.443359 0.074219 0.308594
1 0.320312 0.185547 0.109375 0.066406
1 0.175781 0.236328 0.148438 0.050781
1 0.851562 0.224609 0.140625 0.097656
1 0.875000 0.287109 0.117188 0.121094
1 0.744141 0.142578 0.097656 0.074219
