0 0.390625 0.642578 0.203125 0.082031
0 0.531250 0.669922 0.062500 0.089844
0 0.218750 0.656250 0.140625 0.062500
0 0.130859 0.664062 0.082031 0.164062
0 0.158203 0.681641 0.136719 0.074219
0 0.869141 0.968750 0.261719 0.062500
0 0.970703 0.855469 0.058594 0.171875
0 0.902344 0.902344 0.101562 0.070312
0 0.574219 0.681641 0.093750 0.074219
0 0.962891 0.714844 0.074219 0.109375
0 0.894531 0.669922 0.078125 0.050781
1 0.582031 0.880859 0.312500 0.199219
1 0.574219 0.789062 0.125000 0.125000
1 0.794922 0.857422 0.105469 0.144531
1 0.339844 0.931641 0.312500 0.136719
0 0.349609 0.441406 0.089844 0.046875
