0 0.402344 0.296875 0.273438 0.187500
0 0.142578 0.355469 0.277344 0.132812
0 0.636719 0.326172 0.203125 0.128906
0 0.703125 0.544922 0.187500 0.324219
0 0.734375 0.744141 0.156250 0.167969
0 0.902344 0.593750 0.085938 0.125000
0 0.656250 0.187500 0.078125 0.132812
0 0.447266 0.111328 0.136719 0.214844
0 0.421875 0.546875 0.140625 0.312500
0 0.322266 0.421875 0.113281 0.125000
0 0.513672 0.453125 0.113281 0.218750
0 0.308594 0.212891 0.148438 0.136719
0 0.171875 0.251953 0.156250 0.128906
0 0.046875 0.449219 0.085938 0.078125
0 0.033203 0.625000 0.058594 0.218750
0 0.324219 0.560547 0.093750 0.089844
0 0.558594 0.679688 0.125000 0.234375
0 0.248047 0.625000 0.097656 0.078125
0 0.181641 0.681641 0.074219 0.074219
0 0.109375 0.734375 0.078125 0.078125
0 0.056641 0.812500 0.074219 0.109375
0 0.578125 0.216797 0.125000 0.144531
0 0.906250 0.064453 0.078125 0.121094
0 0.953125 0.179688 0.093750 0.078125
1 0.875000 0.398438 0.140625 0.265625
1 0.906250 0.781250 0.171875 0.218750
0 0.765625 0.251953 0.062500 0.058594
0 0.978516 0.375000 0.042969 0.093750
1 0.189453 0.066406 0.363281 0.125000
1 0.046875 0.212891 0.085938 0.144531
1 0.181641 0.500000 0.167969 0.156250
1 0.134766 0.591797 0.121094 0.097656
1 0.107422 0.654297 0.074219 0.082031
1 0.326172 0.859375 0.332031 0.281250
1 0.574219 0.902344 0.140625 0.195312
1 0.826172 0.917969 0.339844 0.164062
0 0.839844 0.603516 0.117188 0.105469
1 0.294922 0.718750 0.121094 0.093750
1 0.781250 0.107422 0.156250 0.199219
1 0.613281 0.056641 0.187500 0.105469
