0 0.513672 0.251953 0.230469 0.417969
0 0.312500 0.263672 0.156250 0.332031
0 0.218750 0.378906 0.062500 0.195312
0 0.349609 0.449219 0.097656 0.203125
0 0.431641 0.576172 0.066406 0.222656
0 0.160156 0.410156 0.054688 0.156250
0 0.099609 0.419922 0.042969 0.121094
0 0.318359 0.097656 0.066406 0.078125
0 0.289062 0.238281 0.132812 0.085938
0 0.652344 0.179688 0.039062 0.023438
0 0.703125 0.335938 0.062500 0.250000
0 0.667969 0.451172 0.093750 0.363281
0 0.763672 0.609375 0.097656 0.281250
0 0.488281 0.578125 0.140625 0.242188
0 0.728516 0.396484 0.113281 0.136719
0 0.835938 0.658203 0.164062 0.355469
0 0.771484 0.753906 0.097656 0.117188
1 0.130859 0.750000 0.199219 0.500000
1 0.451172 0.851562 0.433594 0.296875
1 0.298828 0.630859 0.136719 0.144531
1 0.839844 0.916016 0.320312 0.128906
