0 0.439453 0.611328 0.152344 0.128906
0 0.554688 0.619141 0.078125 0.089844
0 0.578125 0.609375 0.125000 0.046875
0 0.658203 0.593750 0.042969 0.046875
0 0.703125 0.585938 0.046875 0.031250
0 0.710938 0.568359 0.125000 0.035156
0 0.328125 0.654297 0.078125 0.121094
0 0.253906 0.671875 0.078125 0.109375
0 0.185547 0.685547 0.074219 0.082031
0 0.148438 0.697266 0.140625 0.089844
0 0.363281 0.662109 0.125000 0.082031
0 0.394531 0.576172 0.148438 0.042969
1 0.482422 0.482422 0.175781 0.097656
1 0.689453 0.511719 0.238281 0.070312
1 0.175781 0.792969 0.320312 0.101562
1 0.357422 0.765625 0.191406 0.085938
1 0.533203 0.736328 0.191406 0.105469
1 0.224609 0.574219 0.113281 0.070312
1 0.125000 0.601562 0.171875 0.070312
1 0.039062 0.695312 0.070312 0.117188
1 0.871094 0.476562 0.257812 0.148438
