0 0.416016 0.343750 0.183594 0.125000
0 0.683594 0.279297 0.132812 0.058594
0 0.417969 0.171875 0.062500 0.031250
0 0.591797 0.304688 0.152344 0.226562
0 0.244141 0.337891 0.222656 0.128906
0 0.093750 0.349609 0.132812 0.105469
0 0.470703 0.550781 0.152344 0.109375
0 0.431641 0.601562 0.121094 0.125000
1 0.632812 0.101562 0.296875 0.164062
1 0.273438 0.195312 0.195312 0.156250
1 0.845703 0.167969 0.144531 0.117188
0 0.822266 0.250000 0.128906 0.062500
1 0.447266 0.099609 0.167969 0.097656
1 0.453125 0.230469 0.132812 0.078125
1 0.615234 0.486328 0.089844 0.121094
1 0.185547 0.503906 0.363281 0.195312
1 0.947266 0.333984 0.105469 0.199219
1 0.835938 0.378906 0.125000 0.164062
1 0.876953 0.779297 0.230469 0.246094
1 0.757812 0.550781 0.117188 0.218750
1 0.718750 0.833984 0.304688 0.332031
1 0.185547 0.796875 0.363281 0.390625
1 0.500000 0.835938 0.242188 0.328125
1 0.673828 0.626953 0.230469 0.144531
