0 0.375000 0.406250 0.500000 0.265625
0 0.697266 0.421875 0.136719 0.281250
0 0.810547 0.429688 0.144531 0.218750
0 0.214844 0.359375 0.312500 0.125000
0 0.156250 0.087891 0.218750 0.074219
0 0.384766 0.048828 0.230469 0.089844
0 0.185547 0.031250 0.160156 0.031250
0 0.859375 0.058594 0.203125 0.109375
0 0.666016 0.046875 0.183594 0.085938
0 0.921875 0.464844 0.093750 0.117188
0 0.386719 0.541016 0.460938 0.105469
1 0.203125 0.201172 0.390625 0.128906
1 0.578125 0.187500 0.343750 0.156250
1 0.875000 0.218750 0.234375 0.187500
1 0.939453 0.324219 0.113281 0.171875
1 0.873047 0.634766 0.253906 0.144531
1 0.542969 0.642578 0.429688 0.097656
1 0.060547 0.542969 0.113281 0.226562
