0 0.398438 0.685547 0.078125 0.230469
0 0.669922 0.779297 0.097656 0.191406
0 0.720703 0.812500 0.097656 0.187500
0 0.759766 0.824219 0.082031 0.101562
0 0.423828 0.625000 0.074219 0.125000
0 0.617188 0.357422 0.171875 0.183594
0 0.542969 0.162109 0.132812 0.113281
0 0.324219 0.310547 0.109375 0.113281
0 0.359375 0.673828 0.093750 0.152344
0 0.277344 0.181641 0.125000 0.128906
1 0.191406 0.054688 0.328125 0.101562
1 0.574219 0.048828 0.335938 0.089844
1 0.689453 0.179688 0.152344 0.164062
1 0.158203 0.595703 0.308594 0.441406
1 0.462891 0.408203 0.144531 0.277344
1 0.935547 0.580078 0.128906 0.246094
1 0.529297 0.796875 0.167969 0.234375
1 0.744141 0.953125 0.332031 0.093750
1 0.906250 0.875000 0.187500 0.218750
