0 0.515625 0.341797 0.156250 0.191406
0 0.656250 0.390625 0.109375 0.281250
0 0.777344 0.353516 0.132812 0.183594
0 0.921875 0.343750 0.140625 0.140625
0 0.523438 0.421875 0.140625 0.109375
0 0.595703 0.560547 0.089844 0.058594
0 0.265625 0.343750 0.109375 0.093750
0 0.367188 0.328125 0.109375 0.062500
0 0.189453 0.369141 0.074219 0.097656
0 0.398438 0.337891 0.140625 0.136719
0 0.437500 0.296875 0.062500 0.078125
0 0.714844 0.423828 0.085938 0.121094
0 0.859375 0.404297 0.078125 0.066406
0 0.640625 0.492188 0.062500 0.125000
0 0.339844 0.625000 0.046875 0.031250
0 0.312500 0.652344 0.062500 0.039062
0 0.904297 0.185547 0.121094 0.058594
1 0.130859 0.669922 0.253906 0.347656
0 0.304688 0.203125 0.062500 0.031250
