0 0.375000 0.304688 0.578125 0.203125
0 0.779297 0.703125 0.433594 0.578125
0 0.816406 0.310547 0.359375 0.199219
0 0.468750 0.451172 0.171875 0.074219
0 0.607422 0.626953 0.230469 0.292969
0 0.103516 0.251953 0.136719 0.082031
0 0.125000 0.343750 0.132812 0.093750
0 0.451172 0.203125 0.339844 0.140625
1 0.250000 0.476562 0.265625 0.132812
1 0.437500 0.636719 0.109375 0.289062
1 0.470703 0.890625 0.167969 0.218750
0 0.679688 0.074219 0.195312 0.093750
0 0.638672 0.210938 0.089844 0.148438
1 0.792969 0.167969 0.164062 0.085938
1 0.464844 0.080078 0.234375 0.105469
0 0.294922 0.228516 0.167969 0.128906
