0 0.576172 0.648438 0.316406 0.132812
0 0.562500 0.560547 0.281250 0.042969
0 0.607422 0.716797 0.246094 0.113281
0 0.828125 0.654297 0.171875 0.222656
0 0.960938 0.652344 0.078125 0.203125
0 0.906250 0.810547 0.046875 0.074219
0 0.953125 0.773438 0.078125 0.156250
0 0.929688 0.554688 0.132812 0.117188
0 0.806641 0.523438 0.113281 0.046875
0 0.812500 0.767578 0.125000 0.121094
0 0.667969 0.730469 0.195312 0.148438
0 0.607422 0.548828 0.300781 0.089844
0 0.417969 0.578125 0.070312 0.062500
0 0.531250 0.341797 0.078125 0.121094
0 0.593750 0.335938 0.046875 0.132812
0 0.656250 0.343750 0.046875 0.109375
0 0.687500 0.359375 0.046875 0.125000
0 0.478516 0.359375 0.105469 0.093750
0 0.423828 0.375000 0.074219 0.078125
0 0.232422 0.375000 0.113281 0.062500
0 0.125000 0.390625 0.093750 0.062500
0 0.046875 0.390625 0.062500 0.046875
1 0.281250 0.701172 0.218750 0.566406
1 0.337891 0.308594 0.082031 0.218750
1 0.152344 0.279297 0.296875 0.113281
1 0.431641 0.230469 0.113281 0.148438
1 0.554688 0.197266 0.125000 0.152344
1 0.861328 0.378906 0.269531 0.218750
1 0.558594 0.460938 0.328125 0.070312
1 0.093750 0.171875 0.179688 0.093750
1 0.810547 0.203125 0.378906 0.156250
