0 0.511719 0.648438 0.171875 0.140625
0 0.623047 0.673828 0.074219 0.160156
0 0.683594 0.720703 0.125000 0.097656
0 0.779297 0.697266 0.058594 0.074219
0 0.699219 0.656250 0.078125 0.054688
0 0.392578 0.667969 0.113281 0.117188
0 0.806641 0.697266 0.066406 0.050781
1 0.482422 0.541016 0.136719 0.066406
0 0.931641 0.585938 0.128906 0.054688
0 0.835938 0.560547 0.070312 0.058594
1 0.917969 0.656250 0.156250 0.093750
1 0.724609 0.558594 0.144531 0.117188
1 0.798828 0.623047 0.105469 0.066406
1 0.333984 0.554688 0.183594 0.109375
1 0.205078 0.634766 0.253906 0.175781
1 0.203125 0.777344 0.265625 0.140625
1 0.455078 0.765625 0.214844 0.085938
