0 0.556641 0.574219 0.175781 0.500000
0 0.402344 0.556641 0.132812 0.449219
0 0.656250 0.281250 0.093750 0.093750
0 0.611328 0.542969 0.183594 0.515625
0 0.529297 0.855469 0.214844 0.140625
1 0.162109 0.517578 0.316406 0.472656
1 0.173828 0.851562 0.308594 0.296875
1 0.347656 0.890625 0.140625 0.218750
1 0.693359 0.896484 0.089844 0.191406
1 0.546875 0.964844 0.250000 0.070312
1 0.419922 0.164062 0.199219 0.320312
1 0.607422 0.121094 0.175781 0.203125
1 0.523438 0.240234 0.164062 0.082031
1 0.806641 0.613281 0.183594 0.546875
