0 0.685547 0.390625 0.214844 0.421875
0 0.841797 0.566406 0.097656 0.609375
0 0.710938 0.720703 0.156250 0.222656
0 0.517578 0.398438 0.128906 0.406250
0 0.400391 0.472656 0.121094 0.265625
0 0.292969 0.560547 0.140625 0.261719
0 0.806641 0.027344 0.136719 0.046875
0 0.564453 0.191406 0.160156 0.117188
0 0.742188 0.248047 0.156250 0.191406
0 0.775391 0.904297 0.261719 0.191406
0 0.341797 0.412109 0.175781 0.105469
0 0.507812 0.320312 0.203125 0.164062
0 0.394531 0.345703 0.117188 0.136719
0 0.808594 0.056641 0.101562 0.058594
1 0.501953 0.804688 0.246094 0.390625
1 0.257812 0.849609 0.367188 0.300781
0 0.230469 0.593750 0.156250 0.195312
0 0.908203 0.517578 0.082031 0.371094
0 0.898438 0.783203 0.109375 0.214844
1 0.093750 0.646484 0.109375 0.199219
1 0.080078 0.875000 0.152344 0.226562
