0 0.451172 0.468750 0.160156 0.125000
0 0.337891 0.296875 0.113281 0.093750
0 0.421875 0.294922 0.062500 0.082031
0 0.296875 0.669922 0.203125 0.183594
0 0.568359 0.486328 0.113281 0.238281
0 0.412109 0.574219 0.199219 0.187500
0 0.287109 0.781250 0.136719 0.156250
0 0.427734 0.689453 0.121094 0.105469
0 0.210938 0.718750 0.132812 0.195312
1 0.599609 0.726562 0.167969 0.218750
1 0.691406 0.525391 0.132812 0.332031
1 0.558594 0.275391 0.164062 0.167969
0 0.447266 0.382812 0.066406 0.132812
1 0.314453 0.126953 0.308594 0.230469
1 0.197266 0.408203 0.160156 0.324219
1 0.306641 0.414062 0.128906 0.125000
1 0.492188 0.820312 0.179688 0.140625
1 0.404297 0.849609 0.089844 0.160156
1 0.250000 0.917969 0.335938 0.101562
0 0.097656 0.699219 0.179688 0.257812
1 0.746094 0.328125 0.218750 0.226562
1 0.617188 0.134766 0.281250 0.222656
