0 0.531250 0.402344 0.031250 0.031250
0 0.544922 0.482422 0.105469 0.058594
0 0.382812 0.480469 0.203125 0.070312
0 0.642578 0.484375 0.066406 0.046875
0 0.966797 0.605469 0.066406 0.039062
0 0.525391 0.562500 0.066406 0.062500
0 0.236328 0.578125 0.058594 0.031250
0 0.574219 0.388672 0.085938 0.074219
0 0.720703 0.564453 0.128906 0.027344
0 0.291016 0.390625 0.097656 0.046875
0 0.158203 0.390625 0.082031 0.046875
1 0.142578 0.492188 0.277344 0.117188
1 0.378906 0.640625 0.203125 0.234375
1 0.859375 0.587891 0.140625 0.136719
1 0.611328 0.591797 0.089844 0.152344
1 0.730469 0.669922 0.164062 0.160156
1 0.248047 0.804688 0.480469 0.390625
