0 0.544922 0.433594 0.089844 0.070312
0 0.623047 0.468750 0.066406 0.062500
0 0.496094 0.548828 0.062500 0.144531
0 0.535156 0.539062 0.070312 0.109375
0 0.441406 0.556641 0.031250 0.066406
0 0.449219 0.156250 0.203125 0.109375
0 0.546875 0.226562 0.164062 0.179688
0 0.671875 0.242188 0.125000 0.164062
0 0.767578 0.250000 0.066406 0.140625
0 0.855469 0.265625 0.093750 0.125000
0 0.949219 0.322266 0.093750 0.121094
0 0.923828 0.236328 0.035156 0.050781
0 0.835938 0.308594 0.132812 0.101562
0 0.425781 0.269531 0.156250 0.109375
1 0.175781 0.347656 0.335938 0.320312
1 0.835938 0.666016 0.328125 0.550781
1 0.589844 0.785156 0.468750 0.312500
1 0.210938 0.740234 0.414062 0.480469
1 0.328125 0.416016 0.273438 0.183594
1 0.691406 0.587891 0.226562 0.175781
1 0.679688 0.382812 0.148438 0.093750
1 0.541016 0.363281 0.144531 0.078125
