0 0.628906 0.439453 0.078125 0.058594
0 0.681641 0.375000 0.042969 0.031250
0 0.640625 0.400391 0.031250 0.027344
0 0.691406 0.548828 0.093750 0.066406
0 0.816406 0.310547 0.093750 0.027344
0 0.527344 0.767578 0.062500 0.058594
0 0.375000 0.968750 0.062500 0.062500
0 0.429688 0.656250 0.070312 0.078125
0 0.400391 0.919922 0.074219 0.042969
1 0.580078 0.580078 0.121094 0.152344
1 0.828125 0.378906 0.125000 0.085938
1 0.712891 0.455078 0.082031 0.121094
1 0.775391 0.556641 0.058594 0.105469
1 0.697266 0.625000 0.105469 0.062500
1 0.578125 0.697266 0.203125 0.074219
1 0.515625 0.605469 0.093750 0.109375
1 0.390625 0.775391 0.187500 0.136719
1 0.603516 0.775391 0.082031 0.089844
1 0.533203 0.861328 0.097656 0.121094
1 0.376953 0.859375 0.261719 0.062500
1 0.203125 0.843750 0.109375 0.203125
1 0.292969 0.779297 0.093750 0.136719
1 0.304688 0.978516 0.101562 0.042969
1 0.787109 0.464844 0.082031 0.117188
1 0.564453 0.363281 0.082031 0.078125
1 0.123047 0.900391 0.222656 0.183594
1 0.492188 0.945312 0.093750 0.109375
1 0.453125 0.974609 0.078125 0.050781
