0 0.464844 0.328125 0.250000 0.218750
0 0.312500 0.439453 0.062500 0.253906
0 0.466797 0.564453 0.246094 0.253906
0 0.275391 0.478516 0.097656 0.199219
0 0.455078 0.273438 0.183594 0.218750
0 0.449219 0.671875 0.179688 0.140625
0 0.523438 0.775391 0.140625 0.207031
0 0.298828 0.408203 0.082031 0.121094
0 0.228516 0.517578 0.105469 0.136719
1 0.675781 0.439453 0.164062 0.324219
1 0.701172 0.730469 0.199219 0.335938
1 0.171875 0.794922 0.328125 0.394531
1 0.541016 0.937500 0.128906 0.093750
1 0.087891 0.343750 0.167969 0.507812
0 0.507812 0.214844 0.078125 0.140625
1 0.250000 0.208984 0.164062 0.191406
1 0.187500 0.337891 0.132812 0.082031
