0 0.509766 0.482422 0.175781 0.222656
0 0.693359 0.500000 0.183594 0.148438
0 0.570312 0.337891 0.164062 0.058594
0 0.248047 0.421875 0.136719 0.078125
0 0.361328 0.423828 0.113281 0.082031
1 0.326172 0.626953 0.183594 0.324219
1 0.574219 0.697266 0.304688 0.214844
1 0.146484 0.718750 0.277344 0.335938
1 0.527344 0.886719 0.460938 0.210938
1 0.128906 0.410156 0.203125 0.078125
1 0.837891 0.564453 0.089844 0.128906
1 0.750000 0.640625 0.140625 0.132812
1 0.560547 0.275391 0.105469 0.097656
1 0.207031 0.890625 0.406250 0.203125
1 0.783203 0.937500 0.183594 0.125000
