0 0.484375 0.187500 0.234375 0.140625
0 0.449219 0.585938 0.164062 0.140625
0 0.492188 0.732422 0.179688 0.128906
0 0.494141 0.845703 0.214844 0.097656
0 0.654297 0.947266 0.199219 0.105469
0 0.617188 0.617188 0.156250 0.132812
0 0.671875 0.781250 0.187500 0.218750
0 0.496094 0.324219 0.242188 0.132812
1 0.187500 0.527344 0.359375 0.648438
1 0.203125 0.867188 0.390625 0.265625
1 0.875000 0.654297 0.234375 0.691406
1 0.753906 0.566406 0.109375 0.210938
1 0.718750 0.310547 0.203125 0.300781
1 0.472656 0.060547 0.304688 0.113281
1 0.529297 0.457031 0.308594 0.117188
1 0.875000 0.183594 0.234375 0.351562
1 0.718750 0.111328 0.187500 0.207031
1 0.185547 0.136719 0.339844 0.171875
