0 0.593750 0.605469 0.078125 0.109375
0 0.642578 0.593750 0.082031 0.093750
0 0.527344 0.609375 0.117188 0.109375
0 0.480469 0.744141 0.046875 0.144531
0 0.500000 0.734375 0.062500 0.109375
0 0.435547 0.773438 0.074219 0.109375
0 0.357422 0.429688 0.113281 0.046875
0 0.462891 0.404297 0.097656 0.042969
0 0.626953 0.390625 0.066406 0.046875
0 0.689453 0.617188 0.058594 0.070312
0 0.718750 0.513672 0.070312 0.066406
0 0.845703 0.498047 0.074219 0.074219
0 0.271484 0.451172 0.082031 0.042969
0 0.363281 0.457031 0.117188 0.031250
0 0.589844 0.306641 0.109375 0.042969
0 0.537109 0.326172 0.097656 0.042969
0 0.509766 0.400391 0.042969 0.089844
0 0.435547 0.431641 0.066406 0.058594
1 0.613281 0.482422 0.140625 0.128906
1 0.722656 0.419922 0.101562 0.121094
0 0.470703 0.185547 0.082031 0.042969
1 0.486328 0.505859 0.121094 0.089844
1 0.375000 0.585938 0.132812 0.218750
1 0.275391 0.583984 0.113281 0.214844
1 0.357422 0.306641 0.097656 0.175781
0 0.242188 0.373047 0.101562 0.113281
1 0.583984 0.242188 0.136719 0.070312
1 0.839844 0.419922 0.125000 0.074219
1 0.781250 0.542969 0.054688 0.140625
0 0.611328 0.683594 0.058594 0.046875
0 0.689453 0.673828 0.058594 0.050781
1 0.828125 0.621094 0.203125 0.125000
1 0.933594 0.482422 0.085938 0.238281
1 0.865234 0.589844 0.113281 0.109375
1 0.447266 0.294922 0.074219 0.152344
1 0.498047 0.255859 0.082031 0.097656
1 0.134766 0.546875 0.183594 0.273438
1 0.560547 0.712891 0.050781 0.097656
1 0.716797 0.287109 0.105469 0.152344
1 0.580078 0.169922 0.128906 0.066406
1 0.363281 0.158203 0.109375 0.128906
1 0.281250 0.240234 0.101562 0.144531
1 0.097656 0.816406 0.171875 0.304688
