0 0.531250 0.712891 0.265625 0.089844
0 0.703125 0.714844 0.062500 0.093750
0 0.734375 0.359375 0.250000 0.125000
0 0.921875 0.378906 0.156250 0.078125
0 0.558594 0.339844 0.109375 0.101562
0 0.136719 0.378906 0.171875 0.046875
0 0.390625 0.720703 0.046875 0.066406
0 0.767578 0.701172 0.097656 0.097656
0 0.203125 0.367188 0.140625 0.046875
0 0.330078 0.267578 0.113281 0.082031
0 0.455078 0.302734 0.136719 0.074219
0 0.953125 0.253906 0.093750 0.039062
0 0.873047 0.267578 0.082031 0.042969
0 0.953125 0.294922 0.078125 0.035156
0 0.228516 0.259766 0.105469 0.042969
0 0.453125 0.654297 0.109375 0.066406
0 0.529297 0.765625 0.082031 0.062500
0 0.859375 0.716797 0.078125 0.066406
0 0.416016 0.501953 0.089844 0.050781
0 0.369141 0.326172 0.082031 0.058594
1 0.896484 0.208984 0.191406 0.050781
1 0.742188 0.253906 0.148438 0.078125
1 0.447266 0.058594 0.128906 0.039062
1 0.421875 0.419922 0.117188 0.113281
1 0.541016 0.457031 0.121094 0.125000
1 0.591797 0.625000 0.175781 0.085938
1 0.257812 0.783203 0.218750 0.089844
0 0.355469 0.705078 0.062500 0.042969
1 0.947266 0.718750 0.097656 0.085938
0 0.650391 0.751953 0.089844 0.042969
1 0.876953 0.789062 0.222656 0.070312
