0 0.470703 0.478516 0.105469 0.097656
0 0.580078 0.402344 0.121094 0.054688
0 0.607422 0.361328 0.066406 0.042969
1 0.607422 0.554688 0.144531 0.203125
0 0.453125 0.611328 0.078125 0.058594
1 0.554688 0.722656 0.257812 0.148438
0 0.423828 0.898438 0.105469 0.070312
1 0.808594 0.359375 0.281250 0.187500
1 0.683594 0.400391 0.078125 0.121094
1 0.531250 0.234375 0.093750 0.062500
1 0.656250 0.154297 0.062500 0.058594
1 0.837891 0.734375 0.308594 0.531250
1 0.609375 0.873047 0.250000 0.246094
1 0.361328 0.753906 0.339844 0.203125
1 0.236328 0.906250 0.253906 0.187500
1 0.441406 0.968750 0.156250 0.062500
