0 0.423828 0.509766 0.074219 0.066406
0 0.496094 0.498047 0.109375 0.058594
0 0.839844 0.367188 0.062500 0.031250
0 0.900391 0.375000 0.074219 0.046875
0 0.042969 0.609375 0.078125 0.039062
0 0.121094 0.597656 0.070312 0.039062
0 0.144531 0.687500 0.117188 0.062500
0 0.658203 0.197266 0.089844 0.042969
0 0.486328 0.210938 0.136719 0.070312
1 0.812500 0.191406 0.218750 0.101562
0 0.849609 0.441406 0.292969 0.093750
1 0.490234 0.367188 0.300781 0.187500
1 0.240234 0.443359 0.269531 0.238281
1 0.431641 0.703125 0.425781 0.304688
1 0.177734 0.863281 0.332031 0.273438
