0 0.294922 0.408203 0.199219 0.316406
0 0.353516 0.564453 0.308594 0.082031
0 0.453125 0.351562 0.156250 0.187500
0 0.628906 0.390625 0.171875 0.125000
0 0.750000 0.408203 0.062500 0.097656
0 0.025391 0.263672 0.042969 0.050781
0 0.203125 0.472656 0.132812 0.117188
0 0.433594 0.451172 0.210938 0.113281
0 0.937500 0.728516 0.125000 0.136719
0 0.953125 0.482422 0.078125 0.066406
0 0.726562 0.472656 0.179688 0.109375
0 0.150391 0.271484 0.144531 0.074219
0 0.574219 0.517578 0.148438 0.175781
0 0.365234 0.638672 0.183594 0.160156
0 0.500000 0.611328 0.148438 0.121094
0 0.691406 0.304688 0.171875 0.125000
0 0.500000 0.248047 0.101562 0.082031
0 0.812500 0.507812 0.117188 0.078125
1 0.892578 0.605469 0.160156 0.101562
0 0.341797 0.785156 0.113281 0.109375
0 0.375000 0.132812 0.078125 0.054688
1 0.060547 0.140625 0.089844 0.039062
1 0.072266 0.210938 0.105469 0.046875
1 0.859375 0.359375 0.148438 0.125000
1 0.863281 0.417969 0.085938 0.101562
1 0.826172 0.160156 0.113281 0.039062
1 0.863281 0.289062 0.093750 0.148438
1 0.849609 0.304688 0.128906 0.117188
1 0.492188 0.126953 0.070312 0.035156
1 0.230469 0.142578 0.046875 0.136719
0 0.589844 0.228516 0.070312 0.050781
