0 0.501953 0.517578 0.316406 0.527344
0 0.693359 0.531250 0.160156 0.507812
0 0.298828 0.564453 0.089844 0.410156
0 0.587891 0.746094 0.363281 0.187500
0 0.468750 0.246094 0.242188 0.140625
0 0.810547 0.041016 0.121094 0.074219
0 0.839844 0.783203 0.125000 0.386719
0 0.687500 0.906250 0.234375 0.164062
0 0.242188 0.539062 0.070312 0.351562
0 0.330078 0.335938 0.144531 0.156250
0 0.785156 0.455078 0.101562 0.246094
0 0.460938 0.025391 0.203125 0.042969
1 0.511719 0.914062 0.125000 0.140625
1 0.337891 0.859375 0.144531 0.156250
0 0.917969 0.816406 0.132812 0.148438
1 0.107422 0.851562 0.183594 0.296875
1 0.144531 0.626953 0.125000 0.292969
1 0.220703 0.886719 0.082031 0.203125
1 0.375000 0.951172 0.195312 0.097656
1 0.917969 0.416016 0.164062 0.339844
1 0.953125 0.634766 0.085938 0.214844
0 0.332031 0.218750 0.093750 0.070312
