0 0.437500 0.513672 0.093750 0.214844
0 0.509766 0.587891 0.074219 0.089844
0 0.578125 0.623047 0.062500 0.089844
0 0.625000 0.656250 0.046875 0.093750
0 0.681641 0.681641 0.066406 0.058594
0 0.486328 0.761719 0.097656 0.070312
0 0.574219 0.703125 0.054688 0.046875
0 0.533203 0.703125 0.089844 0.031250
0 0.345703 0.554688 0.089844 0.062500
0 0.388672 0.453125 0.058594 0.046875
0 0.468750 0.435547 0.046875 0.058594
0 0.574219 0.796875 0.054688 0.062500
0 0.513672 0.810547 0.058594 0.027344
0 0.564453 0.591797 0.042969 0.074219
1 0.775391 0.683594 0.113281 0.171875
1 0.654297 0.775391 0.105469 0.113281
1 0.544922 0.500000 0.136719 0.078125
1 0.402344 0.671875 0.171875 0.078125
0 0.533203 0.634766 0.058594 0.050781
1 0.296875 0.466797 0.109375 0.121094
1 0.546875 0.404297 0.109375 0.113281
0 0.378906 0.587891 0.070312 0.050781
1 0.414062 0.341797 0.148438 0.113281
