0 0.455078 0.376953 0.074219 0.222656
0 0.527344 0.439453 0.062500 0.277344
0 0.587891 0.531250 0.058594 0.250000
0 0.650391 0.533203 0.066406 0.214844
0 0.714844 0.546875 0.054688 0.195312
0 0.761719 0.560547 0.039062 0.183594
0 0.804688 0.562500 0.046875 0.140625
0 0.785156 0.560547 0.148438 0.097656
0 0.814453 0.542969 0.144531 0.109375
0 0.500000 0.503906 0.125000 0.109375
0 0.585938 0.560547 0.117188 0.089844
0 0.390625 0.357422 0.046875 0.074219
0 0.292969 0.349609 0.085938 0.066406
0 0.960938 0.609375 0.070312 0.046875
1 0.685547 0.347656 0.222656 0.117188
1 0.859375 0.404297 0.234375 0.113281
1 0.294922 0.482422 0.214844 0.167969
1 0.771484 0.773438 0.457031 0.218750
1 0.949219 0.515625 0.101562 0.109375
1 0.375000 0.664062 0.242188 0.210938
1 0.492188 0.685547 0.132812 0.160156
1 0.181641 0.443359 0.136719 0.199219
