0 0.625000 0.386719 0.078125 0.109375
0 0.687500 0.367188 0.062500 0.085938
0 0.732422 0.373047 0.027344 0.042969
0 0.681641 0.394531 0.050781 0.054688
0 0.562500 0.408203 0.046875 0.128906
0 0.609375 0.435547 0.054688 0.058594
0 0.515625 0.435547 0.046875 0.144531
0 0.468750 0.453125 0.046875 0.140625
0 0.421875 0.447266 0.046875 0.074219
0 0.386719 0.451172 0.039062 0.050781
0 0.433594 0.525391 0.031250 0.066406
0 0.402344 0.531250 0.023438 0.046875
0 0.228516 0.529297 0.113281 0.066406
1 0.203125 0.917969 0.156250 0.164062
1 0.076172 0.951172 0.097656 0.097656
1 0.281250 0.826172 0.125000 0.089844
1 0.156250 0.625000 0.304688 0.085938
1 0.781250 0.328125 0.078125 0.062500
1 0.087891 0.548828 0.167969 0.066406
1 0.294922 0.451172 0.097656 0.089844
