0 0.681641 0.482422 0.292969 0.113281
0 0.455078 0.515625 0.144531 0.078125
0 0.623047 0.562500 0.144531 0.046875
0 0.484375 0.845703 0.109375 0.082031
0 0.363281 0.591797 0.140625 0.207031
0 0.832031 0.484375 0.140625 0.171875
0 0.689453 0.445312 0.175781 0.101562
0 0.263672 0.562500 0.136719 0.078125
0 0.484375 0.572266 0.179688 0.074219
0 0.642578 0.601562 0.121094 0.117188
0 0.521484 0.480469 0.136719 0.101562
1 0.222656 0.271484 0.437500 0.363281
1 0.093750 0.724609 0.179688 0.527344
1 0.300781 0.851562 0.226562 0.296875
1 0.779297 0.835938 0.378906 0.328125
