0 0.228516 0.312500 0.441406 0.078125
0 0.359375 0.466797 0.468750 0.207031
0 0.634766 0.513672 0.152344 0.285156
0 0.750000 0.541016 0.156250 0.214844
0 0.373047 0.617188 0.441406 0.078125
0 0.531250 0.699219 0.531250 0.187500
0 0.859375 0.732422 0.125000 0.269531
0 0.593750 0.828125 0.453125 0.156250
0 0.232422 0.250000 0.277344 0.093750
0 0.468750 0.335938 0.031250 0.046875
0 0.496094 0.341797 0.179688 0.089844
0 0.183594 0.140625 0.171875 0.062500
1 0.306641 0.166016 0.074219 0.082031
0 0.962891 0.787109 0.074219 0.167969
