0 0.759766 0.589844 0.199219 0.085938
0 0.546875 0.423828 0.109375 0.058594
0 0.058594 0.638672 0.109375 0.089844
0 0.138672 0.607422 0.058594 0.050781
0 0.132812 0.757812 0.085938 0.054688
0 0.480469 0.783203 0.109375 0.058594
0 0.716797 0.685547 0.136719 0.089844
0 0.835938 0.789062 0.117188 0.078125
0 0.919922 0.751953 0.074219 0.089844
1 0.535156 0.554688 0.218750 0.195312
1 0.341797 0.605469 0.261719 0.273438
1 0.554688 0.664062 0.171875 0.148438
1 0.703125 0.837891 0.148438 0.214844
1 0.738281 0.474609 0.250000 0.128906
0 0.876953 0.589844 0.058594 0.062500
1 0.935547 0.501953 0.128906 0.097656
1 0.955078 0.626953 0.089844 0.160156
1 0.861328 0.669922 0.144531 0.074219
1 0.310547 0.861328 0.214844 0.238281
1 0.878906 0.917969 0.234375 0.164062
1 0.615234 0.841797 0.144531 0.207031
1 0.109375 0.898438 0.210938 0.203125
1 0.408203 0.382812 0.167969 0.164062
