0 0.105469 0.294922 0.203125 0.058594
0 0.511719 0.341797 0.171875 0.035156
0 0.105469 0.697266 0.203125 0.167969
0 0.064453 0.841797 0.121094 0.089844
0 0.638672 0.343750 0.082031 0.031250
0 0.890625 0.343750 0.093750 0.031250
0 0.314453 0.386719 0.089844 0.054688
0 0.138672 0.359375 0.089844 0.062500
0 0.470703 0.462891 0.136719 0.042969
1 0.449219 0.779297 0.484375 0.441406
1 0.783203 0.697266 0.433594 0.582031
1 0.138672 0.501953 0.269531 0.214844
1 0.330078 0.509766 0.128906 0.175781
1 0.531250 0.562500 0.265625 0.132812
1 0.759766 0.371094 0.160156 0.171875
1 0.916016 0.435547 0.167969 0.144531
1 0.494141 0.400391 0.199219 0.066406
1 0.314453 0.312500 0.207031 0.078125
1 0.230469 0.404297 0.078125 0.136719
1 0.048828 0.390625 0.089844 0.125000
1 0.560547 0.291016 0.253906 0.058594
1 0.908203 0.279297 0.160156 0.082031
1 0.234375 0.892578 0.203125 0.199219
1 0.101562 0.943359 0.195312 0.089844
