0 0.519531 0.541016 0.234375 0.339844
0 0.523438 0.720703 0.250000 0.121094
0 0.527344 0.257812 0.148438 0.234375
0 0.369141 0.539062 0.128906 0.156250
0 0.525391 0.800781 0.222656 0.132812
0 0.302734 0.402344 0.042969 0.109375
0 0.537109 0.886719 0.121094 0.132812
0 0.150391 0.408203 0.121094 0.128906
1 0.160156 0.732422 0.289062 0.511719
0 0.388672 0.650391 0.089844 0.121094
0 0.529297 0.085938 0.136719 0.164062
1 0.802734 0.185547 0.363281 0.363281
1 0.822266 0.599609 0.355469 0.449219
1 0.824219 0.908203 0.351562 0.167969
1 0.224609 0.113281 0.441406 0.218750
1 0.171875 0.269531 0.335938 0.117188
1 0.046875 0.412109 0.085938 0.167969
1 0.363281 0.857422 0.093750 0.269531
1 0.445312 0.935547 0.070312 0.121094
