0 0.390625 0.619141 0.062500 0.074219
0 0.531250 0.562500 0.125000 0.062500
0 0.603516 0.636719 0.058594 0.062500
0 0.523438 0.640625 0.093750 0.062500
0 0.667969 0.623047 0.132812 0.058594
0 0.390625 0.562500 0.062500 0.015625
0 0.339844 0.609375 0.101562 0.078125
0 0.888672 0.500000 0.152344 0.031250
1 0.453125 0.160156 0.859375 0.312500
1 0.902344 0.236328 0.195312 0.464844
1 0.699219 0.361328 0.289062 0.128906
1 0.484375 0.416016 0.468750 0.222656
1 0.142578 0.388672 0.277344 0.144531
1 0.748047 0.447266 0.128906 0.121094
1 0.701172 0.535156 0.191406 0.093750
0 0.451172 0.607422 0.058594 0.121094
