0 0.312500 0.781250 0.187500 0.343750
0 0.500000 0.808594 0.187500 0.125000
0 0.179688 0.826172 0.070312 0.347656
0 0.142578 0.837891 0.121094 0.261719
0 0.316406 0.953125 0.210938 0.078125
0 0.466797 0.888672 0.121094 0.066406
0 0.558594 0.763672 0.140625 0.152344
0 0.449219 0.673828 0.101562 0.121094
0 0.080078 0.892578 0.066406 0.136719
0 0.074219 0.949219 0.101562 0.101562
0 0.222656 0.685547 0.078125 0.128906
0 0.324219 0.628906 0.125000 0.093750
1 0.734375 0.437500 0.453125 0.406250
1 0.398438 0.439453 0.343750 0.269531
1 0.482422 0.541016 0.222656 0.128906
1 0.732422 0.681641 0.191406 0.183594
1 0.910156 0.603516 0.164062 0.339844
1 0.591797 0.623047 0.175781 0.128906
1 0.119141 0.498047 0.214844 0.191406
1 0.781250 0.216797 0.187500 0.191406
1 0.921875 0.292969 0.156250 0.296875
1 0.396484 0.123047 0.566406 0.214844
1 0.273438 0.285156 0.531250 0.281250
