0 0.375000 0.554688 0.234375 0.406250
0 0.718750 0.527344 0.156250 0.593750
0 0.267578 0.660156 0.183594 0.351562
0 0.376953 0.720703 0.222656 0.230469
0 0.593750 0.593750 0.187500 0.328125
0 0.794922 0.513672 0.191406 0.519531
0 0.578125 0.419922 0.140625 0.042969
0 0.597656 0.421875 0.093750 0.187500
0 0.335938 0.316406 0.132812 0.132812
1 0.951172 0.558594 0.097656 0.484375
1 0.089844 0.703125 0.171875 0.593750
1 0.515625 0.921875 0.687500 0.156250
1 0.902344 0.890625 0.171875 0.218750
1 0.128906 0.294922 0.250000 0.222656
1 0.525391 0.218750 0.238281 0.203125
1 0.779297 0.142578 0.269531 0.152344
1 0.941406 0.228516 0.093750 0.175781
1 0.337891 0.203125 0.183594 0.085938
