0 0.345703 0.525391 0.136719 0.136719
0 0.472656 0.597656 0.109375 0.234375
0 0.525391 0.617188 0.074219 0.273438
0 0.591797 0.568359 0.042969 0.089844
0 0.654297 0.664062 0.175781 0.125000
0 0.376953 0.646484 0.097656 0.097656
0 0.378906 0.441406 0.093750 0.039062
0 0.267578 0.523438 0.089844 0.101562
0 0.833984 0.646484 0.089844 0.183594
0 0.603516 0.751953 0.097656 0.074219
0 0.736328 0.683594 0.089844 0.093750
0 0.640625 0.595703 0.085938 0.089844
0 0.892578 0.806641 0.074219 0.121094
0 0.738281 0.775391 0.125000 0.089844
1 0.400391 0.835938 0.152344 0.226562
0 0.740234 0.576172 0.113281 0.113281
0 0.617188 0.535156 0.109375 0.070312
1 0.744141 0.437500 0.128906 0.078125
1 0.943359 0.677734 0.113281 0.136719
0 0.169922 0.589844 0.082031 0.046875
1 0.285156 0.689453 0.085938 0.160156
1 0.527344 0.849609 0.093750 0.160156
1 0.220703 0.406250 0.128906 0.062500
