0 0.126953 0.574219 0.246094 0.382812
0 0.191406 0.353516 0.117188 0.050781
0 0.332031 0.486328 0.023438 0.339844
0 0.480469 0.441406 0.140625 0.343750
0 0.109375 0.757812 0.210938 0.117188
0 0.304688 0.673828 0.109375 0.042969
0 0.310547 0.468750 0.183594 0.343750
0 0.560547 0.296875 0.089844 0.109375
0 0.628906 0.371094 0.062500 0.289062
0 0.603516 0.531250 0.097656 0.031250
0 0.675781 0.333984 0.093750 0.246094
0 0.765625 0.324219 0.109375 0.250000
0 0.822266 0.212891 0.152344 0.082031
0 0.869141 0.265625 0.074219 0.265625
0 0.953125 0.248047 0.093750 0.222656
0 0.958984 0.162109 0.082031 0.105469
0 0.529297 0.533203 0.113281 0.089844
0 0.691406 0.478516 0.156250 0.105469
0 0.390625 0.607422 0.125000 0.089844
0 0.234375 0.685547 0.140625 0.082031
0 0.173828 0.427734 0.175781 0.136719
