0 0.248047 0.687500 0.425781 0.156250
0 0.369141 0.513672 0.199219 0.183594
0 0.609375 0.484375 0.265625 0.421875
0 0.669922 0.210938 0.183594 0.117188
0 0.810547 0.406250 0.121094 0.187500
0 0.783203 0.585938 0.089844 0.156250
0 0.228516 0.546875 0.074219 0.125000
0 0.220703 0.882812 0.425781 0.218750
0 0.609375 0.732422 0.265625 0.074219
0 0.421875 0.371094 0.093750 0.109375
0 0.197266 0.562500 0.144531 0.085938
0 0.621094 0.253906 0.218750 0.125000
1 0.937500 0.498047 0.093750 0.378906
1 0.511719 0.888672 0.156250 0.214844
0 0.802734 0.189453 0.074219 0.128906
0 0.863281 0.173828 0.054688 0.066406
1 0.890625 0.259766 0.070312 0.082031
0 0.378906 0.412109 0.125000 0.089844
0 0.533203 0.289062 0.113281 0.109375
0 0.476562 0.316406 0.093750 0.093750
0 0.267578 0.482422 0.082031 0.082031
0 0.148438 0.623047 0.125000 0.105469
0 0.083984 0.714844 0.160156 0.117188
1 0.906250 0.601562 0.125000 0.187500
