0 0.412109 0.267578 0.144531 0.183594
0 0.529297 0.482422 0.277344 0.121094
0 0.570312 0.349609 0.109375 0.152344
0 0.447266 0.490234 0.175781 0.105469
0 0.617188 0.375000 0.093750 0.101562
0 0.542969 0.556641 0.195312 0.089844
0 0.484375 0.251953 0.093750 0.113281
0 0.482422 0.394531 0.113281 0.164062
0 0.734375 0.792969 0.226562 0.375000
0 0.539062 0.794922 0.242188 0.378906
0 0.404297 0.863281 0.128906 0.242188
0 0.699219 0.548828 0.078125 0.175781
0 0.355469 0.257812 0.093750 0.070312
0 0.287109 0.574219 0.074219 0.062500
0 0.314453 0.697266 0.066406 0.144531
1 0.166016 0.398438 0.292969 0.390625
1 0.142578 0.773438 0.261719 0.437500
1 0.169922 0.126953 0.332031 0.191406
1 0.394531 0.089844 0.132812 0.171875
0 0.544922 0.248047 0.082031 0.160156
