0 0.472656 0.599609 0.570312 0.222656
0 0.083984 0.873047 0.152344 0.238281
0 0.781250 0.562500 0.148438 0.101562
0 0.769531 0.660156 0.125000 0.117188
0 0.699219 0.728516 0.226562 0.105469
0 0.232422 0.720703 0.277344 0.105469
0 0.626953 0.542969 0.160156 0.140625
0 0.132812 0.650391 0.101562 0.175781
0 0.201172 0.583984 0.144531 0.121094
0 0.437500 0.513672 0.210938 0.105469
0 0.482422 0.693359 0.230469 0.097656
0 0.175781 0.833984 0.062500 0.191406
0 0.244141 0.765625 0.105469 0.085938
1 0.486328 0.873047 0.199219 0.253906
1 0.667969 0.894531 0.164062 0.210938
1 0.335938 0.906250 0.218750 0.171875
1 0.917969 0.710938 0.164062 0.195312
1 0.927734 0.525391 0.136719 0.183594
1 0.294922 0.191406 0.191406 0.085938
1 0.162109 0.226562 0.089844 0.070312
1 0.080078 0.296875 0.097656 0.125000
1 0.574219 0.328125 0.281250 0.257812
1 0.330078 0.351562 0.230469 0.218750
1 0.195312 0.378906 0.132812 0.218750
1 0.064453 0.462891 0.121094 0.199219
1 0.041016 0.658203 0.074219 0.191406
