0 0.388672 0.402344 0.089844 0.078125
0 0.511719 0.382812 0.140625 0.078125
0 0.500000 0.457031 0.125000 0.070312
0 0.619141 0.556641 0.191406 0.160156
0 0.767578 0.636719 0.105469 0.109375
0 0.837891 0.658203 0.113281 0.128906
0 0.656250 0.453125 0.062500 0.046875
0 0.251953 0.527344 0.105469 0.062500
0 0.236328 0.439453 0.074219 0.121094
0 0.310547 0.400391 0.066406 0.050781
0 0.406250 0.462891 0.125000 0.074219
0 0.179688 0.611328 0.179688 0.097656
0 0.322266 0.525391 0.089844 0.082031
0 0.380859 0.648438 0.097656 0.062500
1 0.320312 0.078125 0.625000 0.148438
0 0.783203 0.529297 0.121094 0.113281
1 0.552734 0.800781 0.207031 0.304688
1 0.830078 0.855469 0.332031 0.234375
1 0.917969 0.531250 0.132812 0.109375
1 0.337891 0.841797 0.285156 0.277344
0 0.046875 0.664062 0.054688 0.062500
1 0.666016 0.376953 0.152344 0.082031
