0 0.634766 0.451172 0.121094 0.089844
0 0.720703 0.484375 0.058594 0.093750
0 0.781250 0.531250 0.054688 0.078125
0 0.744141 0.460938 0.074219 0.046875
0 0.660156 0.486328 0.062500 0.058594
0 0.582031 0.449219 0.062500 0.054688
0 0.796875 0.548828 0.093750 0.097656
0 0.796875 0.660156 0.031250 0.054688
0 0.820312 0.691406 0.046875 0.078125
0 0.177734 0.476562 0.222656 0.054688
0 0.013672 0.431641 0.019531 0.050781
1 0.917969 0.699219 0.140625 0.351562
1 0.798828 0.832031 0.230469 0.195312
1 0.423828 0.474609 0.238281 0.128906
