0 0.501953 0.560547 0.113281 0.066406
0 0.574219 0.546875 0.031250 0.078125
0 0.609375 0.533203 0.031250 0.058594
0 0.640625 0.503906 0.031250 0.046875
0 0.462891 0.634766 0.058594 0.066406
0 0.406250 0.687500 0.046875 0.062500
0 0.390625 0.718750 0.070312 0.093750
0 0.435547 0.662109 0.058594 0.066406
0 0.496094 0.589844 0.054688 0.078125
0 0.718750 0.460938 0.093750 0.062500
0 0.585938 0.726562 0.132812 0.164062
0 0.708984 0.761719 0.128906 0.085938
0 0.462891 0.750000 0.105469 0.140625
0 0.376953 0.939453 0.183594 0.121094
0 0.828125 0.777344 0.156250 0.109375
1 0.906250 0.423828 0.187500 0.386719
1 0.744141 0.603516 0.160156 0.199219
1 0.900391 0.900391 0.199219 0.113281
0 0.531250 0.953125 0.125000 0.093750
0 0.304688 0.802734 0.085938 0.082031
0 0.238281 0.875000 0.085938 0.046875
0 0.216797 0.820312 0.097656 0.054688
0 0.089844 0.847656 0.171875 0.046875
0 0.705078 0.904297 0.128906 0.074219
1 0.656250 0.330078 0.312500 0.183594
1 0.371094 0.394531 0.273438 0.242188
1 0.199219 0.580078 0.304688 0.355469
1 0.361328 0.546875 0.121094 0.140625
1 0.134766 0.953125 0.253906 0.093750
0 0.914062 0.667969 0.171875 0.093750
