0 0.562500 0.478516 0.210938 0.238281
0 0.738281 0.462891 0.156250 0.167969
0 0.853516 0.455078 0.128906 0.152344
0 0.445312 0.490234 0.093750 0.222656
0 0.376953 0.535156 0.113281 0.132812
0 0.283203 0.574219 0.105469 0.085938
0 0.193359 0.585938 0.105469 0.054688
0 0.957031 0.441406 0.085938 0.125000
0 0.730469 0.572266 0.093750 0.105469
0 0.320312 0.138672 0.109375 0.042969
0 0.392578 0.082031 0.089844 0.054688
0 0.072266 0.626953 0.136719 0.082031
1 0.855469 0.218750 0.289062 0.289062
1 0.160156 0.347656 0.312500 0.359375
1 0.572266 0.246094 0.355469 0.210938
1 0.347656 0.275391 0.085938 0.214844
1 0.306641 0.412109 0.175781 0.113281
0 0.126953 0.035156 0.246094 0.062500
0 0.316406 0.023438 0.132812 0.039062
0 0.437500 0.025391 0.101562 0.042969
1 0.132812 0.160156 0.257812 0.148438
1 0.175781 0.847656 0.335938 0.304688
1 0.380859 0.703125 0.425781 0.140625
0 0.677734 0.591797 0.183594 0.074219
0 0.810547 0.582031 0.066406 0.054688
