0 0.566406 0.330078 0.226562 0.238281
0 0.406250 0.501953 0.078125 0.378906
0 0.328125 0.562500 0.093750 0.375000
0 0.250000 0.625000 0.062500 0.312500
0 0.291016 0.791016 0.128906 0.207031
0 0.246094 0.847656 0.062500 0.140625
0 0.244141 0.623047 0.097656 0.214844
0 0.681641 0.628906 0.214844 0.093750
0 0.656250 0.511719 0.078125 0.156250
0 0.410156 0.515625 0.187500 0.265625
0 0.541016 0.613281 0.066406 0.101562
0 0.542969 0.166016 0.093750 0.097656
0 0.515625 0.214844 0.093750 0.132812
0 0.687500 0.363281 0.078125 0.164062
0 0.732422 0.578125 0.082031 0.265625
0 0.609375 0.687500 0.140625 0.062500
0 0.398438 0.697266 0.156250 0.113281
1 0.736328 0.865234 0.488281 0.269531
1 0.900391 0.550781 0.199219 0.515625
1 0.464844 0.878906 0.210938 0.234375
1 0.699219 0.136719 0.210938 0.132812
0 0.580078 0.037109 0.121094 0.066406
1 0.099609 0.816406 0.191406 0.367188
1 0.298828 0.960938 0.207031 0.070312
1 0.083984 0.310547 0.160156 0.175781
1 0.238281 0.201172 0.187500 0.183594
