0 0.556641 0.593750 0.128906 0.093750
0 0.642578 0.656250 0.082031 0.156250
0 0.593750 0.716797 0.046875 0.136719
0 0.500000 0.779297 0.140625 0.066406
0 0.355469 0.376953 0.085938 0.199219
0 0.250000 0.417969 0.156250 0.109375
0 0.421875 0.416016 0.031250 0.097656
0 0.500000 0.453125 0.109375 0.062500
0 0.509766 0.218750 0.042969 0.078125
0 0.578125 0.183594 0.093750 0.039062
0 0.449219 0.242188 0.070312 0.039062
0 0.689453 0.171875 0.058594 0.015625
0 0.353516 0.210938 0.089844 0.062500
0 0.468750 0.359375 0.062500 0.046875
0 0.273438 0.140625 0.109375 0.062500
0 0.373047 0.152344 0.097656 0.046875
0 0.230469 0.228516 0.078125 0.058594
0 0.687500 0.671875 0.062500 0.109375
0 0.515625 0.810547 0.062500 0.058594
1 0.666016 0.906250 0.207031 0.171875
1 0.689453 0.843750 0.121094 0.187500
1 0.376953 0.921875 0.378906 0.156250
1 0.306641 0.703125 0.253906 0.437500
1 0.449219 0.617188 0.078125 0.226562
1 0.513672 0.691406 0.089844 0.085938
1 0.648438 0.441406 0.164062 0.195312
1 0.593750 0.314453 0.109375 0.214844
1 0.484375 0.298828 0.156250 0.066406
1 0.562500 0.376953 0.109375 0.074219
1 0.466797 0.095703 0.082031 0.152344
0 0.281250 0.345703 0.109375 0.058594
1 0.248047 0.291016 0.128906 0.058594
1 0.617188 0.111328 0.195312 0.089844
0 0.703125 0.269531 0.039062 0.062500
