0 0.439453 0.531250 0.082031 0.046875
0 0.515625 0.548828 0.031250 0.011719
0 0.568359 0.580078 0.035156 0.019531
0 0.078125 0.664062 0.140625 0.039062
0 0.464844 0.705078 0.031250 0.050781
0 0.587891 0.970703 0.042969 0.050781
0 0.496094 0.984375 0.031250 0.031250
0 0.404297 0.687500 0.027344 0.046875
0 0.105469 0.935547 0.023438 0.035156
0 0.187500 0.906250 0.015625 0.031250
0 0.734375 0.970703 0.031250 0.042969
0 0.548828 0.681641 0.027344 0.019531
0 0.400391 0.769531 0.035156 0.031250
0 0.525391 0.521484 0.035156 0.027344
1 0.275391 0.705078 0.207031 0.355469
1 0.085938 0.800781 0.156250 0.218750
