0 0.433594 0.591797 0.078125 0.050781
0 0.498047 0.617188 0.042969 0.070312
0 0.753906 0.796875 0.109375 0.046875
0 0.835938 0.830078 0.046875 0.089844
0 0.875000 0.861328 0.031250 0.097656
0 0.794922 0.835938 0.035156 0.031250
0 0.533203 0.626953 0.027344 0.042969
1 0.345703 0.849609 0.386719 0.300781
1 0.605469 0.890625 0.156250 0.218750
1 0.132812 0.839844 0.250000 0.304688
0 0.289062 0.494141 0.125000 0.089844
0 0.585938 0.212891 0.109375 0.066406
0 0.724609 0.265625 0.113281 0.054688
0 0.847656 0.298828 0.101562 0.074219
0 0.957031 0.341797 0.085938 0.082031
0 0.464844 0.179688 0.109375 0.054688
0 0.212891 0.111328 0.097656 0.050781
1 0.636719 0.703125 0.140625 0.148438
