0 0.384766 0.298828 0.230469 0.152344
0 0.251953 0.314453 0.050781 0.152344
0 0.205078 0.322266 0.035156 0.105469
0 0.160156 0.314453 0.046875 0.050781
0 0.742188 0.296875 0.468750 0.109375
0 0.710938 0.271484 0.140625 0.105469
0 0.835938 0.259766 0.117188 0.082031
0 0.921875 0.218750 0.046875 0.046875
0 0.546875 0.406250 0.093750 0.093750
0 0.433594 0.380859 0.132812 0.113281
0 0.605469 0.382812 0.117188 0.164062
0 0.697266 0.408203 0.058594 0.113281
0 0.761719 0.392578 0.148438 0.183594
0 0.892578 0.394531 0.214844 0.156250
0 0.892578 0.808594 0.128906 0.125000
0 0.808594 0.796875 0.046875 0.062500
0 0.955078 0.816406 0.089844 0.164062
0 0.919922 0.857422 0.089844 0.097656
1 0.373047 0.740234 0.722656 0.503906
1 0.861328 0.615234 0.277344 0.261719
1 0.859375 0.955078 0.273438 0.089844
1 0.097656 0.433594 0.179688 0.171875
1 0.273438 0.486328 0.187500 0.175781
1 0.437500 0.513672 0.132812 0.128906
1 0.761719 0.091797 0.460938 0.175781
1 0.273438 0.113281 0.531250 0.218750
1 0.068359 0.302734 0.128906 0.191406
