0 0.531250 0.562500 0.078125 0.062500
0 0.601562 0.625000 0.078125 0.164062
0 0.542969 0.642578 0.062500 0.089844
0 0.447266 0.548828 0.042969 0.050781
0 0.498047 0.966797 0.152344 0.058594
0 0.371094 0.642578 0.125000 0.144531
0 0.755859 0.669922 0.074219 0.089844
1 0.656250 0.828125 0.437500 0.171875
1 0.529297 0.376953 0.167969 0.128906
0 0.468750 0.236328 0.078125 0.042969
0 0.470703 0.167969 0.050781 0.031250
1 0.357422 0.814453 0.253906 0.175781
1 0.310547 0.939453 0.214844 0.121094
1 0.775391 0.917969 0.371094 0.164062
1 0.679688 0.640625 0.070312 0.179688
