0 0.544922 0.513672 0.214844 0.246094
0 0.826172 0.435547 0.339844 0.105469
0 0.369141 0.542969 0.144531 0.140625
0 0.376953 0.500000 0.128906 0.125000
0 0.234375 0.554688 0.109375 0.078125
0 0.484375 0.191406 0.140625 0.078125
0 0.126953 0.542969 0.152344 0.093750
0 0.400391 0.292969 0.128906 0.039062
0 0.580078 0.701172 0.175781 0.160156
1 0.746094 0.888672 0.507812 0.207031
1 0.781250 0.236328 0.437500 0.292969
1 0.158203 0.265625 0.308594 0.375000
1 0.246094 0.816406 0.476562 0.351562
1 0.830078 0.658203 0.332031 0.324219
1 0.451172 0.093750 0.285156 0.125000
1 0.376953 0.361328 0.121094 0.066406
1 0.562500 0.316406 0.187500 0.125000
1 0.316406 0.212891 0.195312 0.113281
