0 0.404297 0.169922 0.089844 0.082031
0 0.521484 0.519531 0.144531 0.218750
1 0.460938 0.751953 0.304688 0.230469
1 0.328125 0.882812 0.648438 0.234375
1 0.150391 0.529297 0.292969 0.542969
1 0.160156 0.205078 0.312500 0.402344
1 0.460938 0.339844 0.195312 0.117188
1 0.375000 0.515625 0.140625 0.218750
1 0.423828 0.265625 0.214844 0.109375
1 0.636719 0.107422 0.281250 0.207031
1 0.679688 0.310547 0.218750 0.183594
1 0.699219 0.515625 0.187500 0.218750
1 0.701172 0.687500 0.160156 0.132812
1 0.767578 0.837891 0.214844 0.160156
1 0.730469 0.960938 0.132812 0.078125
