0 0.437500 0.546875 0.125000 0.140625
0 0.566406 0.539062 0.156250 0.140625
0 0.683594 0.523438 0.085938 0.117188
0 0.765625 0.515625 0.062500 0.093750
0 0.806641 0.421875 0.042969 0.109375
0 0.888672 0.435547 0.113281 0.128906
0 0.968750 0.435547 0.046875 0.089844
0 0.810547 0.511719 0.027344 0.054688
0 0.326172 0.566406 0.121094 0.132812
0 0.216797 0.593750 0.089844 0.093750
0 0.296875 0.640625 0.062500 0.031250
0 0.177734 0.566406 0.175781 0.101562
0 0.046875 0.607422 0.085938 0.136719
1 0.501953 0.857422 0.996094 0.285156
1 0.705078 0.671875 0.574219 0.093750
1 0.906250 0.589844 0.171875 0.101562
1 0.744141 0.609375 0.183594 0.031250
1 0.203125 0.687500 0.203125 0.062500
1 0.160156 0.453125 0.312500 0.062500
1 0.513672 0.435547 0.371094 0.058594
1 0.734375 0.419922 0.078125 0.074219
1 0.894531 0.335938 0.210938 0.046875
1 0.062500 0.701172 0.093750 0.027344
