0 0.710938 0.605469 0.203125 0.085938
0 0.605469 0.671875 0.093750 0.046875
0 0.667969 0.658203 0.101562 0.066406
0 0.515625 0.603516 0.171875 0.074219
0 0.371094 0.597656 0.125000 0.070312
0 0.253906 0.591797 0.085938 0.027344
0 0.156250 0.591797 0.109375 0.035156
0 0.464844 0.662109 0.187500 0.042969
0 0.349609 0.710938 0.128906 0.054688
0 0.123047 0.769531 0.113281 0.046875
0 0.023438 0.681641 0.039062 0.050781
1 0.777344 0.865234 0.445312 0.261719
1 0.392578 0.873047 0.402344 0.246094
1 0.132812 0.902344 0.250000 0.195312
1 0.908203 0.593750 0.183594 0.312500
1 0.710938 0.478516 0.234375 0.152344
1 0.509766 0.501953 0.214844 0.105469
1 0.203125 0.685547 0.156250 0.136719
