0 0.500000 0.472656 0.078125 0.203125
0 0.578125 0.535156 0.078125 0.039062
0 0.591797 0.396484 0.097656 0.050781
0 0.511719 0.476562 0.093750 0.085938
0 0.416016 0.496094 0.121094 0.195312
0 0.375000 0.478516 0.078125 0.074219
0 0.283203 0.478516 0.097656 0.074219
0 0.175781 0.500000 0.117188 0.117188
0 0.062500 0.507812 0.117188 0.140625
0 0.343750 0.736328 0.085938 0.050781
0 0.566406 0.564453 0.085938 0.074219
0 0.648438 0.605469 0.085938 0.054688
0 0.281250 0.748047 0.031250 0.019531
1 0.722656 0.662109 0.101562 0.066406
1 0.820312 0.744141 0.140625 0.113281
1 0.060547 0.376953 0.113281 0.113281
1 0.638672 0.472656 0.160156 0.085938
