0 0.349609 0.568359 0.160156 0.519531
0 0.208984 0.505859 0.105469 0.308594
0 0.570312 0.367188 0.257812 0.085938
0 0.490234 0.484375 0.339844 0.125000
0 0.724609 0.367188 0.128906 0.093750
0 0.445312 0.628906 0.195312 0.203125
0 0.253906 0.730469 0.132812 0.132812
0 0.281250 0.839844 0.078125 0.070312
0 0.398438 0.822266 0.195312 0.199219
0 0.351562 0.359375 0.187500 0.117188
0 0.816406 0.412109 0.101562 0.144531
0 0.621094 0.558594 0.195312 0.109375
0 0.509766 0.753906 0.082031 0.109375
1 0.816406 0.810547 0.359375 0.378906
1 0.867188 0.558594 0.250000 0.132812
1 0.939453 0.431641 0.121094 0.113281
1 0.505859 0.250000 0.355469 0.062500
1 0.078125 0.712891 0.148438 0.574219
1 0.076172 0.386719 0.144531 0.093750
