0 0.529297 0.398438 0.121094 0.062500
0 0.628906 0.515625 0.070312 0.296875
0 0.486328 0.576172 0.222656 0.199219
0 0.738281 0.519531 0.187500 0.125000
0 0.531250 0.355469 0.156250 0.093750
0 0.660156 0.404297 0.101562 0.121094
0 0.435547 0.451172 0.089844 0.136719
0 0.521484 0.201172 0.089844 0.074219
0 0.728516 0.636719 0.160156 0.078125
0 0.390625 0.609375 0.109375 0.132812
0 0.470703 0.689453 0.152344 0.066406
0 0.373047 0.763672 0.144531 0.128906
1 0.750000 0.412109 0.078125 0.089844
0 0.541016 0.279297 0.097656 0.066406
1 0.091797 0.650391 0.175781 0.121094
1 0.242188 0.685547 0.117188 0.144531
1 0.886719 0.574219 0.101562 0.210938
1 0.845703 0.648438 0.066406 0.117188
