0 0.535156 0.597656 0.164062 0.289062
0 0.656250 0.609375 0.085938 0.265625
0 0.722656 0.601562 0.140625 0.242188
0 0.824219 0.609375 0.062500 0.218750
0 0.861328 0.619141 0.097656 0.199219
0 0.937500 0.660156 0.046875 0.132812
0 0.962891 0.667969 0.066406 0.125000
0 0.427734 0.623047 0.066406 0.253906
0 0.365234 0.613281 0.089844 0.195312
0 0.292969 0.628906 0.054688 0.117188
0 0.242188 0.634766 0.117188 0.074219
0 0.140625 0.648438 0.078125 0.078125
0 0.082031 0.648438 0.101562 0.078125
0 0.035156 0.660156 0.062500 0.070312
0 0.691406 0.316406 0.039062 0.031250
0 0.775391 0.312500 0.128906 0.031250
0 0.656250 0.322266 0.031250 0.019531
0 0.138672 0.341797 0.128906 0.027344
0 0.255859 0.365234 0.105469 0.058594
0 0.140625 0.451172 0.046875 0.027344
0 0.203125 0.425781 0.093750 0.031250
0 0.613281 0.732422 0.117188 0.097656
1 0.410156 0.357422 0.195312 0.183594
1 0.529297 0.355469 0.199219 0.195312
1 0.753906 0.400391 0.226562 0.121094
1 0.927734 0.369141 0.144531 0.246094
1 0.958984 0.533203 0.082031 0.121094
1 0.804688 0.798828 0.210938 0.152344
1 0.220703 0.812500 0.175781 0.257812
1 0.435547 0.876953 0.246094 0.246094
1 0.673828 0.892578 0.222656 0.214844
1 0.156250 0.853516 0.304688 0.292969
1 0.882812 0.880859 0.156250 0.238281
1 0.134766 0.531250 0.253906 0.132812
1 0.251953 0.498047 0.113281 0.113281
1 0.076172 0.398438 0.144531 0.070312
