0 0.636719 0.353516 0.031250 0.097656
0 0.767578 0.400391 0.152344 0.136719
0 0.791016 0.298828 0.097656 0.097656
0 0.546875 0.498047 0.031250 0.105469
0 0.609375 0.482422 0.078125 0.121094
0 0.390625 0.498047 0.062500 0.074219
0 0.585938 0.328125 0.054688 0.062500
1 0.628906 0.796875 0.375000 0.406250
1 0.312500 0.576172 0.171875 0.089844
1 0.470703 0.441406 0.097656 0.101562
1 0.470703 0.367188 0.160156 0.117188
1 0.732422 0.529297 0.136719 0.121094
1 0.921875 0.525391 0.156250 0.652344
1 0.904297 0.730469 0.191406 0.515625
1 0.267578 0.890625 0.527344 0.218750
1 0.455078 0.734375 0.191406 0.218750
1 0.109375 0.546875 0.203125 0.578125
1 0.345703 0.273438 0.246094 0.218750
1 0.292969 0.453125 0.132812 0.156250
