0 0.341797 0.625000 0.121094 0.046875
0 0.492188 0.595703 0.085938 0.058594
0 0.578125 0.595703 0.078125 0.058594
0 0.683594 0.591797 0.109375 0.066406
0 0.765625 0.580078 0.062500 0.042969
0 0.410156 0.609375 0.109375 0.093750
0 0.062500 0.671875 0.109375 0.078125
0 0.099609 0.960938 0.191406 0.070312
0 0.904297 0.687500 0.121094 0.046875
0 0.375000 0.533203 0.156250 0.058594
0 0.121094 0.544922 0.132812 0.058594
1 0.203125 0.705078 0.156250 0.238281
1 0.400391 0.753906 0.207031 0.187500
1 0.072266 0.822266 0.136719 0.199219
1 0.625000 0.509766 0.328125 0.082031
1 0.642578 0.673828 0.277344 0.089844
1 0.242188 0.529297 0.101562 0.136719
1 0.792969 0.669922 0.093750 0.121094
1 0.580078 0.927734 0.410156 0.144531
1 0.326172 0.884766 0.230469 0.207031
1 0.666016 0.802734 0.347656 0.207031
1 0.912109 0.863281 0.167969 0.273438
1 0.917969 0.640625 0.164062 0.054688
