0 0.609375 0.515625 0.406250 0.265625
0 0.734375 0.230469 0.265625 0.289062
0 0.890625 0.687500 0.156250 0.375000
0 0.593750 0.748047 0.390625 0.246094
0 0.281250 0.375000 0.187500 0.078125
0 0.406250 0.216797 0.265625 0.121094
0 0.906250 0.435547 0.187500 0.121094
0 0.500000 0.328125 0.203125 0.093750
0 0.562500 0.167969 0.062500 0.218750
0 0.679688 0.056641 0.156250 0.050781
0 0.232422 0.250000 0.074219 0.140625
0 0.402344 0.353516 0.257812 0.160156
0 0.453125 0.531250 0.250000 0.265625
0 0.353516 0.453125 0.230469 0.093750
0 0.902344 0.281250 0.062500 0.156250
0 0.953125 0.375000 0.062500 0.171875
0 0.890625 0.937500 0.187500 0.125000
0 0.687500 0.886719 0.187500 0.023438
0 0.529297 0.902344 0.097656 0.062500
0 0.712891 0.890625 0.167969 0.093750
0 0.117188 0.279297 0.187500 0.191406
1 0.316406 0.767578 0.117188 0.214844
0 0.468750 0.140625 0.156250 0.109375
1 0.626953 0.968750 0.246094 0.062500
1 0.263672 0.583984 0.128906 0.152344
