0 0.501953 0.501953 0.996094 0.996094
0 0.921875 0.412109 0.156250 0.386719
0 0.865234 0.175781 0.269531 0.164062
0 0.830078 0.085938 0.230469 0.156250
0 0.369141 0.296875 0.121094 0.210938
0 0.298828 0.308594 0.136719 0.195312
0 0.464844 0.152344 0.218750 0.203125
0 0.625000 0.119141 0.281250 0.230469
0 0.800781 0.460938 0.218750 0.343750
1 0.353516 0.658203 0.652344 0.488281
1 0.558594 0.408203 0.242188 0.261719
1 0.896484 0.822266 0.152344 0.355469
1 0.123047 0.400391 0.207031 0.292969
1 0.269531 0.894531 0.515625 0.210938
0 0.595703 0.945312 0.121094 0.109375
0 0.759766 0.876953 0.105469 0.074219
1 0.791016 0.746094 0.246094 0.179688
1 0.767578 0.962891 0.167969 0.074219
