0 0.531250 0.554688 0.171875 0.265625
0 0.173828 0.050781 0.144531 0.093750
0 0.281250 0.183594 0.078125 0.171875
0 0.359375 0.203125 0.078125 0.171875
0 0.062500 0.785156 0.117188 0.156250
0 0.250000 0.148438 0.125000 0.109375
1 0.468750 0.060547 0.234375 0.113281
1 0.566406 0.265625 0.289062 0.296875
1 0.816406 0.816406 0.359375 0.343750
1 0.359375 0.859375 0.468750 0.281250
1 0.712891 0.587891 0.175781 0.324219
1 0.882812 0.166016 0.234375 0.324219
1 0.218750 0.587891 0.429688 0.253906
1 0.310547 0.378906 0.207031 0.164062
1 0.093750 0.191406 0.179688 0.164062
