0 0.117188 0.748047 0.226562 0.113281
0 0.679688 0.230469 0.093750 0.062500
0 0.390625 0.265625 0.140625 0.046875
0 0.361328 0.191406 0.128906 0.023438
0 0.845703 0.222656 0.097656 0.046875
0 0.761719 0.625000 0.195312 0.171875
0 0.195312 0.220703 0.195312 0.050781
0 0.595703 0.210938 0.058594 0.109375
0 0.611328 0.601562 0.058594 0.265625
0 0.507812 0.605469 0.039062 0.257812
0 0.367188 0.638672 0.195312 0.261719
0 0.220703 0.617188 0.144531 0.210938
1 0.382812 0.394531 0.164062 0.179688
1 0.751953 0.378906 0.222656 0.164062
1 0.250000 0.427734 0.164062 0.152344
1 0.095703 0.447266 0.160156 0.136719
0 0.250000 0.285156 0.179688 0.039062
0 0.503906 0.263672 0.039062 0.066406
0 0.658203 0.158203 0.066406 0.035156
