0 0.361328 0.712891 0.246094 0.207031
0 0.558594 0.763672 0.125000 0.246094
0 0.642578 0.705078 0.214844 0.074219
0 0.738281 0.839844 0.234375 0.132812
0 0.763672 0.705078 0.128906 0.105469
0 0.822266 0.804688 0.152344 0.156250
0 0.236328 0.724609 0.113281 0.175781
0 0.181641 0.746094 0.089844 0.101562
0 0.375000 0.484375 0.078125 0.031250
0 0.429688 0.769531 0.125000 0.164062
0 0.712891 0.541016 0.113281 0.027344
1 0.085938 0.578125 0.132812 0.109375
0 0.181641 0.507812 0.074219 0.078125
0 0.279297 0.486328 0.105469 0.050781
0 0.533203 0.523438 0.089844 0.031250
1 0.416016 0.542969 0.128906 0.078125
1 0.591797 0.587891 0.121094 0.074219
1 0.736328 0.597656 0.144531 0.062500
1 0.957031 0.830078 0.085938 0.261719
1 0.958984 0.667969 0.082031 0.062500
1 0.119141 0.906250 0.230469 0.179688
1 0.339844 0.925781 0.210938 0.148438
1 0.355469 0.550781 0.242188 0.054688
1 0.066406 0.728516 0.117188 0.167969
1 0.160156 0.421875 0.203125 0.078125
