0 0.574219 0.453125 0.101562 0.101562
0 0.636719 0.421875 0.070312 0.109375
0 0.687500 0.406250 0.046875 0.093750
0 0.650391 0.398438 0.050781 0.085938
0 0.601562 0.490234 0.109375 0.058594
0 0.503906 0.501953 0.031250 0.121094
0 0.503906 0.500000 0.085938 0.078125
0 0.564453 0.537109 0.097656 0.089844
0 0.687500 0.398438 0.085938 0.078125
1 0.871094 0.503906 0.257812 0.367188
1 0.341797 0.662109 0.238281 0.292969
1 0.265625 0.792969 0.265625 0.335938
1 0.679688 0.279297 0.273438 0.144531
1 0.738281 0.583984 0.156250 0.199219
1 0.601562 0.701172 0.296875 0.214844
1 0.373047 0.490234 0.167969 0.097656
