0 0.376953 0.546875 0.074219 0.046875
0 0.470703 0.566406 0.113281 0.070312
0 0.527344 0.566406 0.070312 0.046875
0 0.281250 0.878906 0.046875 0.054688
0 0.230469 0.906250 0.031250 0.046875
0 0.304688 0.863281 0.062500 0.039062
0 0.199219 0.923828 0.070312 0.042969
1 0.611328 0.691406 0.214844 0.187500
1 0.607422 0.451172 0.269531 0.160156
1 0.675781 0.599609 0.210938 0.160156
1 0.410156 0.724609 0.250000 0.222656
1 0.658203 0.878906 0.605469 0.242188
1 0.855469 0.669922 0.289062 0.238281
1 0.115234 0.667969 0.207031 0.296875
0 0.251953 0.689453 0.058594 0.066406
1 0.078125 0.908203 0.148438 0.183594
1 0.341797 0.955078 0.183594 0.089844
