0 0.595703 0.531250 0.089844 0.140625
0 0.675781 0.593750 0.117188 0.187500
0 0.798828 0.625000 0.121094 0.171875
0 0.861328 0.652344 0.144531 0.179688
0 0.451172 0.291016 0.183594 0.074219
0 0.324219 0.296875 0.148438 0.062500
0 0.650391 0.617188 0.136719 0.085938
0 0.033203 0.623047 0.058594 0.160156
1 0.318359 0.667969 0.410156 0.664062
1 0.755859 0.869141 0.488281 0.238281
1 0.777344 0.349609 0.445312 0.207031
1 0.869141 0.492188 0.261719 0.085938
1 0.707031 0.439453 0.132812 0.113281
1 0.970703 0.636719 0.058594 0.289062
1 0.126953 0.251953 0.230469 0.378906
1 0.138672 0.857422 0.261719 0.285156
1 0.099609 0.455078 0.191406 0.160156
1 0.173828 0.695312 0.207031 0.351562
