0 0.431641 0.417969 0.136719 0.210938
0 0.574219 0.517578 0.164062 0.386719
0 0.652344 0.691406 0.179688 0.125000
0 0.492188 0.609375 0.031250 0.140625
0 0.341797 0.412109 0.152344 0.199219
0 0.343750 0.017578 0.218750 0.027344
0 0.234375 0.277344 0.132812 0.132812
0 0.947266 0.480469 0.105469 0.125000
1 0.324219 0.615234 0.304688 0.175781
1 0.777344 0.472656 0.234375 0.304688
1 0.492188 0.171875 0.320312 0.273438
1 0.830078 0.181641 0.339844 0.285156
1 0.167969 0.123047 0.328125 0.160156
1 0.083984 0.402344 0.160156 0.398438
1 0.222656 0.445312 0.093750 0.195312
1 0.822266 0.748047 0.152344 0.238281
1 0.648438 0.828125 0.265625 0.140625
1 0.472656 0.787109 0.171875 0.160156
1 0.093750 0.591797 0.179688 0.761719
1 0.292969 0.837891 0.218750 0.277344
1 0.945312 0.609375 0.101562 0.125000
1 0.732422 0.068359 0.535156 0.128906
1 0.115234 0.076172 0.222656 0.144531
