0 0.560547 0.423828 0.136719 0.152344
0 0.439453 0.445312 0.097656 0.078125
0 0.261719 0.486328 0.125000 0.152344
0 0.628906 0.427734 0.148438 0.121094
0 0.728516 0.355469 0.128906 0.101562
0 0.125000 0.570312 0.132812 0.171875
0 0.068359 0.646484 0.128906 0.152344
0 0.357422 0.650391 0.105469 0.136719
0 0.490234 0.632812 0.167969 0.085938
0 0.896484 0.244141 0.144531 0.066406
0 0.630859 0.335938 0.144531 0.101562
1 0.896484 0.652344 0.199219 0.695312
1 0.753906 0.746094 0.312500 0.484375
1 0.525391 0.865234 0.519531 0.269531
1 0.251953 0.757812 0.105469 0.335938
1 0.150391 0.867188 0.292969 0.265625
1 0.097656 0.351562 0.179688 0.257812
1 0.437500 0.328125 0.109375 0.140625
1 0.289062 0.316406 0.195312 0.179688
1 0.517578 0.117188 0.285156 0.203125
1 0.835938 0.113281 0.328125 0.195312
1 0.683594 0.232422 0.265625 0.105469
