0 0.304688 0.296875 0.281250 0.203125
0 0.492188 0.339844 0.070312 0.132812
0 0.656250 0.386719 0.250000 0.078125
0 0.683594 0.406250 0.125000 0.093750
0 0.294922 0.388672 0.144531 0.089844
0 0.023438 0.312500 0.039062 0.125000
0 0.634766 0.279297 0.207031 0.128906
0 0.533203 0.246094 0.253906 0.101562
0 0.947266 0.685547 0.074219 0.074219
0 0.955078 0.705078 0.066406 0.066406
1 0.109375 0.486328 0.210938 0.183594
1 0.804688 0.472656 0.101562 0.101562
1 0.419922 0.470703 0.402344 0.066406
1 0.556641 0.687500 0.683594 0.359375
1 0.787109 0.265625 0.089844 0.093750
