0 0.269531 0.283203 0.156250 0.292969
0 0.392578 0.263672 0.082031 0.199219
0 0.406250 0.330078 0.046875 0.058594
0 0.437500 0.138672 0.109375 0.035156
0 0.109375 0.166016 0.203125 0.246094
0 0.107422 0.347656 0.207031 0.171875
0 0.609375 0.187500 0.046875 0.171875
0 0.656250 0.167969 0.085938 0.117188
0 0.734375 0.080078 0.062500 0.058594
0 0.541016 0.193359 0.089844 0.144531
0 0.888672 0.345703 0.152344 0.066406
0 0.498047 0.699219 0.246094 0.242188
0 0.658203 0.650391 0.074219 0.121094
0 0.707031 0.597656 0.148438 0.109375
0 0.656250 0.750000 0.062500 0.109375
0 0.535156 0.574219 0.210938 0.085938
0 0.376953 0.738281 0.121094 0.140625
0 0.904297 0.328125 0.113281 0.062500
0 0.904297 0.367188 0.152344 0.054688
0 0.400391 0.646484 0.128906 0.082031
0 0.437500 0.812500 0.101562 0.078125
0 0.716797 0.660156 0.058594 0.125000
0 0.779297 0.609375 0.074219 0.085938
0 0.750000 0.146484 0.101562 0.082031
0 0.636719 0.222656 0.078125 0.085938
0 0.566406 0.275391 0.117188 0.089844
0 0.466797 0.156250 0.082031 0.109375
0 0.275391 0.146484 0.152344 0.121094
1 0.425781 0.457031 0.148438 0.132812
1 0.324219 0.468750 0.109375 0.054688
1 0.445312 0.921875 0.117188 0.125000
1 0.476562 0.347656 0.062500 0.093750
1 0.392578 0.042969 0.292969 0.078125
