0 0.728516 0.470703 0.167969 0.191406
0 0.751953 0.644531 0.152344 0.156250
0 0.716797 0.410156 0.082031 0.109375
0 0.316406 0.451172 0.125000 0.160156
0 0.390625 0.517578 0.101562 0.160156
0 0.437500 0.750000 0.312500 0.109375
0 0.826172 0.658203 0.105469 0.144531
0 0.394531 0.716797 0.132812 0.089844
0 0.216797 0.710938 0.113281 0.070312
1 0.765625 0.779297 0.242188 0.097656
1 0.943359 0.710938 0.113281 0.328125
1 0.906250 0.375000 0.187500 0.375000
1 0.509766 0.273438 0.222656 0.335938
1 0.080078 0.781250 0.144531 0.273438
1 0.402344 0.906250 0.484375 0.187500
1 0.220703 0.781250 0.113281 0.062500
1 0.470703 0.632812 0.285156 0.078125
1 0.544922 0.517578 0.191406 0.160156
1 0.257812 0.208984 0.289062 0.316406
1 0.169922 0.501953 0.144531 0.269531
