0 0.621094 0.593750 0.109375 0.109375
0 0.710938 0.593750 0.070312 0.093750
0 0.773438 0.580078 0.054688 0.066406
0 0.822266 0.585938 0.042969 0.062500
0 0.869141 0.591797 0.042969 0.042969
0 0.515625 0.648438 0.093750 0.132812
0 0.566406 0.660156 0.093750 0.078125
0 0.421875 0.656250 0.093750 0.125000
0 0.378906 0.683594 0.140625 0.117188
0 0.263672 0.734375 0.113281 0.093750
0 0.203125 0.761719 0.046875 0.062500
0 0.171875 0.779297 0.062500 0.058594
1 0.183594 0.652344 0.171875 0.046875
1 0.080078 0.673828 0.152344 0.066406
1 0.953125 0.640625 0.093750 0.062500
1 0.888672 0.683594 0.089844 0.039062
1 0.068359 0.818359 0.128906 0.121094
