0 0.685547 0.410156 0.121094 0.195312
0 0.464844 0.406250 0.164062 0.140625
0 0.312500 0.421875 0.109375 0.125000
0 0.279297 0.544922 0.113281 0.089844
0 0.216797 0.703125 0.113281 0.093750
0 0.128906 0.732422 0.070312 0.128906
0 0.468750 0.166016 0.156250 0.097656
0 0.236328 0.166016 0.136719 0.074219
0 0.658203 0.248047 0.082031 0.136719
0 0.687500 0.560547 0.109375 0.089844
0 0.691406 0.658203 0.101562 0.097656
0 0.355469 0.291016 0.093750 0.074219
1 0.482422 0.275391 0.144531 0.113281
0 0.232422 0.580078 0.113281 0.082031
0 0.523438 0.462891 0.171875 0.105469
1 0.689453 0.798828 0.464844 0.160156
1 0.826172 0.431641 0.144531 0.253906
1 0.826172 0.640625 0.152344 0.156250
0 0.085938 0.785156 0.125000 0.085938
1 0.623047 0.908203 0.566406 0.175781
1 0.085938 0.544922 0.164062 0.191406
1 0.044922 0.679688 0.074219 0.093750
1 0.187500 0.425781 0.046875 0.195312
1 0.085938 0.326172 0.156250 0.238281
1 0.232422 0.265625 0.128906 0.125000
1 0.580078 0.265625 0.058594 0.281250
1 0.779297 0.218750 0.152344 0.187500
1 0.250000 0.871094 0.171875 0.226562
1 0.105469 0.917969 0.203125 0.164062
0 0.357422 0.208984 0.074219 0.074219
1 0.658203 0.103516 0.082031 0.144531
1 0.523438 0.058594 0.210938 0.109375
0 0.292969 0.095703 0.054688 0.066406
1 0.486328 0.623047 0.285156 0.199219
1 0.343750 0.679688 0.109375 0.164062
1 0.406250 0.753906 0.125000 0.132812
1 0.136719 0.169922 0.046875 0.066406
