0 0.218750 0.449219 0.109375 0.062500
0 0.335938 0.439453 0.109375 0.058594
0 0.433594 0.433594 0.085938 0.070312
0 0.511719 0.421875 0.062500 0.078125
0 0.593750 0.421875 0.078125 0.078125
0 0.683594 0.431641 0.093750 0.082031
0 0.783203 0.451172 0.113281 0.042969
0 0.871094 0.341797 0.046875 0.019531
0 0.128906 0.460938 0.054688 0.039062
0 0.626953 0.388672 0.097656 0.042969
1 0.917969 0.423828 0.148438 0.121094
0 0.775391 0.412109 0.082031 0.066406
1 0.050781 0.539062 0.093750 0.234375
1 0.220703 0.714844 0.269531 0.468750
1 0.761719 0.347656 0.156250 0.070312
1 0.947266 0.337891 0.097656 0.105469
1 0.242188 0.388672 0.312500 0.035156
1 0.613281 0.347656 0.171875 0.046875
