0 0.544922 0.578125 0.097656 0.171875
0 0.324219 0.744141 0.164062 0.378906
0 0.390625 0.603516 0.062500 0.199219
0 0.341797 0.542969 0.066406 0.085938
0 0.158203 0.619141 0.152344 0.128906
0 0.169922 0.781250 0.160156 0.140625
0 0.105469 0.814453 0.203125 0.253906
0 0.464844 0.652344 0.085938 0.125000
0 0.835938 0.679688 0.148438 0.148438
0 0.728516 0.667969 0.105469 0.062500
0 0.667969 0.531250 0.125000 0.093750
0 0.759766 0.572266 0.082031 0.074219
1 0.587891 0.859375 0.347656 0.281250
1 0.636719 0.683594 0.070312 0.203125
1 0.830078 0.876953 0.136719 0.238281
1 0.867188 0.515625 0.117188 0.171875
1 0.767578 0.464844 0.082031 0.132812
1 0.617188 0.429688 0.242188 0.085938
