0 0.562500 0.324219 0.171875 0.203125
0 0.667969 0.341797 0.148438 0.183594
0 0.798828 0.166016 0.121094 0.074219
0 0.429688 0.375000 0.085938 0.093750
0 0.294922 0.437500 0.097656 0.296875
0 0.359375 0.593750 0.078125 0.156250
0 0.406250 0.246094 0.171875 0.085938
0 0.232422 0.669922 0.121094 0.191406
0 0.279297 0.669922 0.113281 0.152344
0 0.123047 0.712891 0.082031 0.082031
0 0.140625 0.585938 0.046875 0.078125
0 0.273438 0.359375 0.125000 0.109375
0 0.376953 0.357422 0.082031 0.160156
0 0.484375 0.296875 0.109375 0.109375
0 0.310547 0.291016 0.089844 0.113281
0 0.548828 0.449219 0.097656 0.078125
0 0.250000 0.548828 0.140625 0.105469
0 0.060547 0.734375 0.097656 0.062500
0 0.220703 0.378906 0.113281 0.078125
0 0.753906 0.345703 0.078125 0.097656
0 0.564453 0.244141 0.152344 0.113281
0 0.730469 0.455078 0.070312 0.074219
1 0.898438 0.369141 0.195312 0.308594
1 0.935547 0.123047 0.128906 0.230469
1 0.365234 0.091797 0.722656 0.175781
1 0.808594 0.062500 0.156250 0.117188
1 0.105469 0.263672 0.203125 0.152344
1 0.087891 0.437500 0.167969 0.203125
1 0.455078 0.517578 0.089844 0.167969
1 0.402344 0.480469 0.109375 0.078125
1 0.652344 0.500000 0.093750 0.125000
1 0.546875 0.554688 0.093750 0.132812
