0 0.439453 0.201172 0.214844 0.308594
0 0.515625 0.421875 0.437500 0.218750
0 0.400391 0.697266 0.332031 0.332031
0 0.687500 0.607422 0.250000 0.152344
0 0.623047 0.203125 0.144531 0.203125
0 0.794922 0.435547 0.113281 0.183594
0 0.843750 0.593750 0.062500 0.125000
0 0.638672 0.734375 0.136719 0.093750
0 0.259766 0.919922 0.261719 0.121094
0 0.437500 0.890625 0.109375 0.062500
0 0.181641 0.781250 0.089844 0.156250
0 0.294922 0.492188 0.105469 0.210938
0 0.779297 0.705078 0.160156 0.058594
0 0.220703 0.669922 0.089844 0.167969
0 0.750000 0.306641 0.140625 0.167969
0 0.871094 0.482422 0.101562 0.175781
0 0.548828 0.812500 0.152344 0.109375
0 0.484375 0.875000 0.132812 0.078125
0 0.402344 0.943359 0.101562 0.066406
0 0.880859 0.675781 0.089844 0.179688
1 0.714844 0.880859 0.148438 0.167969
1 0.632812 0.941406 0.148438 0.117188
0 0.388672 0.310547 0.175781 0.207031
