0 0.462891 0.578125 0.097656 0.062500
0 0.468750 0.656250 0.062500 0.093750
0 0.347656 0.375000 0.156250 0.062500
0 0.402344 0.285156 0.078125 0.070312
0 0.554688 0.343750 0.062500 0.078125
0 0.648438 0.351562 0.140625 0.046875
0 0.343750 0.666016 0.062500 0.074219
1 0.714844 0.685547 0.382812 0.253906
1 0.285156 0.564453 0.250000 0.121094
1 0.214844 0.679688 0.195312 0.109375
1 0.423828 0.796875 0.214844 0.171875
1 0.703125 0.468750 0.312500 0.171875
1 0.423828 0.455078 0.253906 0.097656
1 0.773438 0.904297 0.453125 0.175781
1 0.273438 0.835938 0.320312 0.187500
1 0.542969 0.128906 0.226562 0.125000
0 0.492188 0.312500 0.093750 0.062500
