0 0.349609 0.398438 0.378906 0.335938
0 0.589844 0.378906 0.093750 0.273438
0 0.673828 0.398438 0.082031 0.218750
1 0.826172 0.757812 0.339844 0.484375
0 0.212891 0.580078 0.167969 0.128906
0 0.359375 0.541016 0.132812 0.136719
0 0.337891 0.248047 0.207031 0.089844
0 0.728516 0.419922 0.066406 0.152344
0 0.574219 0.507812 0.125000 0.078125
1 0.521484 0.808594 0.441406 0.382812
1 0.640625 0.625000 0.203125 0.140625
1 0.552734 0.671875 0.246094 0.203125
1 0.884766 0.296875 0.230469 0.578125
1 0.207031 0.826172 0.406250 0.339844
1 0.511719 0.101562 0.562500 0.195312
