0 0.171875 0.748047 0.093750 0.089844
0 0.263672 0.712891 0.089844 0.042969
0 0.246094 0.773438 0.054688 0.078125
0 0.294922 0.765625 0.027344 0.046875
0 0.794922 0.685547 0.058594 0.136719
0 0.839844 0.718750 0.023438 0.093750
0 0.875000 0.687500 0.062500 0.062500
0 0.919922 0.750000 0.058594 0.031250
0 0.875000 0.744141 0.062500 0.058594
0 0.849609 0.626953 0.042969 0.027344
0 0.734375 0.687500 0.062500 0.093750
0 0.669922 0.714844 0.058594 0.039062
0 0.927734 0.685547 0.042969 0.058594
0 0.326172 0.732422 0.058594 0.058594
1 0.494141 0.701172 0.230469 0.183594
1 0.062500 0.742188 0.109375 0.109375
1 0.259766 0.669922 0.238281 0.027344
1 0.650391 0.623047 0.097656 0.113281
1 0.794922 0.591797 0.191406 0.058594
1 0.939453 0.580078 0.113281 0.128906
