0 0.375000 0.435547 0.406250 0.371094
0 0.654297 0.511719 0.238281 0.367188
0 0.560547 0.177734 0.144531 0.113281
0 0.460938 0.687500 0.273438 0.140625
0 0.822266 0.531250 0.089844 0.265625
0 0.353516 0.216797 0.167969 0.066406
0 0.617188 0.259766 0.195312 0.152344
0 0.283203 0.652344 0.152344 0.085938
0 0.246094 0.236328 0.085938 0.074219
0 0.523438 0.234375 0.171875 0.093750
0 0.158203 0.515625 0.089844 0.156250
0 0.876953 0.546875 0.089844 0.242188
0 0.937500 0.546875 0.117188 0.171875
0 0.462891 0.740234 0.269531 0.152344
0 0.718750 0.687500 0.234375 0.078125
1 0.810547 0.867188 0.378906 0.234375
1 0.080078 0.203125 0.136719 0.078125
1 0.433594 0.095703 0.101562 0.121094
1 0.777344 0.255859 0.109375 0.128906
1 0.078125 0.333984 0.140625 0.199219
1 0.056641 0.599609 0.105469 0.332031
1 0.214844 0.796875 0.210938 0.203125
1 0.476562 0.912109 0.304688 0.175781
1 0.076172 0.847656 0.144531 0.156250
1 0.289062 0.125000 0.203125 0.085938
1 0.154297 0.169922 0.074219 0.113281
1 0.765625 0.408203 0.117188 0.121094
0 0.626953 0.142578 0.136719 0.097656
1 0.625000 0.046875 0.156250 0.085938
