0 0.369141 0.193359 0.136719 0.207031
0 0.478516 0.289062 0.082031 0.156250
0 0.441406 0.392578 0.273438 0.199219
0 0.583984 0.441406 0.113281 0.195312
0 0.535156 0.539062 0.203125 0.125000
0 0.251953 0.769531 0.097656 0.148438
0 0.347656 0.714844 0.132812 0.062500
0 0.523438 0.869141 0.140625 0.175781
0 0.589844 0.773438 0.125000 0.125000
0 0.671875 0.730469 0.117188 0.164062
0 0.742188 0.640625 0.132812 0.109375
0 0.804688 0.570312 0.125000 0.109375
0 0.851562 0.525391 0.093750 0.128906
0 0.779297 0.546875 0.113281 0.242188
0 0.691406 0.652344 0.164062 0.164062
0 0.480469 0.931641 0.187500 0.128906
0 0.478516 0.167969 0.113281 0.101562
0 0.152344 0.294922 0.296875 0.472656
1 0.101562 0.693359 0.195312 0.347656
1 0.308594 0.589844 0.234375 0.187500
1 0.300781 0.042969 0.320312 0.078125
0 0.722656 0.445312 0.156250 0.156250
0 0.484375 0.628906 0.148438 0.117188
0 0.320312 0.771484 0.085938 0.082031
0 0.416016 0.708984 0.058594 0.089844
0 0.630859 0.839844 0.074219 0.101562
0 0.570312 0.873047 0.125000 0.136719
0 0.582031 0.279297 0.132812 0.136719
0 0.369141 0.962891 0.128906 0.066406
1 0.339844 0.867188 0.070312 0.093750
1 0.486328 0.736328 0.074219 0.074219
1 0.400391 0.804688 0.074219 0.101562
1 0.589844 0.648438 0.054688 0.085938
0 0.550781 0.199219 0.054688 0.093750
1 0.150391 0.935547 0.292969 0.128906
