0 0.466797 0.273438 0.105469 0.148438
0 0.447266 0.339844 0.324219 0.265625
0 0.572266 0.578125 0.207031 0.218750
0 0.716797 0.625000 0.074219 0.265625
0 0.210938 0.419922 0.195312 0.136719
0 0.248047 0.324219 0.066406 0.078125
0 0.117188 0.435547 0.085938 0.128906
0 0.187500 0.513672 0.218750 0.066406
0 0.429688 0.560547 0.062500 0.167969
1 0.154297 0.093750 0.222656 0.046875
0 0.855469 0.703125 0.195312 0.218750
0 0.648438 0.386719 0.085938 0.164062
0 0.429688 0.593750 0.148438 0.078125
0 0.585938 0.726562 0.218750 0.132812
0 0.841797 0.906250 0.285156 0.187500
0 0.273438 0.296875 0.062500 0.093750
0 0.216797 0.369141 0.082031 0.128906
0 0.529297 0.166016 0.058594 0.121094
0 0.105469 0.556641 0.054688 0.113281
0 0.189453 0.580078 0.050781 0.097656
1 0.048828 0.873047 0.089844 0.144531
