0 0.515625 0.472656 0.093750 0.484375
0 0.589844 0.578125 0.085938 0.414062
0 0.734375 0.617188 0.187500 0.320312
0 0.826172 0.423828 0.105469 0.136719
0 0.406250 0.455078 0.125000 0.542969
0 0.281250 0.386719 0.140625 0.500000
0 0.156250 0.417969 0.117188 0.257812
0 0.302734 0.798828 0.175781 0.105469
0 0.210938 0.861328 0.109375 0.113281
0 0.535156 0.742188 0.078125 0.046875
0 0.970703 0.816406 0.058594 0.257812
0 0.865234 0.640625 0.082031 0.210938
0 0.078125 0.939453 0.140625 0.121094
0 0.152344 0.234375 0.109375 0.117188
