0 0.447266 0.609375 0.097656 0.125000
0 0.529297 0.593750 0.066406 0.078125
0 0.390625 0.648438 0.125000 0.140625
0 0.296875 0.640625 0.062500 0.093750
0 0.250000 0.640625 0.078125 0.078125
1 0.531250 0.433594 0.218750 0.054688
1 0.640625 0.500000 0.156250 0.093750
1 0.650391 0.666016 0.167969 0.230469
1 0.558594 0.701172 0.117188 0.113281
1 0.503906 0.792969 0.343750 0.148438
1 0.257812 0.791016 0.132812 0.191406
0 0.464844 0.496094 0.117188 0.062500
1 0.054688 0.744141 0.093750 0.246094
1 0.931641 0.566406 0.121094 0.140625
