0 0.554688 0.484375 0.093750 0.250000
0 0.671875 0.562500 0.140625 0.203125
0 0.417969 0.470703 0.171875 0.136719
0 0.210938 0.486328 0.242188 0.246094
0 0.492188 0.621094 0.195312 0.179688
0 0.802734 0.539062 0.160156 0.187500
0 0.632812 0.414062 0.062500 0.132812
0 0.669922 0.707031 0.207031 0.148438
0 0.900391 0.535156 0.089844 0.093750
0 0.064453 0.525391 0.121094 0.269531
0 0.255859 0.195312 0.253906 0.093750
0 0.111328 0.205078 0.089844 0.082031
0 0.763672 0.076172 0.160156 0.066406
0 0.923828 0.064453 0.152344 0.058594
1 0.628906 0.085938 0.109375 0.046875
1 0.880859 0.710938 0.199219 0.140625
1 0.449219 0.781250 0.226562 0.117188
1 0.333984 0.695312 0.121094 0.148438
0 0.373047 0.564453 0.128906 0.113281
1 0.693359 0.863281 0.207031 0.156250
1 0.525391 0.267578 0.222656 0.152344
0 0.449219 0.419922 0.226562 0.082031
1 0.710938 0.384766 0.093750 0.113281
