0 0.496094 0.250000 0.679688 0.187500
0 0.802734 0.246094 0.144531 0.156250
0 0.857422 0.277344 0.113281 0.117188
0 0.390625 0.535156 0.500000 0.148438
0 0.482422 0.501953 0.316406 0.128906
0 0.318359 0.822266 0.628906 0.339844
0 0.783203 0.509766 0.269531 0.160156
0 0.076172 0.558594 0.144531 0.140625
0 0.902344 0.800781 0.195312 0.343750
0 0.716797 0.796875 0.121094 0.406250
1 0.109375 0.292969 0.101562 0.125000
0 0.955078 0.535156 0.082031 0.117188
0 0.212891 0.255859 0.199219 0.128906
0 0.783203 0.287109 0.386719 0.074219
1 0.162109 0.429688 0.316406 0.062500
