0 0.392578 0.398438 0.347656 0.117188
0 0.626953 0.453125 0.105469 0.171875
0 0.703125 0.517578 0.156250 0.113281
0 0.824219 0.564453 0.203125 0.113281
0 0.458984 0.298828 0.128906 0.089844
0 0.595703 0.335938 0.128906 0.093750
0 0.169922 0.416016 0.175781 0.097656
0 0.183594 0.279297 0.218750 0.113281
0 0.349609 0.296875 0.113281 0.140625
0 0.855469 0.474609 0.156250 0.136719
0 0.728516 0.441406 0.113281 0.187500
0 0.832031 0.675781 0.179688 0.132812
0 0.742188 0.947266 0.117188 0.105469
1 0.591797 0.664062 0.285156 0.164062
0 0.347656 0.455078 0.140625 0.113281
0 0.500000 0.431641 0.164062 0.113281
0 0.046875 0.361328 0.085938 0.222656
1 0.119141 0.548828 0.230469 0.128906
1 0.345703 0.609375 0.207031 0.179688
1 0.500000 0.554688 0.140625 0.117188
0 0.964844 0.566406 0.070312 0.289062
1 0.726562 0.812500 0.546875 0.125000
1 0.347656 0.859375 0.210938 0.281250
1 0.126953 0.808594 0.246094 0.382812
1 0.373047 0.164062 0.324219 0.125000
1 0.642578 0.240234 0.207031 0.097656
1 0.761719 0.289062 0.195312 0.117188
1 0.892578 0.337891 0.214844 0.136719
1 0.166016 0.185547 0.152344 0.074219
1 0.039062 0.205078 0.070312 0.082031
1 0.576172 0.935547 0.214844 0.121094
1 0.904297 0.935547 0.191406 0.113281
