0 0.460938 0.494141 0.132812 0.292969
0 0.625000 0.546875 0.187500 0.343750
0 0.748047 0.478516 0.050781 0.097656
0 0.791016 0.638672 0.121094 0.152344
0 0.917969 0.621094 0.164062 0.164062
0 0.890625 0.314453 0.125000 0.066406
0 0.968750 0.328125 0.031250 0.078125
0 0.843750 0.310547 0.109375 0.050781
0 0.343750 0.501953 0.093750 0.253906
0 0.250000 0.515625 0.078125 0.203125
0 0.181641 0.562500 0.066406 0.093750
0 0.107422 0.546875 0.074219 0.109375
0 0.046875 0.560547 0.046875 0.058594
0 0.308594 0.421875 0.078125 0.062500
0 0.187500 0.478516 0.109375 0.066406
0 0.421875 0.400391 0.109375 0.089844
0 0.689453 0.429688 0.121094 0.078125
0 0.220703 0.228516 0.066406 0.042969
0 0.046875 0.291016 0.085938 0.042969
0 0.119141 0.267578 0.089844 0.042969
0 0.060547 0.416016 0.097656 0.042969
0 0.527344 0.656250 0.117188 0.078125
0 0.484375 0.267578 0.093750 0.035156
1 0.654297 0.261719 0.191406 0.195312
1 0.796875 0.191406 0.406250 0.148438
1 0.343750 0.246094 0.171875 0.093750
1 0.511719 0.212891 0.164062 0.058594
1 0.898438 0.455078 0.203125 0.152344
1 0.216797 0.322266 0.089844 0.136719
1 0.326172 0.312500 0.128906 0.093750
1 0.486328 0.310547 0.183594 0.035156
1 0.138672 0.343750 0.097656 0.093750
1 0.058594 0.355469 0.109375 0.062500
1 0.160156 0.406250 0.078125 0.062500
0 0.064453 0.513672 0.082031 0.035156
1 0.312500 0.814453 0.312500 0.339844
1 0.144531 0.808594 0.281250 0.382812
1 0.734375 0.855469 0.531250 0.289062
