0 0.523438 0.689453 0.171875 0.097656
0 0.382812 0.525391 0.085938 0.058594
0 0.380859 0.599609 0.082031 0.042969
0 0.712891 0.673828 0.128906 0.042969
0 0.826172 0.519531 0.160156 0.054688
0 0.939453 0.412109 0.121094 0.128906
0 0.958984 0.503906 0.082031 0.054688
0 0.537109 0.576172 0.113281 0.058594
0 0.687500 0.537109 0.117188 0.050781
1 0.814453 0.853516 0.363281 0.292969
1 0.894531 0.648438 0.210938 0.195312
0 0.464844 0.794922 0.117188 0.050781
1 0.601562 0.880859 0.148438 0.238281
0 0.408203 0.679688 0.082031 0.070312
1 0.447266 0.902344 0.214844 0.148438
