0 0.095703 0.566406 0.183594 0.242188
0 0.312500 0.591797 0.250000 0.261719
0 0.564453 0.625000 0.253906 0.281250
0 0.781250 0.628906 0.164062 0.281250
0 0.929688 0.718750 0.109375 0.234375
0 0.451172 0.105469 0.074219 0.093750
0 0.367188 0.708984 0.179688 0.128906
0 0.763672 0.750000 0.222656 0.148438
0 0.166016 0.687500 0.121094 0.078125
1 0.333984 0.886719 0.652344 0.210938
1 0.824219 0.917969 0.343750 0.164062
1 0.718750 0.236328 0.398438 0.464844
1 0.316406 0.308594 0.531250 0.273438
1 0.230469 0.140625 0.359375 0.273438
