0 0.503906 0.468750 0.070312 0.203125
0 0.591797 0.542969 0.066406 0.031250
0 0.564453 0.400391 0.121094 0.066406
0 0.447266 0.464844 0.058594 0.132812
0 0.375000 0.484375 0.078125 0.078125
0 0.296875 0.482422 0.078125 0.074219
0 0.218750 0.484375 0.062500 0.093750
0 0.140625 0.505859 0.093750 0.113281
0 0.046875 0.509766 0.085938 0.152344
0 0.330078 0.734375 0.128906 0.054688
0 0.660156 0.619141 0.164062 0.105469
0 0.464844 0.535156 0.187500 0.101562
1 0.751953 0.453125 0.230469 0.164062
1 0.869141 0.609375 0.246094 0.390625
1 0.617188 0.730469 0.281250 0.117188
1 0.058594 0.380859 0.109375 0.097656
