0 0.574219 0.265625 0.195312 0.187500
0 0.406250 0.339844 0.125000 0.062500
0 0.310547 0.406250 0.074219 0.187500
0 0.593750 0.519531 0.234375 0.304688
0 0.408203 0.644531 0.152344 0.437500
0 0.568359 0.720703 0.167969 0.128906
0 0.199219 0.494141 0.148438 0.207031
0 0.312500 0.703125 0.062500 0.406250
0 0.197266 0.714844 0.167969 0.265625
0 0.171875 0.826172 0.218750 0.324219
0 0.044922 0.888672 0.082031 0.214844
0 0.695312 0.273438 0.125000 0.140625
0 0.794922 0.156250 0.152344 0.046875
1 0.859375 0.621094 0.281250 0.546875
1 0.619141 0.892578 0.214844 0.214844
1 0.439453 0.935547 0.167969 0.128906
1 0.955078 0.281250 0.089844 0.140625
0 0.908203 0.173828 0.097656 0.066406
0 0.835938 0.275391 0.132812 0.128906
0 0.095703 0.464844 0.082031 0.070312
0 0.435547 0.265625 0.089844 0.078125
0 0.369141 0.291016 0.089844 0.074219
0 0.650391 0.171875 0.097656 0.070312
0 0.822266 0.185547 0.066406 0.042969
