0 0.310547 0.492188 0.066406 0.109375
0 0.376953 0.484375 0.066406 0.125000
0 0.449219 0.478516 0.054688 0.136719
0 0.509766 0.468750 0.058594 0.125000
0 0.564453 0.453125 0.058594 0.140625
0 0.638672 0.447266 0.074219 0.113281
0 0.746094 0.437500 0.140625 0.093750
0 0.865234 0.433594 0.089844 0.085938
0 0.953125 0.398438 0.093750 0.062500
0 0.976562 0.441406 0.046875 0.054688
0 0.259766 0.460938 0.019531 0.023438
1 0.126953 0.621094 0.246094 0.757812
1 0.589844 0.777344 0.671875 0.445312
1 0.962891 0.761719 0.066406 0.476562
1 0.763672 0.531250 0.339844 0.046875
1 0.314453 0.306641 0.144531 0.199219
1 0.687500 0.330078 0.578125 0.082031
1 0.816406 0.232422 0.359375 0.136719
1 0.517578 0.263672 0.261719 0.074219
1 0.138672 0.199219 0.261719 0.093750
1 0.322266 0.183594 0.105469 0.039062
1 0.869141 0.140625 0.261719 0.046875
1 0.808594 0.031250 0.273438 0.046875
