0 0.570312 0.486328 0.023438 0.222656
0 0.683594 0.439453 0.070312 0.105469
0 0.732422 0.433594 0.035156 0.062500
0 0.652344 0.529297 0.070312 0.113281
0 0.623047 0.400391 0.097656 0.082031
0 0.416016 0.449219 0.113281 0.070312
0 0.460938 0.511719 0.148438 0.078125
0 0.458984 0.595703 0.089844 0.121094
0 0.398438 0.625000 0.031250 0.046875
0 0.525391 0.500000 0.097656 0.257812
0 0.923828 0.935547 0.097656 0.082031
1 0.878906 0.750000 0.242188 0.289062
1 0.595703 0.843750 0.472656 0.312500
1 0.089844 0.558594 0.171875 0.726562
1 0.292969 0.841797 0.429688 0.316406
