0 0.625000 0.404297 0.421875 0.113281
0 0.500000 0.453125 0.250000 0.156250
0 0.451172 0.531250 0.191406 0.125000
0 0.621094 0.355469 0.265625 0.085938
0 0.687500 0.343750 0.093750 0.125000
0 0.796875 0.212891 0.218750 0.058594
1 0.429688 0.732422 0.281250 0.261719
1 0.687500 0.718750 0.218750 0.343750
1 0.234375 0.804688 0.421875 0.359375
0 0.654297 0.468750 0.121094 0.078125
1 0.529297 0.253906 0.207031 0.070312
1 0.250000 0.291016 0.343750 0.058594
1 0.230469 0.492188 0.234375 0.273438
1 0.062500 0.523438 0.109375 0.226562
