0 0.498047 0.322266 0.222656 0.121094
0 0.648438 0.341797 0.070312 0.105469
1 0.718750 0.345703 0.062500 0.089844
0 0.355469 0.314453 0.078125 0.066406
0 0.523438 0.361328 0.148438 0.082031
0 0.472656 0.277344 0.117188 0.062500
1 0.585938 0.128906 0.281250 0.242188
1 0.853516 0.300781 0.191406 0.335938
1 0.769531 0.179688 0.132812 0.226562
1 0.919922 0.507812 0.160156 0.375000
1 0.722656 0.593750 0.273438 0.375000
1 0.250000 0.386719 0.117188 0.179688
1 0.748047 0.843750 0.480469 0.312500
1 0.121094 0.804688 0.218750 0.367188
1 0.404297 0.919922 0.347656 0.160156
1 0.384766 0.146484 0.175781 0.183594
