0 0.656250 0.751953 0.078125 0.316406
0 0.744141 0.791016 0.136719 0.339844
0 0.816406 0.761719 0.179688 0.218750
0 0.603516 0.794922 0.113281 0.339844
0 0.660156 0.873047 0.101562 0.167969
0 0.500000 0.888672 0.078125 0.027344
0 0.484375 0.884766 0.265625 0.136719
0 0.716797 0.611328 0.097656 0.097656
0 0.546875 0.808594 0.109375 0.085938
0 0.763672 0.562500 0.121094 0.046875
0 0.943359 0.390625 0.113281 0.085938
0 0.845703 0.441406 0.089844 0.046875
1 0.929688 0.291016 0.117188 0.097656
1 0.812500 0.361328 0.125000 0.105469
1 0.953125 0.796875 0.078125 0.406250
1 0.892578 0.937500 0.160156 0.125000
1 0.761719 0.509766 0.250000 0.050781
1 0.447266 0.753906 0.097656 0.125000
1 0.298828 0.939453 0.050781 0.113281
0 0.390625 0.906250 0.109375 0.062500
