0 0.683594 0.470703 0.273438 0.277344
0 0.451172 0.560547 0.207031 0.136719
0 0.796875 0.525391 0.046875 0.167969
0 0.853516 0.562500 0.050781 0.132812
0 0.556641 0.306641 0.253906 0.113281
0 0.691406 0.341797 0.148438 0.160156
0 0.091797 0.345703 0.175781 0.121094
0 0.130859 0.238281 0.253906 0.109375
0 0.271484 0.539062 0.199219 0.117188
0 0.437500 0.646484 0.117188 0.066406
0 0.882812 0.525391 0.109375 0.207031
0 0.484375 0.419922 0.109375 0.128906
0 0.175781 0.458984 0.156250 0.128906
0 0.101562 0.509766 0.179688 0.097656
0 0.281250 0.615234 0.140625 0.089844
0 0.134766 0.648438 0.152344 0.085938
1 0.878906 0.761719 0.242188 0.250000
1 0.658203 0.710938 0.183594 0.195312
1 0.273438 0.728516 0.085938 0.136719
0 0.431641 0.068359 0.105469 0.050781
0 0.298828 0.052734 0.097656 0.050781
1 0.449219 0.177734 0.273438 0.152344
1 0.349609 0.363281 0.160156 0.226562
1 0.119141 0.076172 0.230469 0.144531
