0 0.343750 0.406250 0.125000 0.210938
0 0.232422 0.390625 0.097656 0.062500
0 0.287109 0.416016 0.136719 0.089844
0 0.353516 0.279297 0.066406 0.058594
0 0.466797 0.419922 0.121094 0.183594
0 0.462891 0.357422 0.105469 0.136719
0 0.517578 0.548828 0.347656 0.066406
0 0.550781 0.490234 0.101562 0.121094
0 0.654297 0.654297 0.332031 0.285156
0 0.451172 0.623047 0.058594 0.066406
0 0.568359 0.636719 0.285156 0.132812
0 0.353516 0.511719 0.082031 0.070312
0 0.316406 0.449219 0.132812 0.062500
1 0.794922 0.312500 0.261719 0.375000
1 0.564453 0.171875 0.285156 0.226562
1 0.621094 0.345703 0.164062 0.152344
1 0.695312 0.425781 0.171875 0.148438
1 0.912109 0.654297 0.175781 0.441406
1 0.216797 0.150391 0.425781 0.183594
1 0.091797 0.408203 0.167969 0.347656
1 0.677734 0.902344 0.542969 0.195312
1 0.341797 0.734375 0.152344 0.281250
1 0.226562 0.562500 0.101562 0.171875
