0 0.437500 0.494141 0.140625 0.261719
0 0.609375 0.546875 0.187500 0.171875
0 0.687500 0.421875 0.109375 0.078125
0 0.824219 0.392578 0.070312 0.097656
0 0.888672 0.419922 0.136719 0.105469
0 0.072266 0.501953 0.136719 0.253906
0 0.171875 0.498047 0.062500 0.191406
0 0.298828 0.513672 0.292969 0.207031
0 0.937500 0.828125 0.078125 0.171875
0 0.869141 0.904297 0.066406 0.089844
0 0.074219 0.126953 0.132812 0.246094
0 0.232422 0.105469 0.175781 0.078125
0 0.279297 0.167969 0.105469 0.132812
0 0.078125 0.216797 0.148438 0.121094
0 0.716797 0.197266 0.128906 0.214844
1 0.417969 0.212891 0.164062 0.066406
