0 0.791016 0.384766 0.089844 0.089844
0 0.585938 0.429688 0.039062 0.031250
0 0.578125 0.515625 0.046875 0.031250
0 0.281250 0.718750 0.093750 0.078125
0 0.703125 0.345703 0.078125 0.050781
0 0.500000 0.484375 0.078125 0.125000
0 0.386719 0.533203 0.093750 0.152344
0 0.751953 0.439453 0.089844 0.066406
0 0.824219 0.470703 0.101562 0.097656
0 0.857422 0.417969 0.066406 0.078125
0 0.294922 0.541016 0.121094 0.058594
0 0.359375 0.642578 0.156250 0.089844
0 0.468750 0.574219 0.062500 0.085938
0 0.218750 0.705078 0.093750 0.097656
0 0.408203 0.464844 0.042969 0.062500
1 0.761719 0.625000 0.132812 0.093750
0 0.591797 0.640625 0.089844 0.093750
1 0.533203 0.822266 0.167969 0.199219
0 0.873047 0.470703 0.105469 0.058594
1 0.814453 0.808594 0.160156 0.101562
1 0.953125 0.947266 0.093750 0.082031
1 0.955078 0.736328 0.089844 0.089844
1 0.667969 0.287109 0.078125 0.050781
0 0.232422 0.656250 0.089844 0.062500
