0 0.384766 0.494141 0.042969 0.074219
0 0.396484 0.570312 0.050781 0.078125
0 0.445312 0.488281 0.078125 0.070312
0 0.449219 0.203125 0.054688 0.046875
0 0.476562 0.197266 0.046875 0.089844
0 0.406250 0.218750 0.015625 0.031250
0 0.046875 0.199219 0.046875 0.031250
0 0.472656 0.669922 0.062500 0.105469
0 0.525391 0.097656 0.042969 0.031250
0 0.531250 0.027344 0.031250 0.046875
1 0.304688 0.576172 0.101562 0.199219
1 0.330078 0.812500 0.214844 0.375000
1 0.492188 0.570312 0.125000 0.078125
1 0.466797 0.351562 0.113281 0.187500
1 0.152344 0.117188 0.148438 0.171875
1 0.589844 0.798828 0.164062 0.371094
1 0.498047 0.867188 0.136719 0.265625
1 0.064453 0.107422 0.121094 0.136719
