0 0.281250 0.531250 0.070312 0.093750
0 0.343750 0.525391 0.046875 0.097656
0 0.402344 0.515625 0.062500 0.093750
0 0.468750 0.501953 0.078125 0.074219
0 0.535156 0.484375 0.070312 0.078125
0 0.593750 0.460938 0.031250 0.054688
0 0.613281 0.445312 0.085938 0.031250
0 0.566406 0.285156 0.085938 0.031250
0 0.886719 0.324219 0.171875 0.062500
0 0.773438 0.316406 0.054688 0.031250
0 0.095703 0.378906 0.066406 0.039062
0 0.449219 0.679688 0.062500 0.031250
0 0.033203 0.322266 0.042969 0.019531
0 0.949219 0.371094 0.101562 0.093750
1 0.123047 0.644531 0.238281 0.156250
1 0.183594 0.226562 0.164062 0.078125
1 0.810547 0.607422 0.378906 0.269531
1 0.611328 0.685547 0.238281 0.285156
1 0.302734 0.708984 0.214844 0.246094
1 0.494141 0.785156 0.199219 0.164062
