0 0.337891 0.574219 0.082031 0.078125
0 0.423828 0.574219 0.089844 0.085938
0 0.390625 0.527344 0.156250 0.054688
0 0.531250 0.564453 0.140625 0.105469
0 0.640625 0.523438 0.078125 0.031250
0 0.546875 0.529297 0.125000 0.066406
0 0.714844 0.529297 0.070312 0.027344
0 0.650391 0.564453 0.082031 0.058594
1 0.876953 0.609375 0.246094 0.218750
1 0.718750 0.673828 0.218750 0.128906
1 0.759766 0.607422 0.121094 0.121094
1 0.515625 0.689453 0.234375 0.136719
1 0.328125 0.689453 0.171875 0.152344
1 0.244141 0.593750 0.105469 0.156250
1 0.179688 0.691406 0.171875 0.140625
1 0.453125 0.451172 0.171875 0.089844
1 0.628906 0.462891 0.179688 0.058594
1 0.277344 0.468750 0.070312 0.078125
1 0.355469 0.451172 0.109375 0.089844
1 0.099609 0.712891 0.167969 0.394531
1 0.349609 0.804688 0.347656 0.125000
