0 0.628906 0.441406 0.140625 0.320312
0 0.503906 0.480469 0.109375 0.281250
0 0.410156 0.509766 0.070312 0.238281
0 0.679688 0.574219 0.148438 0.156250
0 0.341797 0.566406 0.074219 0.125000
0 0.279297 0.593750 0.105469 0.132812
0 0.230469 0.615234 0.132812 0.136719
0 0.166016 0.648438 0.097656 0.109375
0 0.103516 0.662109 0.113281 0.082031
0 0.703125 0.691406 0.101562 0.148438
0 0.742188 0.751953 0.093750 0.089844
0 0.582031 0.345703 0.164062 0.105469
0 0.404297 0.464844 0.144531 0.085938
0 0.666016 0.318359 0.082031 0.128906
1 0.435547 0.843750 0.441406 0.312500
1 0.855469 0.365234 0.281250 0.253906
1 0.898438 0.746094 0.195312 0.492188
1 0.156250 0.406250 0.304688 0.234375
1 0.376953 0.222656 0.136719 0.289062
1 0.583984 0.171875 0.277344 0.171875
1 0.859375 0.123047 0.273438 0.230469
