0 0.681641 0.740234 0.097656 0.097656
0 0.761719 0.744141 0.101562 0.066406
0 0.904297 0.876953 0.183594 0.246094
0 0.341797 0.812500 0.058594 0.125000
0 0.386719 0.794922 0.070312 0.082031
0 0.294922 0.826172 0.074219 0.113281
0 0.839844 0.328125 0.093750 0.031250
0 0.648438 0.398438 0.046875 0.031250
0 0.525391 0.480469 0.058594 0.054688
0 0.185547 0.492188 0.089844 0.093750
0 0.589844 0.328125 0.046875 0.015625
0 0.664062 0.875000 0.148438 0.093750
0 0.347656 0.601562 0.156250 0.078125
0 0.078125 0.541016 0.117188 0.082031
0 0.427734 0.509766 0.121094 0.050781
1 0.744141 0.396484 0.128906 0.089844
1 0.689453 0.541016 0.246094 0.199219
1 0.947266 0.486328 0.105469 0.097656
1 0.939453 0.626953 0.121094 0.082031
1 0.941406 0.316406 0.117188 0.148438
1 0.507812 0.783203 0.148438 0.222656
1 0.128906 0.787109 0.250000 0.394531
1 0.433594 0.943359 0.328125 0.113281
1 0.708984 0.964844 0.230469 0.070312
1 0.511719 0.609375 0.171875 0.125000
1 0.285156 0.494141 0.101562 0.128906
1 0.550781 0.394531 0.132812 0.093750
1 0.705078 0.312500 0.167969 0.078125
1 0.830078 0.273438 0.121094 0.062500
1 0.851562 0.527344 0.093750 0.351562
