0 0.392578 0.720703 0.277344 0.128906
0 0.330078 0.451172 0.269531 0.074219
0 0.250000 0.367188 0.234375 0.062500
0 0.191406 0.783203 0.210938 0.074219
0 0.511719 0.593750 0.156250 0.031250
0 0.886719 0.820312 0.148438 0.085938
0 0.515625 0.464844 0.109375 0.085938
0 0.597656 0.732422 0.117188 0.113281
0 0.396484 0.617188 0.152344 0.078125
0 0.636719 0.560547 0.140625 0.082031
0 0.921875 0.763672 0.148438 0.097656
0 0.406250 0.796875 0.171875 0.062500
0 0.265625 0.312500 0.156250 0.031250
0 0.416016 0.369141 0.136719 0.089844
0 0.724609 0.291016 0.199219 0.027344
0 0.107422 0.375000 0.097656 0.046875
0 0.562500 0.814453 0.109375 0.058594
0 0.591797 0.496094 0.066406 0.039062
0 0.738281 0.574219 0.078125 0.062500
0 0.570312 0.630859 0.054688 0.042969
0 0.691406 0.720703 0.070312 0.058594
