0 0.468750 0.345703 0.093750 0.121094
0 0.515625 0.482422 0.062500 0.136719
0 0.574219 0.412109 0.085938 0.160156
0 0.464844 0.484375 0.085938 0.125000
0 0.882812 0.605469 0.101562 0.125000
0 0.902344 0.787109 0.070312 0.230469
0 0.835938 0.691406 0.062500 0.140625
0 0.902344 0.482422 0.078125 0.144531
0 0.433594 0.384766 0.085938 0.105469
1 0.263672 0.302734 0.214844 0.261719
1 0.876953 0.232422 0.246094 0.144531
1 0.486328 0.916016 0.152344 0.167969
1 0.564453 0.187500 0.207031 0.164062
1 0.302734 0.341797 0.160156 0.285156
1 0.789062 0.437500 0.125000 0.195312
1 0.044922 0.259766 0.082031 0.136719
