0 0.492188 0.640625 0.359375 0.187500
0 0.406250 0.472656 0.156250 0.109375
0 0.406250 0.220703 0.156250 0.246094
0 0.455078 0.390625 0.285156 0.109375
0 0.666016 0.564453 0.144531 0.144531
0 0.812500 0.576172 0.140625 0.121094
0 0.404297 0.750000 0.308594 0.187500
0 0.722656 0.705078 0.125000 0.128906
0 0.841797 0.187500 0.191406 0.140625
0 0.935547 0.607422 0.121094 0.292969
0 0.796875 0.453125 0.140625 0.125000
0 0.734375 0.712891 0.125000 0.136719
1 0.625000 0.876953 0.109375 0.246094
1 0.673828 0.181641 0.160156 0.136719
0 0.250000 0.218750 0.140625 0.171875
1 0.544922 0.191406 0.128906 0.289062
0 0.687500 0.056641 0.156250 0.105469
1 0.669922 0.373047 0.121094 0.246094
1 0.837891 0.324219 0.183594 0.117188
1 0.839844 0.750000 0.093750 0.218750
1 0.939453 0.875000 0.089844 0.250000
1 0.753906 0.890625 0.140625 0.218750
1 0.201172 0.433594 0.214844 0.250000
1 0.160156 0.611328 0.304688 0.097656
1 0.125000 0.828125 0.234375 0.328125
0 0.480469 0.853516 0.171875 0.128906
0 0.091797 0.156250 0.175781 0.304688
1 0.251953 0.066406 0.136719 0.125000
1 0.404297 0.050781 0.160156 0.093750
1 0.886719 0.052734 0.210938 0.097656
1 0.968750 0.285156 0.062500 0.328125
