0 0.492188 0.482422 0.164062 0.128906
0 0.390625 0.541016 0.062500 0.105469
0 0.437500 0.548828 0.078125 0.089844
0 0.556641 0.542969 0.089844 0.054688
0 0.609375 0.511719 0.062500 0.070312
0 0.566406 0.439453 0.125000 0.058594
0 0.531250 0.296875 0.093750 0.015625
0 0.375000 0.875000 0.125000 0.218750
0 0.482422 0.884766 0.175781 0.230469
0 0.595703 0.906250 0.074219 0.187500
1 0.705078 0.900391 0.121094 0.199219
0 0.306641 0.875000 0.089844 0.203125
0 0.656250 0.515625 0.062500 0.054688
0 0.638672 0.447266 0.066406 0.027344
