0 0.578125 0.478516 0.171875 0.058594
0 0.769531 0.460938 0.203125 0.054688
0 0.423828 0.496094 0.128906 0.046875
0 0.304688 0.517578 0.109375 0.058594
0 0.421875 0.714844 0.093750 0.062500
1 0.695312 0.751953 0.421875 0.136719
1 0.105469 0.781250 0.179688 0.117188
0 0.207031 0.519531 0.093750 0.062500
1 0.710938 0.589844 0.375000 0.164062
1 0.650391 0.914062 0.128906 0.171875
1 0.955078 0.800781 0.089844 0.218750
1 0.853516 0.914062 0.269531 0.171875
1 0.318359 0.921875 0.621094 0.156250
1 0.365234 0.824219 0.277344 0.132812
1 0.519531 0.216797 0.531250 0.425781
1 0.863281 0.257812 0.156250 0.343750
1 0.943359 0.531250 0.113281 0.296875
1 0.337891 0.617188 0.410156 0.117188
1 0.119141 0.687500 0.222656 0.078125
