0 0.511719 0.560547 0.109375 0.144531
0 0.406250 0.574219 0.078125 0.085938
0 0.640625 0.501953 0.156250 0.230469
1 0.166016 0.410156 0.316406 0.265625
1 0.410156 0.765625 0.148438 0.265625
1 0.261719 0.820312 0.132812 0.093750
0 0.544922 0.486328 0.128906 0.121094
1 0.748047 0.253906 0.347656 0.257812
1 0.859375 0.560547 0.265625 0.441406
1 0.734375 0.718750 0.171875 0.156250
1 0.628906 0.775391 0.289062 0.261719
1 0.878906 0.855469 0.203125 0.289062
0 0.419922 0.560547 0.160156 0.058594
1 0.486328 0.285156 0.347656 0.187500
1 0.277344 0.744141 0.257812 0.097656
1 0.224609 0.312500 0.441406 0.234375
0 0.074219 0.677734 0.132812 0.238281
0 0.234375 0.619141 0.195312 0.144531
1 0.667969 0.919922 0.164062 0.121094
