0 0.578125 0.501953 0.328125 0.269531
0 0.371094 0.611328 0.093750 0.394531
0 0.566406 0.669922 0.304688 0.066406
0 0.519531 0.318359 0.109375 0.105469
0 0.703125 0.292969 0.101562 0.164062
0 0.337891 0.589844 0.105469 0.273438
0 0.566406 0.708984 0.273438 0.074219
0 0.449219 0.742188 0.101562 0.070312
0 0.623047 0.316406 0.121094 0.156250
1 0.640625 0.166016 0.242188 0.089844
1 0.503906 0.224609 0.125000 0.074219
1 0.427734 0.277344 0.097656 0.054688
0 0.466797 0.349609 0.105469 0.066406
0 0.398438 0.416016 0.085938 0.066406
1 0.367188 0.349609 0.101562 0.058594
1 0.253906 0.564453 0.046875 0.261719
1 0.251953 0.750000 0.058594 0.101562
1 0.408203 0.857422 0.121094 0.082031
1 0.570312 0.789062 0.125000 0.078125
1 0.759766 0.683594 0.074219 0.085938
