0 0.541016 0.431641 0.136719 0.097656
0 0.437500 0.449219 0.031250 0.078125
0 0.369141 0.460938 0.136719 0.054688
0 0.183594 0.734375 0.164062 0.062500
0 0.234375 0.748047 0.265625 0.167969
0 0.406250 0.792969 0.078125 0.234375
0 0.496094 0.736328 0.132812 0.089844
0 0.156250 0.687500 0.218750 0.125000
0 0.603516 0.435547 0.082031 0.074219
0 0.875000 0.515625 0.171875 0.046875
0 0.898438 0.542969 0.140625 0.140625
0 0.921875 0.603516 0.156250 0.097656
0 0.482422 0.416016 0.066406 0.113281
0 0.658203 0.453125 0.066406 0.046875
1 0.748047 0.343750 0.144531 0.109375
1 0.689453 0.687500 0.246094 0.218750
1 0.187500 0.919922 0.359375 0.160156
1 0.781250 0.904297 0.421875 0.183594
1 0.906250 0.732422 0.171875 0.160156
1 0.105469 0.542969 0.195312 0.140625
0 0.326172 0.312500 0.105469 0.093750
1 0.546875 0.291016 0.156250 0.082031
0 0.064453 0.734375 0.089844 0.078125
0 0.330078 0.496094 0.089844 0.046875
