0 0.273438 0.447266 0.414062 0.339844
0 0.687500 0.375000 0.375000 0.734375
0 0.404297 0.214844 0.347656 0.375000
0 0.187500 0.281250 0.125000 0.312500
0 0.390625 0.658203 0.453125 0.097656
0 0.437500 0.765625 0.265625 0.109375
0 0.931641 0.341797 0.136719 0.347656
0 0.812500 0.763672 0.125000 0.097656
0 0.470703 0.839844 0.199219 0.078125
0 0.638672 0.769531 0.128906 0.109375
1 0.117188 0.861328 0.210938 0.277344
1 0.732422 0.916016 0.300781 0.167969
1 0.294922 0.914062 0.144531 0.171875
1 0.472656 0.939453 0.242188 0.121094
0 0.312500 0.712891 0.156250 0.113281
0 0.070312 0.443359 0.109375 0.363281
0 0.173828 0.625000 0.160156 0.117188
0 0.935547 0.537109 0.128906 0.128906
1 0.941406 0.806641 0.109375 0.386719
1 0.117188 0.060547 0.226562 0.113281
1 0.060547 0.166016 0.113281 0.183594
1 0.052734 0.708984 0.082031 0.144531
