0 0.513672 0.435547 0.449219 0.238281
0 0.232422 0.484375 0.121094 0.218750
0 0.406250 0.636719 0.218750 0.179688
0 0.148438 0.501953 0.101562 0.152344
0 0.246094 0.652344 0.101562 0.210938
0 0.703125 0.541016 0.093750 0.183594
0 0.416016 0.855469 0.128906 0.148438
1 0.570312 0.806641 0.156250 0.128906
1 0.591797 0.935547 0.191406 0.113281
0 0.404297 0.781250 0.121094 0.156250
0 0.343750 0.937500 0.140625 0.109375
1 0.585938 0.250000 0.250000 0.125000
1 0.666016 0.154297 0.175781 0.105469
1 0.593750 0.058594 0.125000 0.078125
1 0.669922 0.031250 0.128906 0.054688
1 0.679688 0.767578 0.093750 0.222656
0 0.080078 0.517578 0.082031 0.097656
