0 0.294922 0.552734 0.222656 0.269531
0 0.515625 0.541016 0.234375 0.269531
0 0.718750 0.531250 0.187500 0.218750
0 0.144531 0.625000 0.093750 0.062500
0 0.244141 0.716797 0.058594 0.050781
0 0.826172 0.500000 0.082031 0.093750
0 0.652344 0.681641 0.117188 0.066406
0 0.796875 0.638672 0.109375 0.066406
0 0.070312 0.634766 0.117188 0.082031
0 0.167969 0.562500 0.070312 0.078125
0 0.214844 0.718750 0.085938 0.078125
0 0.748047 0.435547 0.105469 0.058594
0 0.296875 0.699219 0.062500 0.062500
1 0.585938 0.796875 0.250000 0.125000
0 0.835938 0.589844 0.062500 0.109375
1 0.820312 0.755859 0.195312 0.152344
1 0.785156 0.312500 0.429688 0.171875
1 0.353516 0.314453 0.464844 0.144531
1 0.093750 0.390625 0.171875 0.250000
