0 0.515625 0.203125 0.218750 0.390625
0 0.554688 0.562500 0.265625 0.359375
0 0.621094 0.814453 0.273438 0.363281
0 0.312500 0.400391 0.203125 0.191406
0 0.294922 0.623047 0.253906 0.261719
0 0.355469 0.861328 0.289062 0.246094
0 0.421875 0.242188 0.296875 0.140625
0 0.679688 0.500000 0.093750 0.179688
0 0.636719 0.283203 0.070312 0.222656
0 0.359375 0.119141 0.210938 0.230469
0 0.263672 0.281250 0.144531 0.164062
0 0.214844 0.412109 0.140625 0.214844
0 0.201172 0.796875 0.160156 0.187500
0 0.191406 0.630859 0.132812 0.199219
1 0.074219 0.376953 0.132812 0.292969
1 0.064453 0.708984 0.113281 0.371094
1 0.105469 0.929688 0.203125 0.078125
1 0.203125 0.103516 0.109375 0.199219
1 0.144531 0.251953 0.093750 0.105469
