0 0.552734 0.105469 0.222656 0.156250
0 0.488281 0.355469 0.187500 0.351562
0 0.601562 0.431641 0.156250 0.339844
0 0.361328 0.576172 0.113281 0.386719
0 0.517578 0.746094 0.191406 0.406250
0 0.611328 0.728516 0.269531 0.324219
0 0.312500 0.876953 0.234375 0.214844
0 0.322266 0.650391 0.191406 0.253906
0 0.070312 0.757812 0.132812 0.187500
0 0.847656 0.685547 0.195312 0.144531
0 0.755859 0.783203 0.113281 0.121094
0 0.625000 0.884766 0.125000 0.066406
0 0.804688 0.736328 0.117188 0.113281
0 0.654297 0.794922 0.238281 0.144531
0 0.195312 0.796875 0.156250 0.382812
0 0.093750 0.923828 0.179688 0.152344
1 0.835938 0.414062 0.312500 0.289062
1 0.876953 0.544922 0.246094 0.128906
1 0.798828 0.226562 0.402344 0.070312
1 0.833984 0.107422 0.332031 0.199219
1 0.152344 0.261719 0.296875 0.515625
1 0.333984 0.152344 0.089844 0.296875
1 0.148438 0.554688 0.289062 0.078125
