0 0.523438 0.500000 0.078125 0.156250
0 0.572266 0.494141 0.097656 0.113281
0 0.685547 0.470703 0.230469 0.113281
0 0.400391 0.423828 0.175781 0.183594
0 0.449219 0.542969 0.070312 0.132812
0 0.367188 0.564453 0.125000 0.113281
1 0.902344 0.390625 0.195312 0.210938
1 0.652344 0.367188 0.265625 0.093750
1 0.156250 0.562500 0.296875 0.203125
1 0.761719 0.578125 0.281250 0.085938
1 0.902344 0.539062 0.187500 0.179688
1 0.570312 0.615234 0.164062 0.082031
1 0.638672 0.617188 0.152344 0.125000
0 0.484375 0.218750 0.109375 0.093750
0 0.419922 0.236328 0.121094 0.058594
1 0.140625 0.341797 0.187500 0.136719
1 0.837891 0.232422 0.324219 0.183594
1 0.501953 0.091797 0.160156 0.144531
1 0.642578 0.246094 0.191406 0.171875
