0 0.593750 0.455078 0.796875 0.207031
0 0.636719 0.312500 0.476562 0.109375
0 0.654297 0.626953 0.683594 0.128906
0 0.341797 0.388672 0.121094 0.144531
0 0.207031 0.443359 0.132812 0.152344
0 0.541016 0.707031 0.269531 0.179688
0 0.750000 0.662109 0.210938 0.214844
0 0.904297 0.671875 0.097656 0.140625
0 0.339844 0.611328 0.179688 0.097656
0 0.597656 0.291016 0.218750 0.113281
0 0.757812 0.269531 0.140625 0.093750
1 0.941406 0.189453 0.117188 0.277344
1 0.759766 0.107422 0.464844 0.207031
1 0.363281 0.117188 0.390625 0.226562
1 0.201172 0.244141 0.160156 0.199219
1 0.326172 0.214844 0.136719 0.187500
0 0.166016 0.421875 0.121094 0.132812
1 0.056641 0.371094 0.097656 0.195312
0 0.396484 0.701172 0.136719 0.074219
1 0.548828 0.853516 0.347656 0.105469
1 0.812500 0.818359 0.226562 0.105469
1 0.101562 0.056641 0.195312 0.105469
