0 0.488281 0.705078 0.109375 0.191406
0 0.589844 0.730469 0.101562 0.164062
0 0.382812 0.712891 0.125000 0.183594
0 0.703125 0.703125 0.109375 0.125000
0 0.646484 0.767578 0.082031 0.066406
0 0.289062 0.722656 0.085938 0.148438
0 0.054688 0.728516 0.093750 0.058594
0 0.691406 0.777344 0.078125 0.054688
1 0.652344 0.574219 0.140625 0.117188
1 0.509766 0.556641 0.167969 0.089844
1 0.351562 0.562500 0.156250 0.093750
1 0.220703 0.595703 0.121094 0.097656
1 0.205078 0.720703 0.082031 0.136719
1 0.355469 0.851562 0.242188 0.093750
1 0.574219 0.861328 0.203125 0.097656
