0 0.306641 0.429688 0.121094 0.054688
0 0.402344 0.464844 0.070312 0.093750
0 0.470703 0.500000 0.066406 0.070312
0 0.548828 0.527344 0.082031 0.062500
1 0.296875 0.376953 0.148438 0.042969
1 0.199219 0.433594 0.085938 0.046875
0 0.607422 0.539062 0.066406 0.054688
1 0.455078 0.455078 0.074219 0.042969
1 0.720703 0.515625 0.152344 0.078125
1 0.441406 0.388672 0.125000 0.050781
1 0.578125 0.449219 0.156250 0.070312
0 0.324219 0.458984 0.109375 0.042969
1 0.103516 0.443359 0.105469 0.089844
1 0.179688 0.380859 0.093750 0.050781
