0 0.363281 0.525391 0.125000 0.152344
0 0.462891 0.554688 0.105469 0.117188
0 0.330078 0.517578 0.128906 0.097656
0 0.562500 0.669922 0.093750 0.144531
0 0.699219 0.810547 0.125000 0.074219
0 0.779297 0.810547 0.035156 0.089844
0 0.673828 0.775391 0.152344 0.050781
0 0.494141 0.564453 0.113281 0.214844
0 0.921875 0.929688 0.156250 0.140625
0 0.808594 0.894531 0.109375 0.085938
0 0.695312 0.865234 0.125000 0.058594
0 0.634766 0.732422 0.136719 0.136719
0 0.087891 0.101562 0.167969 0.195312
0 0.248047 0.351562 0.105469 0.210938
0 0.193359 0.263672 0.121094 0.121094
1 0.085938 0.693359 0.148438 0.566406
1 0.300781 0.804688 0.273438 0.375000
1 0.171875 0.556641 0.187500 0.183594
1 0.488281 0.878906 0.148438 0.242188
1 0.654297 0.949219 0.199219 0.101562
1 0.425781 0.740234 0.179688 0.121094
1 0.769531 0.972656 0.132812 0.054688
1 0.447266 0.316406 0.285156 0.242188
1 0.593750 0.593750 0.117188 0.140625
1 0.902344 0.791016 0.171875 0.136719
1 0.771484 0.628906 0.121094 0.226562
1 0.714844 0.580078 0.117188 0.160156
1 0.638672 0.478516 0.167969 0.160156
1 0.232422 0.107422 0.105469 0.175781
1 0.302734 0.187500 0.097656 0.117188
