0 0.500000 0.447266 0.992188 0.324219
0 0.517578 0.699219 0.472656 0.187500
0 0.878906 0.705078 0.242188 0.183594
0 0.646484 0.830078 0.316406 0.082031
0 0.226562 0.652344 0.117188 0.078125
1 0.900391 0.898438 0.183594 0.203125
0 0.605469 0.269531 0.156250 0.062500
0 0.910156 0.269531 0.179688 0.054688
1 0.257812 0.140625 0.507812 0.273438
1 0.757812 0.121094 0.484375 0.226562
1 0.417969 0.935547 0.820312 0.121094
1 0.083984 0.748047 0.152344 0.253906
1 0.222656 0.787109 0.109375 0.167969
1 0.376953 0.853516 0.214844 0.105469
1 0.750000 0.246094 0.125000 0.070312
