0 0.121094 0.966797 0.093750 0.058594
0 0.732422 0.357422 0.246094 0.050781
0 0.466797 0.513672 0.066406 0.050781
0 0.357422 0.451172 0.082031 0.058594
1 0.576172 0.546875 0.152344 0.156250
1 0.468750 0.449219 0.140625 0.070312
0 0.203125 0.388672 0.078125 0.050781
1 0.246094 0.492188 0.148438 0.140625
1 0.373047 0.554688 0.121094 0.132812
1 0.468750 0.593750 0.078125 0.093750
1 0.125000 0.841797 0.226562 0.167969
1 0.228516 0.937500 0.113281 0.125000
1 0.339844 0.388672 0.171875 0.050781
1 0.316406 0.710938 0.554688 0.289062
1 0.761719 0.488281 0.250000 0.179688
