0 0.296875 0.386719 0.078125 0.046875
0 0.300781 0.382812 0.140625 0.039062
0 0.441406 0.484375 0.132812 0.125000
0 0.531250 0.484375 0.039062 0.109375
0 0.566406 0.490234 0.101562 0.082031
0 0.357422 0.501953 0.035156 0.066406
0 0.324219 0.501953 0.023438 0.019531
0 0.511719 0.339844 0.078125 0.039062
0 0.566406 0.339844 0.031250 0.031250
0 0.603516 0.326172 0.027344 0.035156
0 0.453125 0.332031 0.039062 0.039062
0 0.656250 0.419922 0.085938 0.050781
0 0.425781 0.666016 0.117188 0.050781
0 0.527344 0.683594 0.085938 0.062500
0 0.591797 0.701172 0.042969 0.066406
0 0.693359 0.798828 0.105469 0.066406
0 0.763672 0.632812 0.191406 0.093750
0 0.884766 0.839844 0.050781 0.054688
0 0.921875 0.869141 0.062500 0.082031
0 0.851562 0.472656 0.078125 0.046875
1 0.365234 0.589844 0.277344 0.093750
1 0.236328 0.490234 0.160156 0.113281
1 0.222656 0.763672 0.234375 0.441406
1 0.462891 0.841797 0.230469 0.238281
1 0.705078 0.882812 0.246094 0.078125
1 0.732422 0.355469 0.199219 0.062500
1 0.785156 0.394531 0.164062 0.093750
1 0.523438 0.396484 0.156250 0.042969
