0 0.453125 0.687500 0.187500 0.203125
0 0.433594 0.828125 0.218750 0.078125
0 0.439453 0.597656 0.097656 0.140625
1 0.542969 0.230469 0.421875 0.195312
1 0.179688 0.560547 0.304688 0.855469
1 0.685547 0.666016 0.160156 0.667969
1 0.470703 0.939453 0.269531 0.113281
1 0.878906 0.720703 0.218750 0.550781
1 0.501953 0.080078 0.996094 0.152344
1 0.908203 0.306641 0.175781 0.308594
0 0.792969 0.298828 0.062500 0.042969
1 0.792969 0.216797 0.078125 0.121094
1 0.794922 0.392578 0.058594 0.113281
0 0.486328 0.503906 0.113281 0.078125
1 0.400391 0.435547 0.121094 0.175781
1 0.529297 0.404297 0.121094 0.128906
