0 0.511719 0.433594 0.195312 0.171875
0 0.650391 0.435547 0.183594 0.160156
0 0.429688 0.578125 0.210938 0.140625
0 0.638672 0.578125 0.207031 0.125000
0 0.869141 0.578125 0.261719 0.109375
0 0.859375 0.484375 0.250000 0.093750
0 0.843750 0.402344 0.296875 0.070312
0 0.388672 0.468750 0.199219 0.140625
0 0.281250 0.234375 0.203125 0.109375
0 0.156250 0.375000 0.062500 0.078125
0 0.203125 0.953125 0.140625 0.093750
0 0.072266 0.921875 0.105469 0.078125
0 0.750000 0.687500 0.093750 0.109375
0 0.517578 0.345703 0.105469 0.105469
1 0.666016 0.152344 0.542969 0.281250
1 0.781250 0.283203 0.390625 0.128906
1 0.210938 0.089844 0.414062 0.171875
1 0.142578 0.642578 0.261719 0.449219
0 0.466797 0.671875 0.082031 0.109375
0 0.886719 0.734375 0.164062 0.187500
0 0.576172 0.761719 0.105469 0.234375
0 0.703125 0.843750 0.187500 0.187500
1 0.902344 0.906250 0.187500 0.171875
0 0.359375 0.359375 0.140625 0.109375
1 0.091797 0.251953 0.167969 0.160156
1 0.060547 0.376953 0.113281 0.183594
0 0.369141 0.828125 0.152344 0.109375
0 0.484375 0.919922 0.093750 0.066406
1 0.359375 0.937500 0.156250 0.093750
1 0.359375 0.714844 0.125000 0.117188
0 0.625000 0.962891 0.125000 0.074219
