0 0.421875 0.148438 0.218750 0.117188
0 0.587891 0.167969 0.113281 0.101562
0 0.449219 0.261719 0.171875 0.101562
0 0.357422 0.306641 0.089844 0.121094
0 0.447266 0.511719 0.128906 0.382812
0 0.562500 0.591797 0.093750 0.472656
0 0.605469 0.687500 0.117188 0.140625
0 0.431641 0.796875 0.191406 0.312500
0 0.607422 0.888672 0.144531 0.121094
0 0.732422 0.705078 0.097656 0.058594
0 0.359375 0.503906 0.140625 0.289062
0 0.548828 0.949219 0.316406 0.078125
0 0.449219 0.062500 0.218750 0.093750
1 0.822266 0.845703 0.269531 0.199219
1 0.783203 0.486328 0.339844 0.253906
1 0.890625 0.712891 0.203125 0.253906
1 0.753906 0.619141 0.171875 0.097656
1 0.156250 0.330078 0.281250 0.121094
