0 0.291016 0.271484 0.175781 0.324219
0 0.601562 0.447266 0.132812 0.199219
0 0.728516 0.468750 0.167969 0.210938
0 0.416016 0.371094 0.121094 0.195312
0 0.906250 0.419922 0.187500 0.089844
0 0.871094 0.525391 0.125000 0.121094
0 0.662109 0.613281 0.191406 0.171875
0 0.507812 0.531250 0.117188 0.093750
0 0.527344 0.417969 0.140625 0.148438
0 0.230469 0.523438 0.125000 0.070312
0 0.193359 0.365234 0.097656 0.160156
0 0.152344 0.386719 0.085938 0.101562
0 0.210938 0.166016 0.101562 0.136719
0 0.074219 0.218750 0.140625 0.062500
1 0.427734 0.677734 0.269531 0.191406
1 0.820312 0.664062 0.117188 0.140625
1 0.654297 0.755859 0.183594 0.105469
1 0.375000 0.554688 0.140625 0.164062
1 0.210938 0.611328 0.242188 0.089844
1 0.085938 0.509766 0.164062 0.121094
1 0.052734 0.367188 0.097656 0.234375
1 0.429688 0.191406 0.101562 0.148438
