0 0.390625 0.523438 0.125000 0.132812
0 0.494141 0.484375 0.128906 0.179688
0 0.634766 0.470703 0.175781 0.144531
0 0.306641 0.574219 0.042969 0.023438
0 0.263672 0.591797 0.042969 0.121094
0 0.218750 0.634766 0.031250 0.105469
0 0.171875 0.650391 0.062500 0.089844
0 0.125000 0.667969 0.046875 0.054688
0 0.076172 0.679688 0.050781 0.062500
0 0.027344 0.685547 0.046875 0.074219
0 0.345703 0.552734 0.113281 0.136719
0 0.908203 0.433594 0.066406 0.054688
0 0.521484 0.412109 0.082031 0.066406
1 0.185547 0.392578 0.269531 0.191406
1 0.447266 0.335938 0.082031 0.109375
1 0.072266 0.498047 0.128906 0.261719
1 0.802734 0.462891 0.144531 0.152344
1 0.199219 0.728516 0.171875 0.066406
1 0.328125 0.705078 0.179688 0.097656
1 0.400391 0.669922 0.214844 0.089844
1 0.521484 0.625000 0.222656 0.054688
1 0.652344 0.599609 0.187500 0.121094
1 0.113281 0.792969 0.210938 0.148438
1 0.970703 0.433594 0.058594 0.210938
