0 0.271484 0.416016 0.214844 0.503906
0 0.414062 0.232422 0.125000 0.105469
0 0.369141 0.365234 0.128906 0.175781
0 0.421875 0.529297 0.093750 0.207031
0 0.687500 0.634766 0.281250 0.152344
0 0.679688 0.779297 0.257812 0.199219
0 0.902344 0.642578 0.179688 0.222656
0 0.478516 0.833984 0.199219 0.089844
0 0.089844 0.390625 0.171875 0.078125
0 0.144531 0.675781 0.281250 0.117188
0 0.125000 0.876953 0.226562 0.144531
0 0.371094 0.652344 0.195312 0.101562
0 0.564453 0.707031 0.121094 0.226562
0 0.771484 0.574219 0.175781 0.132812
0 0.908203 0.394531 0.175781 0.179688
0 0.560547 0.896484 0.285156 0.089844
0 0.845703 0.832031 0.308594 0.187500
1 0.654297 0.357422 0.332031 0.285156
1 0.652344 0.154297 0.273438 0.300781
1 0.347656 0.083984 0.359375 0.160156
1 0.083984 0.177734 0.160156 0.347656
1 0.578125 0.496094 0.203125 0.125000
1 0.310547 0.861328 0.128906 0.238281
1 0.396484 0.750000 0.207031 0.078125
1 0.486328 0.357422 0.105469 0.128906
1 0.134766 0.771484 0.261719 0.058594
0 0.681641 0.949219 0.222656 0.101562
0 0.501953 0.953125 0.160156 0.093750
1 0.898438 0.964844 0.203125 0.062500
