0 0.539062 0.386719 0.187500 0.054688
0 0.589844 0.482422 0.117188 0.136719
0 0.662109 0.480469 0.082031 0.125000
0 0.714844 0.517578 0.085938 0.105469
0 0.806641 0.498047 0.097656 0.058594
0 0.882812 0.507812 0.054688 0.093750
0 0.945312 0.488281 0.101562 0.046875
0 0.794922 0.773438 0.175781 0.078125
0 0.523438 0.505859 0.085938 0.089844
0 0.892578 0.966797 0.214844 0.058594
0 0.732422 0.740234 0.058594 0.066406
0 0.789062 0.806641 0.054688 0.066406
0 0.902344 0.783203 0.054688 0.058594
0 0.939453 0.253906 0.121094 0.093750
1 0.222656 0.312500 0.421875 0.468750
1 0.583984 0.187500 0.285156 0.351562
1 0.345703 0.779297 0.675781 0.441406
1 0.847656 0.644531 0.304688 0.125000
1 0.845703 0.882812 0.308594 0.093750
1 0.806641 0.250000 0.144531 0.414062
0 0.970703 0.302734 0.058594 0.074219
1 0.722656 0.365234 0.164062 0.097656
1 0.935547 0.398438 0.128906 0.117188
1 0.173828 0.054688 0.277344 0.054688
1 0.406250 0.093750 0.156250 0.171875
0 0.943359 0.064453 0.105469 0.089844
1 0.916016 0.167969 0.167969 0.093750
