0 0.236328 0.712891 0.035156 0.097656
0 0.291016 0.722656 0.074219 0.062500
0 0.285156 0.683594 0.062500 0.062500
0 0.203125 0.744141 0.031250 0.050781
0 0.744141 0.593750 0.066406 0.062500
0 0.687500 0.595703 0.031250 0.058594
0 0.773438 0.589844 0.062500 0.046875
0 0.652344 0.705078 0.070312 0.066406
0 0.703125 0.671875 0.031250 0.046875
0 0.130859 0.894531 0.097656 0.070312
1 0.513672 0.617188 0.199219 0.117188
1 0.421875 0.728516 0.164062 0.199219
1 0.294922 0.880859 0.199219 0.207031
1 0.851562 0.521484 0.109375 0.074219
1 0.726562 0.531250 0.179688 0.054688
1 0.609375 0.591797 0.109375 0.121094
