0 0.494141 0.265625 0.191406 0.390625
0 0.435547 0.636719 0.253906 0.335938
0 0.437500 0.875000 0.328125 0.140625
0 0.652344 0.859375 0.078125 0.156250
0 0.589844 0.683594 0.054688 0.203125
0 0.421875 0.304688 0.148438 0.320312
0 0.328125 0.724609 0.148438 0.144531
0 0.441406 0.933594 0.406250 0.132812
0 0.679688 0.849609 0.101562 0.152344
0 0.593750 0.691406 0.179688 0.164062
0 0.621094 0.658203 0.117188 0.128906
0 0.564453 0.529297 0.183594 0.121094
0 0.578125 0.269531 0.132812 0.351562
1 0.824219 0.326172 0.343750 0.371094
1 0.832031 0.644531 0.289062 0.257812
1 0.869141 0.849609 0.246094 0.167969
1 0.833984 0.117188 0.332031 0.210938
