0 0.539062 0.638672 0.187500 0.355469
0 0.375000 0.451172 0.140625 0.238281
0 0.603516 0.742188 0.214844 0.234375
0 0.419922 0.613281 0.167969 0.171875
0 0.500000 0.417969 0.148438 0.148438
1 0.503906 0.222656 0.148438 0.234375
1 0.218750 0.521484 0.164062 0.363281
1 0.271484 0.695312 0.136719 0.257812
1 0.373047 0.828125 0.128906 0.257812
1 0.742188 0.535156 0.203125 0.187500
1 0.652344 0.351562 0.140625 0.210938
1 0.529297 0.910156 0.175781 0.085938
1 0.927734 0.548828 0.144531 0.332031
1 0.927734 0.904297 0.136719 0.191406
1 0.232422 0.173828 0.191406 0.332031
1 0.542969 0.101562 0.234375 0.195312
1 0.175781 0.822266 0.257812 0.261719
