0 0.441406 0.431641 0.156250 0.097656
0 0.521484 0.445312 0.144531 0.101562
0 0.669922 0.431641 0.136719 0.074219
0 0.492188 0.230469 0.078125 0.039062
0 0.839844 0.234375 0.109375 0.062500
0 0.158203 0.656250 0.113281 0.054688
0 0.125000 0.595703 0.093750 0.050781
0 0.041016 0.695312 0.066406 0.054688
0 0.224609 0.265625 0.136719 0.046875
0 0.171875 0.480469 0.085938 0.039062
1 0.677734 0.751953 0.644531 0.488281
1 0.900391 0.408203 0.199219 0.269531
1 0.654297 0.271484 0.230469 0.230469
1 0.828125 0.333984 0.164062 0.121094
1 0.953125 0.214844 0.093750 0.195312
1 0.373047 0.283203 0.144531 0.199219
1 0.517578 0.316406 0.160156 0.132812
1 0.849609 0.152344 0.207031 0.093750
1 0.207031 0.371094 0.296875 0.156250
1 0.289062 0.576172 0.132812 0.269531
1 0.126953 0.539062 0.246094 0.070312
1 0.847656 0.550781 0.203125 0.242188
1 0.675781 0.533203 0.148438 0.136719
1 0.251953 0.847656 0.332031 0.304688
1 0.107422 0.867188 0.207031 0.265625
