0 0.453125 0.625000 0.140625 0.515625
0 0.357422 0.703125 0.152344 0.359375
0 0.544922 0.527344 0.105469 0.234375
0 0.265625 0.744141 0.156250 0.292969
0 0.437500 0.375000 0.109375 0.125000
1 0.382812 0.945312 0.390625 0.101562
0 0.664062 0.560547 0.148438 0.191406
0 0.597656 0.763672 0.242188 0.253906
0 0.671875 0.902344 0.171875 0.171875
1 0.089844 0.578125 0.164062 0.437500
1 0.095703 0.892578 0.183594 0.191406
1 0.201172 0.482422 0.160156 0.214844
1 0.406250 0.171875 0.210938 0.132812
0 0.324219 0.326172 0.085938 0.144531
0 0.640625 0.210938 0.156250 0.117188
1 0.384766 0.074219 0.144531 0.140625
1 0.847656 0.529297 0.195312 0.558594
1 0.720703 0.373047 0.238281 0.191406
1 0.791016 0.216797 0.136719 0.160156
0 0.564453 0.162109 0.074219 0.097656
