0 0.435547 0.531250 0.160156 0.140625
0 0.251953 0.525391 0.199219 0.066406
0 0.310547 0.765625 0.300781 0.218750
0 0.439453 0.650391 0.136719 0.089844
0 0.650391 0.447266 0.105469 0.136719
0 0.740234 0.386719 0.074219 0.062500
0 0.740234 0.173828 0.175781 0.066406
0 0.695312 0.248047 0.093750 0.074219
0 0.779297 0.318359 0.082031 0.066406
1 0.658203 0.787109 0.277344 0.425781
1 0.554688 0.474609 0.078125 0.230469
0 0.716797 0.429688 0.074219 0.070312
0 0.792969 0.367188 0.046875 0.046875
1 0.902344 0.445312 0.195312 0.093750
1 0.861328 0.070312 0.269531 0.125000
1 0.792969 0.548828 0.156250 0.144531
1 0.355469 0.394531 0.312500 0.117188
0 0.632812 0.076172 0.054688 0.058594
0 0.589844 0.171875 0.140625 0.054688
1 0.566406 0.261719 0.148438 0.085938
1 0.914062 0.283203 0.164062 0.285156
0 0.146484 0.417969 0.089844 0.101562
1 0.087891 0.816406 0.144531 0.367188
1 0.082031 0.556641 0.132812 0.175781
1 0.687500 0.601562 0.179688 0.148438
