0 0.343750 0.404297 0.375000 0.378906
0 0.531250 0.482422 0.187500 0.503906
0 0.671875 0.515625 0.078125 0.375000
0 0.179688 0.384766 0.203125 0.277344
0 0.400391 0.671875 0.480469 0.140625
0 0.718750 0.531250 0.093750 0.359375
0 0.796875 0.560547 0.187500 0.285156
0 0.279297 0.804688 0.285156 0.109375
0 0.527344 0.761719 0.234375 0.132812
0 0.187500 0.515625 0.187500 0.109375
0 0.078125 0.511719 0.093750 0.109375
1 0.751953 0.781250 0.222656 0.125000
1 0.947266 0.591797 0.105469 0.214844
0 0.281250 0.812500 0.171875 0.250000
1 0.542969 0.917969 0.187500 0.164062
1 0.431641 0.919922 0.121094 0.121094
1 0.310547 0.970703 0.222656 0.058594
0 0.423828 0.232422 0.308594 0.144531
