0 0.683594 0.761719 0.140625 0.195312
0 0.576172 0.640625 0.066406 0.109375
0 0.968750 0.462891 0.062500 0.050781
0 0.527344 0.718750 0.148438 0.234375
0 0.873047 0.828125 0.246094 0.187500
0 0.681641 0.625000 0.144531 0.078125
0 0.843750 0.669922 0.218750 0.183594
0 0.181641 0.734375 0.214844 0.218750
0 0.056641 0.804688 0.105469 0.117188
0 0.367188 0.781250 0.187500 0.140625
1 0.812500 0.494141 0.234375 0.167969
1 0.562500 0.509766 0.265625 0.136719
1 0.357422 0.560547 0.191406 0.113281
1 0.138672 0.572266 0.253906 0.105469
1 0.369141 0.642578 0.152344 0.113281
1 0.326172 0.921875 0.425781 0.140625
1 0.656250 0.933594 0.187500 0.132812
1 0.093750 0.935547 0.171875 0.128906
1 0.035156 0.681641 0.062500 0.128906
1 0.966797 0.531250 0.066406 0.078125
