0 0.478516 0.195312 0.207031 0.078125
0 0.500000 0.281250 0.187500 0.093750
0 0.550781 0.371094 0.234375 0.117188
0 0.587891 0.492188 0.214844 0.109375
0 0.609375 0.591797 0.187500 0.089844
0 0.593750 0.648438 0.078125 0.140625
0 0.656250 0.861328 0.156250 0.277344
0 0.667969 0.656250 0.117188 0.125000
1 0.292969 0.640625 0.257812 0.718750
1 0.500000 0.107422 0.250000 0.097656
1 0.464844 0.777344 0.078125 0.445312
1 0.658203 0.246094 0.121094 0.156250
1 0.781250 0.466797 0.140625 0.238281
1 0.830078 0.792969 0.191406 0.414062
