0 0.591797 0.457031 0.253906 0.117188
0 0.373047 0.572266 0.058594 0.121094
0 0.468750 0.546875 0.140625 0.078125
0 0.609375 0.537109 0.125000 0.058594
0 0.212891 0.570312 0.277344 0.078125
0 0.320312 0.634766 0.140625 0.050781
0 0.382812 0.337891 0.156250 0.105469
0 0.775391 0.429688 0.097656 0.125000
0 0.281250 0.375000 0.062500 0.062500
0 0.236328 0.220703 0.183594 0.050781
0 0.650391 0.050781 0.191406 0.046875
0 0.955078 0.013672 0.082031 0.019531
0 0.048828 0.126953 0.089844 0.042969
0 0.076172 0.210938 0.144531 0.046875
0 0.572266 0.406250 0.316406 0.156250
0 0.222656 0.371094 0.093750 0.039062
0 0.150391 0.041016 0.183594 0.058594
0 0.878906 0.060547 0.242188 0.050781
0 0.951172 0.154297 0.097656 0.066406
1 0.865234 0.736328 0.269531 0.472656
1 0.910156 0.359375 0.164062 0.296875
1 0.794922 0.761719 0.230469 0.476562
1 0.662109 0.787109 0.222656 0.425781
1 0.552734 0.792969 0.292969 0.414062
1 0.248047 0.833984 0.488281 0.332031
1 0.167969 0.464844 0.328125 0.117188
1 0.087891 0.332031 0.167969 0.164062
1 0.425781 0.152344 0.187500 0.250000
1 0.644531 0.201172 0.234375 0.230469
1 0.826172 0.224609 0.136719 0.269531
1 0.216797 0.140625 0.230469 0.117188
