0 0.449219 0.437500 0.062500 0.359375
0 0.585938 0.478516 0.109375 0.363281
0 0.671875 0.484375 0.062500 0.312500
0 0.751953 0.498047 0.089844 0.246094
0 0.771484 0.417969 0.113281 0.117188
0 0.808594 0.533203 0.117188 0.144531
0 0.328125 0.468750 0.078125 0.265625
0 0.259766 0.468750 0.058594 0.156250
0 0.398438 0.419922 0.125000 0.347656
0 0.439453 0.275391 0.097656 0.089844
0 0.517578 0.310547 0.089844 0.089844
0 0.671875 0.361328 0.062500 0.097656
0 0.451172 0.597656 0.160156 0.093750
0 0.347656 0.355469 0.164062 0.093750
1 0.937500 0.500000 0.125000 0.226562
1 0.937500 0.847656 0.117188 0.296875
