0 0.541016 0.544922 0.308594 0.222656
0 0.353516 0.591797 0.152344 0.121094
0 0.294922 0.462891 0.105469 0.082031
0 0.753906 0.179688 0.156250 0.070312
1 0.837891 0.546875 0.277344 0.250000
1 0.515625 0.830078 0.328125 0.332031
1 0.828125 0.830078 0.296875 0.332031
1 0.201172 0.826172 0.386719 0.347656
1 0.123047 0.441406 0.238281 0.570312
0 0.232422 0.025391 0.300781 0.042969
1 0.406250 0.232422 0.328125 0.371094
1 0.783203 0.324219 0.425781 0.210938
1 0.183594 0.169922 0.359375 0.222656
1 0.785156 0.068359 0.421875 0.128906
1 0.919922 0.203125 0.160156 0.218750
1 0.623047 0.189453 0.089844 0.160156
