0 0.082031 0.597656 0.156250 0.140625
0 0.216797 0.591797 0.121094 0.113281
0 0.347656 0.591797 0.140625 0.113281
0 0.462891 0.595703 0.082031 0.121094
0 0.519531 0.597656 0.031250 0.093750
0 0.562500 0.593750 0.046875 0.062500
0 0.617188 0.593750 0.046875 0.046875
0 0.679688 0.587891 0.078125 0.042969
0 0.783203 0.578125 0.128906 0.062500
0 0.916016 0.570312 0.128906 0.054688
0 0.734375 0.488281 0.093750 0.062500
1 0.898438 0.460938 0.203125 0.164062
1 0.791016 0.804688 0.355469 0.390625
1 0.560547 0.449219 0.238281 0.156250
1 0.753906 0.412109 0.140625 0.082031
