0 0.652344 0.357422 0.078125 0.128906
0 0.734375 0.468750 0.109375 0.218750
0 0.279297 0.560547 0.128906 0.167969
0 0.361328 0.617188 0.105469 0.078125
0 0.470703 0.617188 0.121094 0.062500
0 0.236328 0.222656 0.191406 0.078125
0 0.222656 0.392578 0.156250 0.144531
0 0.562500 0.281250 0.109375 0.046875
0 0.826172 0.503906 0.074219 0.117188
0 0.656250 0.578125 0.062500 0.109375
0 0.574219 0.593750 0.093750 0.093750
0 0.660156 0.718750 0.109375 0.156250
0 0.564453 0.869141 0.121094 0.097656
0 0.500000 0.037109 0.171875 0.066406
0 0.593750 0.097656 0.093750 0.085938
0 0.414062 0.289062 0.132812 0.101562
1 0.480469 0.439453 0.242188 0.191406
1 0.638672 0.468750 0.074219 0.093750
1 0.326172 0.734375 0.550781 0.156250
1 0.253906 0.886719 0.500000 0.203125
0 0.671875 0.884766 0.093750 0.074219
0 0.703125 0.593750 0.109375 0.093750
1 0.501953 0.734375 0.191406 0.156250
1 0.357422 0.406250 0.105469 0.125000
1 0.716797 0.218750 0.113281 0.093750
1 0.775391 0.753906 0.105469 0.195312
1 0.906250 0.875000 0.156250 0.250000
1 0.791016 0.929688 0.136719 0.140625
1 0.607422 0.955078 0.207031 0.082031
