0 0.080078 0.937500 0.066406 0.109375
0 0.128906 0.927734 0.031250 0.097656
0 0.056641 0.951172 0.105469 0.097656
0 0.292969 0.814453 0.031250 0.027344
0 0.628906 0.656250 0.125000 0.117188
0 0.736328 0.621094 0.082031 0.164062
0 0.693359 0.566406 0.082031 0.062500
0 0.656250 0.718750 0.062500 0.093750
0 0.853516 0.585938 0.058594 0.046875
0 0.548828 0.921875 0.082031 0.062500
0 0.986328 0.486328 0.027344 0.027344
1 0.816406 0.460938 0.062500 0.054688
1 0.417969 0.687500 0.210938 0.242188
1 0.212891 0.716797 0.230469 0.144531
1 0.414062 0.906250 0.164062 0.187500
1 0.910156 0.453125 0.093750 0.148438
1 0.945312 0.644531 0.109375 0.226562
1 0.849609 0.710938 0.136719 0.171875
1 0.583984 0.824219 0.121094 0.109375
1 0.511719 0.537109 0.117188 0.167969
1 0.603516 0.496094 0.082031 0.164062
1 0.138672 0.781250 0.269531 0.171875
1 0.269531 0.935547 0.195312 0.128906
1 0.701172 0.882812 0.160156 0.203125
