0 0.244141 0.439453 0.167969 0.074219
0 0.359375 0.416016 0.062500 0.042969
0 0.535156 0.394531 0.289062 0.062500
0 0.519531 0.529297 0.265625 0.058594
0 0.417969 0.214844 0.156250 0.093750
0 0.195312 0.466797 0.164062 0.066406
0 0.730469 0.375000 0.093750 0.039062
0 0.259766 0.867188 0.207031 0.226562
1 0.572266 0.785156 0.347656 0.406250
1 0.816406 0.537109 0.312500 0.097656
1 0.222656 0.632812 0.351562 0.234375
0 0.568359 0.451172 0.214844 0.050781
0 0.599609 0.128906 0.183594 0.046875
1 0.691406 0.220703 0.335938 0.128906
