0 0.511719 0.259766 0.023438 0.042969
0 0.595703 0.283203 0.136719 0.097656
0 0.697266 0.306641 0.113281 0.066406
0 0.621094 0.462891 0.257812 0.089844
0 0.535156 0.589844 0.273438 0.164062
0 0.056641 0.541016 0.105469 0.058594
0 0.369141 0.312500 0.097656 0.078125
0 0.408203 0.416016 0.066406 0.035156
0 0.109375 0.500000 0.093750 0.046875
1 0.677734 0.150391 0.191406 0.152344
1 0.466797 0.841797 0.917969 0.316406
0 0.640625 0.472656 0.179688 0.195312
0 0.453125 0.267578 0.085938 0.058594
0 0.306641 0.359375 0.082031 0.031250
0 0.513672 0.236328 0.113281 0.058594
1 0.285156 0.562500 0.210938 0.234375
