0 0.466797 0.373047 0.230469 0.089844
0 0.628906 0.423828 0.085938 0.191406
0 0.298828 0.484375 0.066406 0.171875
0 0.439453 0.496094 0.191406 0.148438
0 0.316406 0.638672 0.148438 0.121094
0 0.498047 0.683594 0.183594 0.078125
0 0.640625 0.660156 0.093750 0.132812
0 0.751953 0.390625 0.050781 0.046875
0 0.781250 0.664062 0.187500 0.132812
0 0.500000 0.607422 0.218750 0.128906
0 0.574219 0.503906 0.093750 0.164062
0 0.580078 0.728516 0.199219 0.082031
0 0.707031 0.437500 0.093750 0.070312
1 0.796875 0.531250 0.226562 0.109375
1 0.683594 0.554688 0.117188 0.062500
0 0.343750 0.388672 0.085938 0.097656
0 0.263672 0.437500 0.089844 0.054688
0 0.804688 0.382812 0.070312 0.039062
1 0.876953 0.443359 0.175781 0.074219
0 0.226562 0.644531 0.101562 0.101562
1 0.339844 0.775391 0.148438 0.128906
1 0.937500 0.640625 0.109375 0.109375
1 0.214844 0.529297 0.085938 0.105469
