0 0.556641 0.568359 0.199219 0.128906
0 0.654297 0.583984 0.097656 0.121094
0 0.423828 0.582031 0.082031 0.101562
0 0.802734 0.371094 0.058594 0.046875
0 0.857422 0.353516 0.058594 0.035156
0 0.738281 0.388672 0.078125 0.035156
0 0.056641 0.402344 0.097656 0.039062
1 0.248047 0.556641 0.230469 0.402344
1 0.111328 0.625000 0.214844 0.375000
1 0.457031 0.683594 0.156250 0.093750
1 0.789062 0.488281 0.132812 0.140625
1 0.533203 0.394531 0.316406 0.164062
1 0.716797 0.470703 0.097656 0.089844
1 0.917969 0.449219 0.140625 0.132812
