0 0.509766 0.585938 0.082031 0.242188
0 0.576172 0.562500 0.058594 0.140625
0 0.437500 0.625000 0.046875 0.218750
0 0.423828 0.613281 0.074219 0.140625
0 0.597656 0.554688 0.078125 0.085938
0 0.498047 0.683594 0.058594 0.093750
0 0.339844 0.796875 0.101562 0.179688
0 0.742188 0.427734 0.101562 0.097656
1 0.732422 0.726562 0.175781 0.484375
1 0.656250 0.250000 0.195312 0.250000
1 0.585938 0.333984 0.203125 0.238281
1 0.648438 0.818359 0.179688 0.355469
1 0.507812 0.855469 0.210938 0.242188
1 0.166016 0.826172 0.230469 0.347656
1 0.416016 0.943359 0.261719 0.105469
1 0.335938 0.572266 0.093750 0.253906
