0 0.562500 0.326172 0.250000 0.410156
0 0.845703 0.484375 0.308594 0.406250
0 0.439453 0.619141 0.503906 0.191406
0 0.310547 0.341797 0.253906 0.371094
0 0.798828 0.197266 0.222656 0.199219
0 0.431641 0.750000 0.480469 0.125000
0 0.765625 0.728516 0.265625 0.136719
0 0.349609 0.826172 0.238281 0.144531
1 0.091797 0.351562 0.175781 0.578125
1 0.132812 0.781250 0.109375 0.296875
1 0.619141 0.867188 0.277344 0.093750
1 0.949219 0.761719 0.101562 0.140625
1 0.326172 0.945312 0.253906 0.085938
1 0.308594 0.095703 0.250000 0.105469
1 0.564453 0.066406 0.246094 0.093750
1 0.957031 0.158203 0.085938 0.246094
1 0.802734 0.062500 0.222656 0.070312
