0 0.509766 0.578125 0.097656 0.109375
0 0.593750 0.587891 0.062500 0.105469
0 0.669922 0.597656 0.136719 0.070312
0 0.388672 0.591797 0.136719 0.097656
0 0.250000 0.587891 0.140625 0.058594
0 0.062500 0.607422 0.046875 0.058594
0 0.261719 0.623047 0.164062 0.066406
0 0.296875 0.535156 0.187500 0.039062
0 0.041016 0.652344 0.042969 0.031250
0 0.158203 0.623047 0.121094 0.121094
0 0.455078 0.636719 0.207031 0.046875
1 0.316406 0.683594 0.101562 0.039062
1 0.892578 0.558594 0.214844 0.179688
1 0.431641 0.468750 0.371094 0.078125
1 0.796875 0.488281 0.187500 0.093750
0 0.644531 0.546875 0.101562 0.062500
1 0.722656 0.671875 0.179688 0.070312
1 0.505859 0.683594 0.261719 0.054688
