0 0.369141 0.375000 0.363281 0.218750
0 0.466797 0.421875 0.300781 0.453125
0 0.671875 0.468750 0.203125 0.375000
0 0.783203 0.578125 0.191406 0.421875
0 0.687500 0.669922 0.593750 0.128906
0 0.906250 0.609375 0.093750 0.343750
1 0.298828 0.875000 0.589844 0.250000
1 0.843750 0.898438 0.312500 0.187500
1 0.095703 0.392578 0.183594 0.777344
0 0.251953 0.585938 0.128906 0.218750
1 0.593750 0.091797 0.781250 0.175781
1 0.892578 0.277344 0.207031 0.171875
1 0.714844 0.232422 0.179688 0.089844
1 0.490234 0.824219 0.191406 0.156250
