0 0.791016 0.431641 0.160156 0.097656
0 0.625000 0.451172 0.171875 0.058594
0 0.294922 0.416016 0.183594 0.050781
0 0.468750 0.437500 0.140625 0.046875
0 0.330078 0.486328 0.269531 0.027344
0 0.951172 0.423828 0.089844 0.074219
0 0.142578 0.421875 0.128906 0.046875
0 0.628906 0.484375 0.164062 0.046875
0 0.500000 0.466797 0.070312 0.042969
1 0.564453 0.375000 0.285156 0.062500
1 0.041016 0.441406 0.074219 0.062500
0 0.501953 0.529297 0.136719 0.027344
1 0.373047 0.923828 0.730469 0.128906
1 0.857422 0.355469 0.269531 0.031250
