0 0.560547 0.421875 0.214844 0.187500
0 0.652344 0.453125 0.101562 0.156250
0 0.390625 0.419922 0.109375 0.105469
0 0.281250 0.419922 0.125000 0.050781
0 0.054688 0.429688 0.101562 0.031250
0 0.035156 0.523438 0.062500 0.179688
0 0.109375 0.480469 0.093750 0.132812
0 0.593750 0.339844 0.156250 0.070312
0 0.435547 0.453125 0.121094 0.125000
0 0.449219 0.275391 0.070312 0.058594
1 0.765625 0.500000 0.125000 0.250000
1 0.873047 0.578125 0.082031 0.171875
1 0.953125 0.669922 0.078125 0.152344
1 0.591797 0.609375 0.207031 0.156250
0 0.187500 0.429688 0.093750 0.054688
1 0.126953 0.345703 0.246094 0.074219
0 0.296875 0.312500 0.109375 0.046875
1 0.535156 0.234375 0.093750 0.109375
1 0.355469 0.134766 0.281250 0.089844
1 0.654297 0.841797 0.183594 0.316406
1 0.248047 0.812500 0.480469 0.375000
1 0.253906 0.599609 0.187500 0.285156
