0 0.451172 0.546875 0.214844 0.171875
0 0.361328 0.734375 0.128906 0.203125
0 0.472656 0.650391 0.132812 0.113281
0 0.421875 0.736328 0.109375 0.128906
0 0.339844 0.552734 0.101562 0.183594
0 0.685547 0.236328 0.105469 0.121094
0 0.634766 0.378906 0.042969 0.156250
0 0.681641 0.320312 0.066406 0.109375
0 0.607422 0.414062 0.066406 0.093750
0 0.761719 0.238281 0.054688 0.093750
1 0.896484 0.343750 0.183594 0.593750
0 0.660156 0.373047 0.062500 0.089844
0 0.564453 0.527344 0.082031 0.117188
1 0.724609 0.615234 0.222656 0.285156
1 0.791016 0.417969 0.144531 0.226562
1 0.656250 0.857422 0.343750 0.285156
1 0.638672 0.693359 0.144531 0.199219
1 0.337891 0.917969 0.464844 0.140625
1 0.146484 0.779297 0.285156 0.386719
