0 0.296875 0.857422 0.140625 0.160156
0 0.419922 0.812500 0.097656 0.171875
0 0.521484 0.738281 0.097656 0.109375
0 0.623047 0.718750 0.097656 0.140625
0 0.718750 0.666016 0.078125 0.167969
0 0.787109 0.652344 0.082031 0.148438
0 0.869141 0.642578 0.074219 0.066406
0 0.169922 0.910156 0.105469 0.171875
0 0.121094 0.923828 0.109375 0.152344
0 0.328125 0.792969 0.078125 0.093750
0 0.414062 0.896484 0.085938 0.066406
0 0.279297 0.945312 0.128906 0.070312
0 0.515625 0.814453 0.109375 0.066406
0 0.572266 0.789062 0.089844 0.054688
0 0.685547 0.642578 0.058594 0.082031
0 0.664062 0.748047 0.085938 0.050781
0 0.902344 0.642578 0.054688 0.042969
0 0.218750 0.822266 0.093750 0.074219
0 0.482422 0.853516 0.089844 0.066406
0 0.552734 0.677734 0.089844 0.058594
0 0.283203 0.777344 0.082031 0.070312
0 0.828125 0.666016 0.078125 0.074219
1 0.968750 0.628906 0.062500 0.093750
1 0.894531 0.576172 0.117188 0.058594
1 0.917969 0.712891 0.093750 0.058594
1 0.857422 0.738281 0.058594 0.054688
1 0.798828 0.769531 0.074219 0.078125
1 0.744141 0.802734 0.074219 0.066406
0 0.623047 0.789062 0.074219 0.039062
1 0.695312 0.833984 0.070312 0.074219
1 0.640625 0.869141 0.101562 0.074219
1 0.580078 0.904297 0.089844 0.089844
1 0.505859 0.937500 0.089844 0.078125
1 0.419922 0.968750 0.113281 0.054688
1 0.279297 0.687500 0.113281 0.109375
1 0.398438 0.687500 0.117188 0.078125
