0 0.345703 0.412109 0.152344 0.160156
0 0.441406 0.447266 0.117188 0.113281
0 0.515625 0.478516 0.093750 0.074219
0 0.601562 0.552734 0.117188 0.175781
0 0.669922 0.591797 0.082031 0.160156
0 0.714844 0.605469 0.085938 0.117188
0 0.781250 0.638672 0.117188 0.128906
0 0.384766 0.517578 0.121094 0.128906
0 0.503906 0.562500 0.125000 0.093750
0 0.083984 0.292969 0.160156 0.078125
0 0.570312 0.630859 0.140625 0.066406
0 0.699219 0.705078 0.093750 0.082031
0 0.894531 0.878906 0.210938 0.125000
0 0.867188 0.669922 0.070312 0.082031
0 0.951172 0.753906 0.097656 0.101562
