0 0.099609 0.683594 0.191406 0.304688
0 0.384766 0.712891 0.199219 0.371094
0 0.523438 0.730469 0.078125 0.335938
0 0.591797 0.732422 0.066406 0.308594
0 0.658203 0.750000 0.066406 0.250000
0 0.722656 0.765625 0.054688 0.218750
0 0.779297 0.783203 0.058594 0.183594
0 0.853516 0.812500 0.097656 0.140625
0 0.195312 0.806641 0.179688 0.160156
0 0.166016 0.541016 0.175781 0.105469
0 0.458984 0.398438 0.167969 0.078125
0 0.363281 0.421875 0.109375 0.039062
0 0.583984 0.378906 0.089844 0.039062
1 0.763672 0.451172 0.238281 0.238281
1 0.947266 0.527344 0.105469 0.257812
1 0.921875 0.375000 0.148438 0.187500
0 0.255859 0.427734 0.097656 0.058594
1 0.107422 0.417969 0.207031 0.132812
