0 0.232422 0.570312 0.449219 0.234375
0 0.439453 0.343750 0.425781 0.203125
0 0.535156 0.242188 0.257812 0.093750
0 0.550781 0.195312 0.148438 0.093750
0 0.699219 0.421875 0.085938 0.359375
0 0.541016 0.548828 0.230469 0.199219
0 0.759766 0.451172 0.136719 0.363281
0 0.808594 0.507812 0.125000 0.328125
0 0.865234 0.576172 0.074219 0.136719
0 0.701172 0.625000 0.074219 0.046875
0 0.228516 0.328125 0.175781 0.171875
0 0.775391 0.623047 0.105469 0.082031
0 0.275391 0.707031 0.238281 0.093750
1 0.849609 0.125000 0.246094 0.234375
1 0.943359 0.369141 0.113281 0.285156
1 0.818359 0.835938 0.339844 0.328125
1 0.566406 0.787109 0.203125 0.261719
1 0.335938 0.884766 0.664062 0.222656
1 0.076172 0.767578 0.144531 0.144531
0 0.076172 0.228516 0.121094 0.441406
0 0.193359 0.085938 0.128906 0.156250
0 0.308594 0.060547 0.148438 0.113281
1 0.593750 0.056641 0.242188 0.082031
0 0.574219 0.158203 0.093750 0.082031
1 0.697266 0.130859 0.121094 0.105469
1 0.332031 0.179688 0.148438 0.109375
1 0.435547 0.117188 0.089844 0.117188
1 0.208984 0.203125 0.128906 0.062500
