0 0.619141 0.441406 0.089844 0.132812
0 0.589844 0.476562 0.085938 0.109375
0 0.435547 0.531250 0.097656 0.070312
0 0.486328 0.562500 0.082031 0.085938
0 0.392578 0.816406 0.113281 0.109375
1 0.460938 0.171875 0.906250 0.335938
1 0.841797 0.650391 0.316406 0.675781
1 0.667969 0.771484 0.265625 0.457031
1 0.167969 0.666016 0.328125 0.667969
1 0.414062 0.937500 0.234375 0.125000
1 0.447266 0.691406 0.222656 0.148438
1 0.529297 0.869141 0.152344 0.261719
1 0.378906 0.369141 0.343750 0.238281
1 0.310547 0.554688 0.144531 0.179688
