0 0.234375 0.527344 0.335938 0.171875
0 0.460938 0.609375 0.140625 0.273438
0 0.562500 0.591797 0.101562 0.285156
0 0.255859 0.615234 0.160156 0.074219
0 0.365234 0.664062 0.160156 0.148438
0 0.244141 0.707031 0.089844 0.062500
0 0.650391 0.443359 0.175781 0.074219
0 0.677734 0.523438 0.128906 0.148438
0 0.824219 0.449219 0.093750 0.054688
0 0.865234 0.410156 0.097656 0.070312
0 0.714844 0.400391 0.101562 0.035156
0 0.738281 0.496094 0.078125 0.148438
0 0.593750 0.185547 0.140625 0.074219
0 0.484375 0.203125 0.078125 0.062500
0 0.697266 0.199219 0.058594 0.070312
0 0.281250 0.265625 0.140625 0.093750
0 0.189453 0.277344 0.058594 0.070312
0 0.376953 0.263672 0.058594 0.066406
0 0.451172 0.453125 0.246094 0.093750
0 0.626953 0.650391 0.066406 0.105469
1 0.783203 0.689453 0.246094 0.167969
0 0.917969 0.892578 0.156250 0.089844
0 0.945312 0.867188 0.093750 0.085938
0 0.839844 0.923828 0.070312 0.089844
0 0.972656 0.968750 0.046875 0.062500
0 0.496094 0.218750 0.171875 0.054688
0 0.416016 0.263672 0.058594 0.050781
1 0.582031 0.306641 0.250000 0.113281
1 0.710938 0.304688 0.242188 0.140625
1 0.460938 0.347656 0.210938 0.085938
1 0.611328 0.359375 0.113281 0.070312
0 0.933594 0.576172 0.132812 0.058594
1 0.449219 0.871094 0.507812 0.234375
1 0.763672 0.798828 0.144531 0.144531
1 0.914062 0.783203 0.171875 0.074219
0 0.884766 0.175781 0.230469 0.125000
1 0.089844 0.728516 0.164062 0.214844
1 0.175781 0.875000 0.195312 0.250000
1 0.826172 0.558594 0.074219 0.156250
1 0.937500 0.501953 0.125000 0.097656
1 0.960938 0.408203 0.078125 0.113281
1 0.158203 0.375000 0.308594 0.117188
1 0.083984 0.224609 0.144531 0.238281
1 0.261719 0.148438 0.210938 0.132812
1 0.644531 0.093750 0.234375 0.101562
1 0.441406 0.107422 0.148438 0.113281
1 0.353516 0.150391 0.105469 0.128906
1 0.750000 0.205078 0.031250 0.113281
