0 0.556641 0.275391 0.050781 0.183594
0 0.593750 0.261719 0.062500 0.109375
0 0.500000 0.312500 0.046875 0.156250
0 0.453125 0.355469 0.046875 0.109375
0 0.712891 0.027344 0.089844 0.046875
1 0.503906 0.785156 0.375000 0.421875
1 0.837891 0.796875 0.300781 0.406250
1 0.210938 0.236328 0.414062 0.464844
1 0.822266 0.251953 0.355469 0.402344
1 0.750000 0.492188 0.421875 0.218750
1 0.304688 0.765625 0.148438 0.171875
1 0.203125 0.908203 0.109375 0.089844
1 0.525391 0.503906 0.199219 0.171875
1 0.152344 0.728516 0.296875 0.527344
0 0.384766 0.527344 0.089844 0.093750
1 0.537109 0.109375 0.277344 0.132812
1 0.382812 0.212891 0.179688 0.175781
