0 0.279297 0.451172 0.253906 0.105469
0 0.531250 0.478516 0.250000 0.183594
0 0.232422 0.812500 0.160156 0.078125
0 0.330078 0.562500 0.183594 0.140625
0 0.111328 0.433594 0.105469 0.046875
0 0.285156 0.794922 0.117188 0.097656
0 0.128906 0.816406 0.054688 0.070312
1 0.537109 0.644531 0.253906 0.117188
1 0.173828 0.658203 0.121094 0.113281
0 0.695312 0.521484 0.093750 0.105469
1 0.812500 0.703125 0.093750 0.078125
0 0.253906 0.847656 0.117188 0.070312
1 0.330078 0.687500 0.175781 0.093750
0 0.058594 0.679688 0.101562 0.093750
0 0.052734 0.871094 0.097656 0.117188
1 0.705078 0.621094 0.074219 0.078125
0 0.119141 0.468750 0.113281 0.054688
