0 0.341797 0.390625 0.339844 0.093750
0 0.458984 0.361328 0.394531 0.105469
0 0.281250 0.470703 0.148438 0.160156
0 0.435547 0.503906 0.183594 0.210938
0 0.628906 0.400391 0.226562 0.105469
0 0.617188 0.267578 0.054688 0.082031
0 0.541016 0.248047 0.089844 0.113281
0 0.439453 0.267578 0.097656 0.066406
0 0.660156 0.339844 0.101562 0.085938
0 0.656250 0.490234 0.273438 0.167969
0 0.388672 0.591797 0.222656 0.152344
0 0.564453 0.580078 0.144531 0.105469
0 0.800781 0.509766 0.078125 0.089844
0 0.650391 0.296875 0.058594 0.093750
1 0.195312 0.154297 0.382812 0.292969
1 0.441406 0.117188 0.109375 0.226562
1 0.750000 0.822266 0.492188 0.355469
1 0.291016 0.837891 0.566406 0.324219
1 0.089844 0.498047 0.164062 0.425781
1 0.226562 0.660156 0.109375 0.210938
1 0.746094 0.095703 0.476562 0.183594
1 0.923828 0.439453 0.152344 0.503906
1 0.810547 0.265625 0.160156 0.140625
1 0.705078 0.218750 0.105469 0.062500
1 0.853516 0.353516 0.136719 0.089844
1 0.865234 0.417969 0.113281 0.078125
