0 0.517578 0.449219 0.292969 0.296875
0 0.701172 0.576172 0.058594 0.324219
0 0.562500 0.658203 0.203125 0.128906
0 0.335938 0.460938 0.085938 0.210938
0 0.310547 0.433594 0.113281 0.156250
0 0.652344 0.359375 0.093750 0.101562
0 0.710938 0.531250 0.093750 0.164062
0 0.583984 0.726562 0.183594 0.070312
0 0.382812 0.023438 0.101562 0.039062
1 0.888672 0.691406 0.222656 0.507812
1 0.742188 0.150391 0.335938 0.292969
1 0.513672 0.144531 0.144531 0.281250
0 0.382812 0.367188 0.117188 0.085938
1 0.837891 0.349609 0.253906 0.121094
1 0.173828 0.154297 0.292969 0.292969
1 0.386719 0.175781 0.164062 0.242188
1 0.128906 0.539062 0.234375 0.460938
1 0.316406 0.767578 0.117188 0.386719
1 0.576172 0.886719 0.472656 0.226562
1 0.359375 0.697266 0.171875 0.191406
1 0.152344 0.867188 0.296875 0.265625
