0 0.669922 0.054688 0.183594 0.101562
0 0.796875 0.035156 0.062500 0.062500
0 0.466797 0.376953 0.183594 0.066406
0 0.603516 0.402344 0.097656 0.093750
0 0.593750 0.484375 0.078125 0.078125
0 0.531250 0.535156 0.093750 0.085938
0 0.437500 0.556641 0.109375 0.097656
1 0.826172 0.671875 0.339844 0.656250
1 0.402344 0.796875 0.796875 0.406250
1 0.828125 0.222656 0.343750 0.242188
1 0.373047 0.126953 0.332031 0.246094
1 0.621094 0.218750 0.218750 0.234375
1 0.187500 0.439453 0.359375 0.371094
1 0.464844 0.455078 0.187500 0.089844
1 0.544922 0.787109 0.339844 0.339844
