0 0.265625 0.474609 0.125000 0.097656
0 0.128906 0.470703 0.109375 0.089844
0 0.515625 0.279297 0.078125 0.058594
0 0.148438 0.583984 0.156250 0.128906
1 0.333984 0.585938 0.191406 0.117188
0 0.490234 0.605469 0.113281 0.125000
0 0.349609 0.220703 0.121094 0.066406
0 0.492188 0.236328 0.125000 0.058594
0 0.667969 0.585938 0.109375 0.164062
0 0.609375 0.593750 0.078125 0.062500
0 0.748047 0.605469 0.066406 0.078125
1 0.841797 0.689453 0.105469 0.082031
1 0.408203 0.460938 0.167969 0.140625
1 0.500000 0.345703 0.156250 0.050781
1 0.166016 0.744141 0.074219 0.050781
