0 0.617188 0.296875 0.343750 0.234375
0 0.501953 0.423828 0.371094 0.128906
0 0.423828 0.546875 0.363281 0.156250
0 0.613281 0.560547 0.179688 0.183594
0 0.736328 0.447266 0.113281 0.167969
0 0.337891 0.718750 0.238281 0.171875
0 0.462891 0.677734 0.121094 0.199219
0 0.283203 0.843750 0.316406 0.156250
0 0.542969 0.142578 0.093750 0.066406
0 0.751953 0.148438 0.121094 0.101562
0 0.812500 0.236328 0.062500 0.082031
1 0.697266 0.828125 0.246094 0.343750
1 0.851562 0.607422 0.265625 0.136719
1 0.890625 0.384766 0.203125 0.207031
1 0.527344 0.904297 0.140625 0.191406
1 0.109375 0.607422 0.203125 0.300781
1 0.230469 0.343750 0.250000 0.187500
1 0.376953 0.214844 0.097656 0.234375
1 0.636719 0.087891 0.093750 0.167969
