0 0.503906 0.203125 0.093750 0.078125
0 0.675781 0.175781 0.070312 0.164062
0 0.656250 0.205078 0.093750 0.074219
0 0.679688 0.298828 0.070312 0.152344
0 0.626953 0.333984 0.058594 0.082031
0 0.677734 0.484375 0.105469 0.226562
0 0.560547 0.691406 0.128906 0.078125
0 0.544922 0.609375 0.113281 0.078125
0 0.548828 0.746094 0.160156 0.125000
0 0.515625 0.267578 0.101562 0.121094
0 0.474609 0.474609 0.066406 0.113281
0 0.402344 0.656250 0.093750 0.140625
0 0.357422 0.736328 0.058594 0.121094
0 0.373047 0.820312 0.089844 0.109375
0 0.701172 0.800781 0.128906 0.375000
0 0.576172 0.107422 0.105469 0.113281
0 0.972656 0.332031 0.054688 0.445312
0 0.736328 0.474609 0.128906 0.269531
1 0.830078 0.197266 0.222656 0.269531
0 0.316406 0.933594 0.085938 0.132812
