0 0.250000 0.212891 0.203125 0.191406
0 0.417969 0.210938 0.195312 0.179688
0 0.556641 0.250000 0.152344 0.187500
0 0.732422 0.330078 0.230469 0.292969
0 0.435547 0.652344 0.316406 0.210938
0 0.119141 0.468750 0.089844 0.140625
0 0.203125 0.359375 0.187500 0.125000
0 0.078125 0.250000 0.140625 0.140625
0 0.234375 0.761719 0.109375 0.265625
1 0.757812 0.876953 0.468750 0.230469
0 0.044922 0.544922 0.082031 0.097656
1 0.921875 0.339844 0.156250 0.382812
0 0.468750 0.453125 0.281250 0.171875
0 0.179688 0.796875 0.148438 0.156250
1 0.406250 0.875000 0.234375 0.234375
0 0.294922 0.058594 0.207031 0.101562
1 0.478516 0.060547 0.167969 0.113281
1 0.248047 0.482422 0.160156 0.121094
1 0.171875 0.578125 0.187500 0.078125
1 0.087891 0.658203 0.160156 0.121094
1 0.156250 0.953125 0.304688 0.085938
1 0.054688 0.830078 0.101562 0.222656
1 0.816406 0.625000 0.359375 0.296875
