0 0.419922 0.390625 0.371094 0.218750
0 0.796875 0.679688 0.203125 0.429688
0 0.671875 0.466797 0.125000 0.261719
0 0.951172 0.720703 0.097656 0.425781
0 0.408203 0.279297 0.246094 0.097656
0 0.222656 0.330078 0.109375 0.089844
0 0.605469 0.376953 0.109375 0.199219
0 0.416016 0.234375 0.144531 0.078125
0 0.515625 0.544922 0.203125 0.097656
0 0.792969 0.494141 0.125000 0.152344
0 0.156250 0.386719 0.132812 0.140625
0 0.146484 0.476562 0.285156 0.250000
0 0.193359 0.607422 0.183594 0.089844
1 0.464844 0.685547 0.257812 0.160156
1 0.355469 0.615234 0.109375 0.214844
1 0.154297 0.693359 0.285156 0.074219
1 0.050781 0.660156 0.093750 0.101562
0 0.691406 0.640625 0.164062 0.125000
1 0.593750 0.835938 0.187500 0.125000
0 0.546875 0.273438 0.062500 0.062500
0 0.419922 0.208984 0.058594 0.074219
0 0.345703 0.251953 0.097656 0.105469
0 0.273438 0.269531 0.093750 0.070312
0 0.738281 0.404297 0.085938 0.082031
0 0.875000 0.476562 0.054688 0.070312
0 0.912109 0.500000 0.058594 0.062500
0 0.865234 0.921875 0.269531 0.148438
