0 0.322266 0.269531 0.144531 0.023438
0 0.492188 0.388672 0.179688 0.246094
0 0.648438 0.529297 0.132812 0.253906
0 0.751953 0.566406 0.082031 0.132812
0 0.785156 0.576172 0.093750 0.113281
0 0.574219 0.349609 0.085938 0.113281
0 0.572266 0.509766 0.160156 0.136719
0 0.351562 0.357422 0.101562 0.136719
0 0.447266 0.234375 0.113281 0.062500
0 0.919922 0.785156 0.066406 0.109375
0 0.218750 0.296875 0.062500 0.093750
0 0.830078 0.595703 0.089844 0.089844
0 0.419922 0.373047 0.152344 0.199219
0 0.318359 0.240234 0.144531 0.105469
0 0.289062 0.320312 0.093750 0.101562
1 0.093750 0.271484 0.179688 0.277344
1 0.218750 0.072266 0.414062 0.136719
1 0.548828 0.099609 0.246094 0.175781
1 0.783203 0.250000 0.269531 0.304688
1 0.908203 0.359375 0.183594 0.281250
1 0.794922 0.392578 0.128906 0.167969
1 0.939453 0.558594 0.121094 0.242188
1 0.791016 0.777344 0.136719 0.281250
0 0.644531 0.658203 0.085938 0.066406
1 0.248047 0.591797 0.113281 0.417969
1 0.115234 0.660156 0.214844 0.523438
1 0.392578 0.718750 0.214844 0.398438
1 0.644531 0.839844 0.273438 0.273438
1 0.517578 0.669922 0.113281 0.167969
1 0.251953 0.486328 0.089844 0.175781
