0 0.542969 0.546875 0.203125 0.164062
0 0.671875 0.544922 0.093750 0.136719
0 0.384766 0.533203 0.113281 0.152344
0 0.902344 0.185547 0.156250 0.066406
0 0.972656 0.083984 0.054688 0.128906
0 0.486328 0.634766 0.136719 0.097656
1 0.855469 0.546875 0.265625 0.242188
1 0.451172 0.345703 0.417969 0.230469
1 0.712891 0.384766 0.136719 0.167969
1 0.156250 0.330078 0.304688 0.496094
1 0.203125 0.802734 0.390625 0.394531
1 0.613281 0.828125 0.429688 0.343750
1 0.910156 0.830078 0.164062 0.339844
1 0.410156 0.113281 0.812500 0.218750
1 0.875000 0.080078 0.132812 0.152344
