0 0.234375 0.308594 0.125000 0.156250
0 0.359375 0.470703 0.140625 0.464844
0 0.421875 0.509766 0.125000 0.363281
0 0.482422 0.501953 0.113281 0.222656
0 0.783203 0.437500 0.097656 0.093750
0 0.888672 0.437500 0.113281 0.109375
0 0.310547 0.484375 0.074219 0.187500
0 0.375000 0.603516 0.140625 0.074219
0 0.236328 0.376953 0.066406 0.128906
1 0.861328 0.291016 0.269531 0.199219
1 0.781250 0.617188 0.437500 0.250000
0 0.636719 0.451172 0.203125 0.074219
0 0.474609 0.595703 0.136719 0.167969
1 0.609375 0.292969 0.242188 0.195312
1 0.505859 0.781250 0.144531 0.171875
