0 0.529297 0.468750 0.074219 0.156250
0 0.640625 0.468750 0.156250 0.140625
0 0.421875 0.500000 0.140625 0.062500
0 0.455078 0.574219 0.105469 0.078125
0 0.404297 0.429688 0.167969 0.062500
0 0.984375 0.359375 0.031250 0.031250
1 0.855469 0.435547 0.218750 0.394531
1 0.156250 0.515625 0.296875 0.390625
1 0.578125 0.281250 0.328125 0.171875
1 0.841797 0.154297 0.316406 0.207031
1 0.640625 0.623047 0.218750 0.105469
1 0.421875 0.669922 0.218750 0.074219
1 0.369141 0.337891 0.128906 0.113281
0 0.373047 0.580078 0.105469 0.089844
1 0.158203 0.773438 0.308594 0.093750
1 0.089844 0.916016 0.171875 0.167969
1 0.509766 0.117188 0.144531 0.179688
1 0.638672 0.179688 0.089844 0.062500
