0 0.273438 0.511719 0.210938 0.023438
0 0.132812 0.570312 0.062500 0.117188
0 0.367188 0.134766 0.179688 0.238281
0 0.546875 0.185547 0.187500 0.097656
0 0.576172 0.187500 0.238281 0.132812
0 0.535156 0.044922 0.148438 0.082031
0 0.253906 0.175781 0.070312 0.148438
0 0.121094 0.173828 0.234375 0.105469
0 0.070312 0.058594 0.132812 0.109375
0 0.642578 0.507812 0.136719 0.265625
0 0.927734 0.660156 0.144531 0.226562
0 0.500000 0.734375 0.093750 0.109375
0 0.970703 0.431641 0.058594 0.097656
0 0.904297 0.496094 0.050781 0.085938
0 0.564453 0.488281 0.058594 0.156250
0 0.705078 0.166016 0.121094 0.082031
0 0.285156 0.474609 0.218750 0.128906
0 0.279297 0.570312 0.246094 0.093750
0 0.570312 0.853516 0.140625 0.144531
0 0.210938 0.062500 0.148438 0.109375
0 0.099609 0.232422 0.121094 0.082031
0 0.179688 0.472656 0.109375 0.109375
1 0.464844 0.470703 0.132812 0.394531
0 0.736328 0.488281 0.082031 0.179688
0 0.830078 0.498047 0.128906 0.082031
0 0.845703 0.677734 0.097656 0.121094
1 0.716797 0.738281 0.167969 0.171875
1 0.904297 0.878906 0.191406 0.195312
1 0.796875 0.845703 0.140625 0.160156
0 0.660156 0.917969 0.117188 0.164062
0 0.535156 0.943359 0.210938 0.113281
0 0.414062 0.974609 0.164062 0.050781
0 0.888672 0.205078 0.222656 0.355469
1 0.763672 0.292969 0.128906 0.156250
1 0.634766 0.318359 0.191406 0.113281
1 0.294922 0.337891 0.253906 0.144531
1 0.101562 0.343750 0.171875 0.132812
1 0.210938 0.820312 0.414062 0.359375
1 0.703125 0.064453 0.156250 0.105469
