0 0.558594 0.408203 0.070312 0.066406
0 0.599609 0.406250 0.035156 0.062500
0 0.625000 0.400391 0.062500 0.035156
0 0.791016 0.388672 0.128906 0.058594
0 0.900391 0.378906 0.074219 0.031250
0 0.966797 0.386719 0.050781 0.023438
0 0.500000 0.433594 0.031250 0.062500
0 0.470703 0.453125 0.027344 0.046875
0 0.419922 0.451172 0.066406 0.042969
1 0.263672 0.314453 0.457031 0.097656
1 0.601562 0.300781 0.250000 0.132812
1 0.812500 0.708984 0.375000 0.550781
1 0.195312 0.683594 0.375000 0.632812
1 0.613281 0.738281 0.500000 0.523438
1 0.861328 0.275391 0.277344 0.160156
