0 0.406250 0.513672 0.203125 0.082031
0 0.234375 0.812500 0.203125 0.046875
0 0.496094 0.496094 0.117188 0.070312
0 0.406250 0.566406 0.125000 0.046875
0 0.361328 0.812500 0.066406 0.093750
0 0.263672 0.892578 0.167969 0.066406
0 0.263672 0.761719 0.121094 0.117188
0 0.072266 0.847656 0.136719 0.117188
1 0.250000 0.531250 0.078125 0.078125
1 0.671875 0.556641 0.156250 0.097656
1 0.074219 0.648438 0.140625 0.250000
1 0.294922 0.656250 0.269531 0.125000
1 0.359375 0.423828 0.109375 0.066406
1 0.439453 0.923828 0.160156 0.097656
1 0.216797 0.402344 0.105469 0.070312
1 0.654297 0.740234 0.339844 0.261719
1 0.736328 0.933594 0.425781 0.117188
1 0.462891 0.818359 0.121094 0.207031
0 0.253906 0.933594 0.085938 0.109375
0 0.498047 0.560547 0.074219 0.089844
1 0.609375 0.576172 0.117188 0.128906
