0 0.421875 0.337891 0.109375 0.042969
0 0.357422 0.414062 0.105469 0.093750
0 0.437500 0.435547 0.078125 0.105469
0 0.814453 0.535156 0.128906 0.132812
0 0.855469 0.666016 0.164062 0.175781
0 0.376953 0.763672 0.222656 0.285156
0 0.609375 0.335938 0.062500 0.046875
0 0.650391 0.343750 0.074219 0.062500
0 0.742188 0.437500 0.085938 0.046875
0 0.953125 0.718750 0.078125 0.187500
0 0.859375 0.744141 0.093750 0.136719
0 0.259766 0.779297 0.144531 0.285156
0 0.310547 0.910156 0.222656 0.164062
0 0.437500 0.744141 0.156250 0.207031
0 0.183594 0.753906 0.117188 0.132812
0 0.468750 0.417969 0.093750 0.093750
0 0.544922 0.257812 0.066406 0.109375
0 0.435547 0.234375 0.058594 0.109375
1 0.638672 0.750000 0.222656 0.437500
1 0.607422 0.462891 0.152344 0.167969
1 0.218750 0.523438 0.140625 0.203125
1 0.392578 0.552734 0.214844 0.113281
1 0.748047 0.355469 0.097656 0.093750
0 0.638672 0.281250 0.113281 0.054688
