0 0.529297 0.250000 0.128906 0.078125
0 0.544922 0.375000 0.113281 0.171875
0 0.625000 0.343750 0.046875 0.234375
0 0.708984 0.355469 0.167969 0.117188
0 0.703125 0.261719 0.093750 0.062500
0 0.791016 0.263672 0.074219 0.066406
0 0.742188 0.310547 0.078125 0.035156
0 0.781250 0.421875 0.156250 0.132812
0 0.453125 0.357422 0.062500 0.042969
0 0.453125 0.455078 0.070312 0.066406
0 0.439453 0.250000 0.058594 0.062500
0 0.240234 0.544922 0.191406 0.097656
0 0.109375 0.615234 0.101562 0.082031
0 0.195312 0.626953 0.062500 0.089844
0 0.060547 0.722656 0.113281 0.078125
0 0.648438 0.439453 0.132812 0.105469
0 0.884766 0.265625 0.144531 0.054688
1 0.808594 0.560547 0.304688 0.128906
0 0.953125 0.724609 0.093750 0.089844
0 0.900391 0.056641 0.128906 0.089844
0 0.035156 0.203125 0.062500 0.117188
0 0.468750 0.017578 0.140625 0.027344
1 0.640625 0.125000 0.390625 0.156250
1 0.906250 0.169922 0.171875 0.121094
1 0.935547 0.398438 0.128906 0.210938
1 0.283203 0.326172 0.167969 0.269531
0 0.267578 0.523438 0.058594 0.101562
1 0.572266 0.574219 0.167969 0.164062
1 0.425781 0.580078 0.164062 0.175781
1 0.164062 0.146484 0.179688 0.277344
1 0.349609 0.125000 0.230469 0.156250
1 0.367188 0.279297 0.078125 0.136719
0 0.099609 0.359375 0.191406 0.132812
1 0.460938 0.802734 0.437500 0.394531
1 0.796875 0.812500 0.218750 0.367188
1 0.220703 0.841797 0.191406 0.316406
1 0.074219 0.498047 0.140625 0.136719
