0 0.126953 0.359375 0.214844 0.031250
0 0.328125 0.400391 0.296875 0.082031
0 0.546875 0.492188 0.125000 0.265625
0 0.679688 0.525391 0.132812 0.261719
0 0.783203 0.531250 0.089844 0.218750
0 0.839844 0.498047 0.085938 0.128906
0 0.375000 0.484375 0.218750 0.093750
0 0.455078 0.359375 0.285156 0.062500
0 0.462891 0.544922 0.175781 0.089844
1 0.939453 0.531250 0.105469 0.109375
1 0.869141 0.625000 0.082031 0.109375
1 0.666016 0.361328 0.097656 0.050781
1 0.105469 0.410156 0.140625 0.070312
1 0.220703 0.482422 0.082031 0.066406
0 0.226562 0.078125 0.109375 0.039062
