0 0.304688 0.353516 0.234375 0.199219
0 0.460938 0.404297 0.070312 0.214844
0 0.562500 0.462891 0.125000 0.253906
0 0.796875 0.328125 0.296875 0.093750
0 0.687500 0.496094 0.140625 0.289062
0 0.859375 0.421875 0.187500 0.109375
0 0.875000 0.619141 0.218750 0.089844
0 0.878906 0.525391 0.234375 0.105469
0 0.328125 0.513672 0.187500 0.136719
0 0.468750 0.656250 0.078125 0.281250
0 0.576172 0.685547 0.128906 0.199219
0 0.703125 0.687500 0.125000 0.093750
0 0.669922 0.750000 0.066406 0.046875
0 0.792969 0.689453 0.070312 0.058594
0 0.339844 0.654297 0.195312 0.128906
0 0.279297 0.619141 0.253906 0.058594
0 0.171875 0.687500 0.109375 0.125000
0 0.337891 0.779297 0.175781 0.113281
0 0.203125 0.343750 0.109375 0.109375
1 0.857422 0.873047 0.277344 0.253906
1 0.593750 0.906250 0.265625 0.187500
1 0.236328 0.916016 0.464844 0.167969
1 0.080078 0.515625 0.152344 0.234375
1 0.054688 0.730469 0.101562 0.195312
1 0.919922 0.777344 0.160156 0.218750
0 0.234375 0.263672 0.062500 0.089844
