0 0.542969 0.511719 0.179688 0.281250
0 0.718750 0.500000 0.171875 0.265625
0 0.843750 0.500000 0.078125 0.195312
0 0.875000 0.496094 0.109375 0.117188
0 0.587891 0.384766 0.152344 0.066406
0 0.375000 0.558594 0.125000 0.289062
0 0.314453 0.548828 0.183594 0.238281
0 0.220703 0.566406 0.113281 0.132812
0 0.166016 0.611328 0.082031 0.097656
0 0.058594 0.578125 0.046875 0.046875
0 0.400391 0.416016 0.128906 0.089844
1 0.560547 0.304688 0.253906 0.085938
1 0.775391 0.318359 0.160156 0.089844
1 0.894531 0.070312 0.164062 0.132812
1 0.111328 0.474609 0.113281 0.160156
