0 0.527344 0.539062 0.250000 0.148438
0 0.324219 0.611328 0.148438 0.113281
0 0.203125 0.628906 0.109375 0.234375
0 0.103516 0.566406 0.082031 0.070312
0 0.599609 0.478516 0.160156 0.082031
0 0.505859 0.605469 0.207031 0.109375
0 0.296875 0.705078 0.132812 0.097656
0 0.195312 0.738281 0.085938 0.093750
0 0.326172 0.503906 0.167969 0.140625
0 0.773438 0.380859 0.125000 0.074219
1 0.921875 0.314453 0.156250 0.246094
1 0.177734 0.427734 0.144531 0.136719
1 0.310547 0.375000 0.136719 0.101562
1 0.740234 0.474609 0.097656 0.074219
