0 0.142578 0.324219 0.097656 0.156250
0 0.107422 0.326172 0.089844 0.113281
0 0.621094 0.326172 0.140625 0.222656
0 0.750000 0.277344 0.125000 0.234375
0 0.861328 0.169922 0.089844 0.089844
0 0.955078 0.158203 0.082031 0.097656
0 0.906250 0.248047 0.070312 0.058594
0 0.863281 0.236328 0.085938 0.089844
0 0.822266 0.316406 0.089844 0.109375
0 0.681641 0.226562 0.097656 0.109375
0 0.804688 0.173828 0.085938 0.097656
0 0.193359 0.326172 0.050781 0.128906
0 0.281250 0.636719 0.125000 0.085938
0 0.441406 0.652344 0.203125 0.101562
0 0.048828 0.710938 0.089844 0.203125
0 0.570312 0.353516 0.125000 0.183594
1 0.773438 0.716797 0.453125 0.542969
1 0.371094 0.853516 0.398438 0.292969
1 0.365234 0.298828 0.222656 0.582031
1 0.160156 0.121094 0.312500 0.234375
1 0.142578 0.505859 0.277344 0.175781
1 0.164062 0.679688 0.117188 0.179688
1 0.185547 0.888672 0.175781 0.222656
1 0.144531 0.910156 0.273438 0.179688
1 0.935547 0.402344 0.128906 0.226562
1 0.550781 0.105469 0.148438 0.179688
