0 0.515625 0.279297 0.195312 0.066406
0 0.544922 0.271484 0.082031 0.089844
0 0.873047 0.484375 0.246094 0.093750
0 0.898438 0.539062 0.203125 0.078125
0 0.753906 0.445312 0.078125 0.093750
0 0.232422 0.732422 0.097656 0.144531
0 0.236328 0.708984 0.066406 0.144531
0 0.410156 0.285156 0.109375 0.062500
0 0.339844 0.304688 0.101562 0.046875
0 0.242188 0.810547 0.093750 0.097656
0 0.933594 0.560547 0.132812 0.105469
1 0.144531 0.283203 0.281250 0.558594
1 0.503906 0.494141 0.429688 0.332031
1 0.851562 0.285156 0.296875 0.234375
1 0.865234 0.808594 0.269531 0.367188
1 0.531250 0.802734 0.484375 0.394531
1 0.093750 0.763672 0.179688 0.402344
1 0.267578 0.931641 0.222656 0.136719
1 0.501953 0.113281 0.417969 0.210938
1 0.810547 0.113281 0.222656 0.210938
