0 0.236328 0.335938 0.105469 0.062500
0 0.312500 0.300781 0.101562 0.070312
0 0.482422 0.484375 0.113281 0.109375
0 0.580078 0.500000 0.074219 0.109375
0 0.650391 0.523438 0.058594 0.078125
0 0.498047 0.597656 0.113281 0.117188
0 0.529297 0.703125 0.042969 0.078125
0 0.552734 0.757812 0.089844 0.085938
0 0.757812 0.601562 0.117188 0.156250
0 0.660156 0.734375 0.062500 0.078125
1 0.318359 0.548828 0.230469 0.347656
1 0.365234 0.830078 0.277344 0.214844
1 0.632812 0.625000 0.148438 0.117188
1 0.462891 0.292969 0.183594 0.210938
0 0.535156 0.447266 0.062500 0.074219
