0 0.771484 0.544922 0.183594 0.199219
0 0.916016 0.517578 0.167969 0.128906
0 0.652344 0.619141 0.101562 0.144531
0 0.568359 0.628906 0.082031 0.054688
0 0.312500 0.517578 0.156250 0.105469
0 0.210938 0.529297 0.109375 0.082031
0 0.085938 0.597656 0.062500 0.085938
0 0.417969 0.501953 0.062500 0.082031
0 0.142578 0.529297 0.066406 0.058594
0 0.208984 0.322266 0.097656 0.066406
1 0.556641 0.375000 0.238281 0.335938
0 0.789062 0.466797 0.101562 0.113281
1 0.833984 0.306641 0.316406 0.199219
1 0.927734 0.412109 0.136719 0.082031
1 0.677734 0.378906 0.121094 0.125000
1 0.439453 0.646484 0.105469 0.207031
1 0.748047 0.763672 0.503906 0.121094
1 0.929688 0.673828 0.125000 0.160156
1 0.794922 0.726562 0.175781 0.156250
1 0.361328 0.363281 0.199219 0.195312
1 0.162109 0.423828 0.191406 0.105469
1 0.271484 0.652344 0.285156 0.140625
1 0.050781 0.427734 0.093750 0.199219
0 0.107422 0.556641 0.050781 0.058594
0 0.042969 0.628906 0.070312 0.062500
