0 0.457031 0.488281 0.234375 0.156250
0 0.488281 0.613281 0.218750 0.132812
0 0.671875 0.710938 0.164062 0.125000
0 0.191406 0.708984 0.140625 0.160156
0 0.066406 0.900391 0.101562 0.199219
0 0.146484 0.953125 0.089844 0.093750
0 0.173828 0.158203 0.128906 0.152344
0 0.593750 0.273438 0.164062 0.132812
0 0.341797 0.794922 0.105469 0.128906
0 0.761719 0.890625 0.187500 0.218750
0 0.912109 0.945312 0.160156 0.109375
0 0.539062 0.400391 0.085938 0.175781
1 0.359375 0.216797 0.265625 0.269531
1 0.166016 0.423828 0.324219 0.386719
1 0.328125 0.656250 0.101562 0.140625
1 0.828125 0.443359 0.304688 0.394531
1 0.876953 0.708984 0.230469 0.152344
1 0.921875 0.816406 0.132812 0.140625
1 0.837891 0.150391 0.300781 0.292969
1 0.611328 0.101562 0.214844 0.195312
1 0.660156 0.443359 0.148438 0.199219
1 0.675781 0.580078 0.156250 0.128906
1 0.500000 0.833984 0.203125 0.300781
1 0.312500 0.933594 0.210938 0.132812
0 0.064453 0.048828 0.113281 0.089844
