0 0.466797 0.578125 0.121094 0.296875
0 0.572266 0.580078 0.097656 0.183594
0 0.335938 0.515625 0.140625 0.093750
0 0.949219 0.482422 0.093750 0.167969
0 0.871094 0.484375 0.054688 0.109375
0 0.666016 0.568359 0.089844 0.175781
0 0.408203 0.675781 0.136719 0.085938
0 0.431641 0.765625 0.191406 0.093750
0 0.566406 0.744141 0.078125 0.128906
0 0.570312 0.675781 0.140625 0.125000
0 0.210938 0.560547 0.109375 0.082031
0 0.218750 0.492188 0.078125 0.062500
0 0.503906 0.460938 0.109375 0.046875
0 0.111328 0.531250 0.113281 0.078125
0 0.046875 0.560547 0.085938 0.066406
0 0.566406 0.855469 0.187500 0.093750
0 0.972656 0.373047 0.039062 0.097656
1 0.757812 0.732422 0.218750 0.136719
1 0.744141 0.853516 0.152344 0.089844
1 0.578125 0.949219 0.257812 0.078125
0 0.343750 0.734375 0.078125 0.140625
0 0.406250 0.599609 0.070312 0.089844
