0 0.466797 0.437500 0.121094 0.140625
0 0.546875 0.421875 0.046875 0.125000
0 0.572266 0.417969 0.089844 0.093750
0 0.625000 0.421875 0.109375 0.078125
0 0.384766 0.451172 0.042969 0.128906
0 0.335938 0.460938 0.054688 0.093750
0 0.406250 0.158203 0.140625 0.128906
0 0.263672 0.128906 0.160156 0.078125
0 0.187500 0.041016 0.109375 0.027344
0 0.166016 0.214844 0.082031 0.039062
0 0.421875 0.648438 0.062500 0.085938
0 0.517578 0.634766 0.128906 0.058594
0 0.388672 0.658203 0.074219 0.097656
0 0.359375 0.679688 0.093750 0.054688
0 0.687500 0.421875 0.062500 0.046875
0 0.341797 0.439453 0.121094 0.050781
0 0.671875 0.091797 0.062500 0.042969
0 0.060547 0.123047 0.113281 0.042969
1 0.142578 0.621094 0.277344 0.757812
1 0.859375 0.501953 0.281250 0.996094
1 0.703125 0.722656 0.234375 0.515625
1 0.527344 0.554688 0.203125 0.078125
0 0.511719 0.173828 0.062500 0.089844
1 0.439453 0.291016 0.316406 0.128906
1 0.697266 0.246094 0.183594 0.281250
1 0.451172 0.857422 0.371094 0.285156
