0 0.375000 0.484375 0.125000 0.203125
0 0.523438 0.492188 0.085938 0.179688
0 0.691406 0.593750 0.109375 0.062500
0 0.734375 0.542969 0.093750 0.046875
0 0.703125 0.742188 0.125000 0.062500
0 0.267578 0.517578 0.089844 0.058594
0 0.556641 0.615234 0.113281 0.074219
0 0.636719 0.697266 0.109375 0.121094
0 0.798828 0.744141 0.136719 0.128906
0 0.320312 0.421875 0.070312 0.062500
0 0.296875 0.556641 0.093750 0.074219
0 0.474609 0.474609 0.105469 0.214844
0 0.634766 0.394531 0.089844 0.062500
0 0.783203 0.546875 0.082031 0.054688
0 0.572266 0.476562 0.058594 0.085938
1 0.851562 0.294922 0.281250 0.402344
1 0.804688 0.902344 0.390625 0.171875
1 0.937500 0.662109 0.125000 0.316406
1 0.281250 0.185547 0.140625 0.355469
1 0.148438 0.416016 0.140625 0.300781
1 0.232422 0.410156 0.113281 0.140625
1 0.433594 0.658203 0.132812 0.121094
1 0.542969 0.751953 0.078125 0.167969
1 0.660156 0.822266 0.132812 0.089844
1 0.039062 0.423828 0.070312 0.097656
1 0.125000 0.285156 0.242188 0.171875
1 0.603516 0.273438 0.253906 0.171875
1 0.429688 0.263672 0.164062 0.175781
