0 0.333984 0.396484 0.160156 0.136719
0 0.412109 0.396484 0.082031 0.230469
0 0.486328 0.453125 0.066406 0.187500
0 0.544922 0.460938 0.058594 0.242188
0 0.613281 0.396484 0.093750 0.136719
0 0.355469 0.458984 0.062500 0.074219
0 0.730469 0.191406 0.101562 0.085938
0 0.611328 0.537109 0.105469 0.136719
1 0.263672 0.580078 0.152344 0.183594
1 0.384766 0.623047 0.105469 0.207031
1 0.474609 0.654297 0.089844 0.183594
1 0.617188 0.691406 0.187500 0.164062
1 0.513672 0.261719 0.121094 0.140625
1 0.388672 0.222656 0.160156 0.109375
1 0.265625 0.279297 0.203125 0.089844
1 0.187500 0.333984 0.117188 0.152344
1 0.605469 0.294922 0.062500 0.066406
1 0.837891 0.283203 0.113281 0.167969
1 0.923828 0.353516 0.082031 0.121094
1 0.714844 0.078125 0.140625 0.140625
1 0.707031 0.468750 0.085938 0.171875
1 0.169922 0.125000 0.324219 0.242188
1 0.115234 0.544922 0.222656 0.175781
1 0.310547 0.966797 0.136719 0.066406
1 0.763672 0.951172 0.128906 0.097656
0 0.509766 0.912109 0.105469 0.105469
1 0.898438 0.056641 0.203125 0.105469
1 0.974609 0.386719 0.050781 0.148438
