0 0.492188 0.500000 0.140625 0.062500
0 0.585938 0.449219 0.125000 0.117188
0 0.453125 0.582031 0.156250 0.101562
0 0.330078 0.669922 0.082031 0.074219
0 0.263672 0.718750 0.050781 0.078125
0 0.390625 0.439453 0.046875 0.074219
0 0.677734 0.453125 0.066406 0.085938
0 0.447266 0.425781 0.074219 0.085938
0 0.541016 0.488281 0.152344 0.117188
0 0.357422 0.603516 0.152344 0.136719
0 0.734375 0.408203 0.046875 0.042969
0 0.777344 0.376953 0.046875 0.035156
0 0.808594 0.359375 0.054688 0.070312
0 0.257812 0.287109 0.132812 0.089844
0 0.603516 0.035156 0.097656 0.062500
0 0.609375 0.123047 0.062500 0.105469
