0 0.546875 0.666016 0.078125 0.050781
0 0.634766 0.437500 0.160156 0.031250
0 0.642578 0.623047 0.058594 0.042969
0 0.597656 0.634766 0.070312 0.050781
0 0.470703 0.667969 0.089844 0.039062
0 0.033203 0.767578 0.058594 0.105469
0 0.087891 0.767578 0.097656 0.066406
0 0.019531 0.798828 0.031250 0.105469
0 0.523438 0.447266 0.054688 0.019531
0 0.527344 0.503906 0.062500 0.023438
1 0.205078 0.607422 0.402344 0.199219
1 0.539062 0.562500 0.242188 0.070312
1 0.455078 0.759766 0.230469 0.136719
1 0.244141 0.779297 0.199219 0.167969
1 0.839844 0.589844 0.312500 0.132812
