0 0.529297 0.500000 0.214844 0.078125
0 0.386719 0.523438 0.085938 0.078125
0 0.625000 0.453125 0.093750 0.031250
0 0.898438 0.560547 0.085938 0.019531
0 0.812500 0.921875 0.140625 0.062500
0 0.279297 0.482422 0.128906 0.050781
0 0.343750 0.556641 0.156250 0.074219
0 0.482422 0.546875 0.097656 0.078125
0 0.673828 0.511719 0.097656 0.085938
0 0.718750 0.921875 0.078125 0.046875
0 0.916016 0.904297 0.058594 0.058594
0 0.966797 0.890625 0.066406 0.046875
1 0.136719 0.525391 0.148438 0.121094
1 0.048828 0.556641 0.089844 0.097656
1 0.759766 0.546875 0.058594 0.054688
1 0.828125 0.648438 0.171875 0.093750
1 0.371094 0.900391 0.296875 0.160156
1 0.544922 0.781250 0.222656 0.093750
0 0.867188 0.953125 0.093750 0.046875
