0 0.330078 0.554688 0.636719 0.554688
0 0.826172 0.597656 0.339844 0.421875
0 0.437500 0.904297 0.265625 0.128906
0 0.517578 0.205078 0.167969 0.152344
1 0.666016 0.201172 0.128906 0.160156
1 0.351562 0.185547 0.156250 0.160156
0 0.707031 0.384766 0.117188 0.183594
0 0.210938 0.873047 0.273438 0.097656
1 0.712891 0.902344 0.230469 0.101562
1 0.912109 0.945312 0.152344 0.109375
0 0.138672 0.361328 0.269531 0.253906
0 0.886719 0.427734 0.226562 0.160156
0 0.740234 0.976562 0.230469 0.046875
0 0.476562 0.972656 0.242188 0.054688
0 0.068359 0.955078 0.128906 0.089844
0 0.037109 0.265625 0.066406 0.125000
