0 0.328125 0.591797 0.156250 0.058594
0 0.470703 0.593750 0.128906 0.062500
0 0.642578 0.580078 0.207031 0.027344
0 0.781250 0.595703 0.062500 0.066406
0 0.666016 0.650391 0.105469 0.097656
0 0.734375 0.634766 0.031250 0.066406
0 0.755859 0.642578 0.050781 0.050781
0 0.580078 0.679688 0.058594 0.046875
0 0.460938 0.656250 0.023438 0.031250
0 0.369141 0.701172 0.121094 0.027344
0 0.191406 0.599609 0.164062 0.035156
0 0.031250 0.671875 0.054688 0.031250
1 0.126953 0.853516 0.246094 0.207031
1 0.908203 0.611328 0.183594 0.128906
1 0.357422 0.765625 0.175781 0.101562
1 0.828125 0.867188 0.343750 0.234375
