0 0.468750 0.492188 0.375000 0.171875
0 0.722656 0.466797 0.117188 0.191406
0 0.841797 0.453125 0.113281 0.140625
0 0.244141 0.595703 0.082031 0.089844
0 0.400391 0.564453 0.277344 0.097656
1 0.773438 0.789062 0.453125 0.421875
1 0.425781 0.822266 0.445312 0.355469
1 0.150391 0.841797 0.292969 0.316406
0 0.796875 0.394531 0.085938 0.109375
0 0.625000 0.425781 0.156250 0.078125
0 0.291016 0.449219 0.089844 0.117188
0 0.917969 0.431641 0.062500 0.113281
0 0.035156 0.628906 0.062500 0.109375
0 0.187500 0.619141 0.125000 0.074219
