0 0.279297 0.468750 0.113281 0.078125
0 0.312500 0.531250 0.093750 0.031250
0 0.357422 0.478516 0.074219 0.066406
0 0.316406 0.541016 0.039062 0.050781
0 0.375000 0.310547 0.046875 0.066406
0 0.437500 0.312500 0.062500 0.046875
0 0.320312 0.300781 0.039062 0.046875
0 0.236328 0.359375 0.035156 0.062500
0 0.275391 0.218750 0.105469 0.046875
0 0.203125 0.234375 0.031250 0.062500
0 0.529297 0.380859 0.082031 0.035156
0 0.250000 0.351562 0.046875 0.046875
0 0.382812 0.316406 0.078125 0.078125
1 0.306641 0.148438 0.066406 0.085938
1 0.261719 0.287109 0.070312 0.074219
1 0.308594 0.375000 0.070312 0.093750
1 0.412109 0.400391 0.144531 0.074219
1 0.226562 0.634766 0.343750 0.121094
1 0.158203 0.892578 0.292969 0.175781
1 0.279297 0.783203 0.191406 0.167969
