0 0.324219 0.324219 0.179688 0.210938
0 0.437500 0.457031 0.085938 0.226562
0 0.505859 0.421875 0.089844 0.093750
0 0.388672 0.478516 0.058594 0.082031
0 0.291016 0.449219 0.128906 0.078125
0 0.189453 0.316406 0.089844 0.125000
0 0.269531 0.166016 0.062500 0.105469
0 0.554688 0.589844 0.070312 0.093750
0 0.599609 0.667969 0.050781 0.179688
0 0.656250 0.753906 0.062500 0.109375
0 0.722656 0.779297 0.101562 0.128906
0 0.650391 0.025391 0.128906 0.042969
0 0.953125 0.220703 0.093750 0.105469
0 0.574219 0.041016 0.093750 0.058594
1 0.738281 0.410156 0.296875 0.273438
1 0.914062 0.521484 0.171875 0.285156
1 0.263672 0.777344 0.449219 0.414062
1 0.552734 0.888672 0.144531 0.222656
1 0.816406 0.927734 0.359375 0.144531
1 0.066406 0.332031 0.125000 0.468750
1 0.171875 0.125000 0.117188 0.234375
0 0.425781 0.257812 0.085938 0.101562
0 0.763672 0.105469 0.074219 0.101562
0 0.851562 0.039062 0.117188 0.070312
1 0.070312 0.332031 0.125000 0.460938
1 0.759766 0.615234 0.222656 0.144531
1 0.894531 0.781250 0.210938 0.226562
1 0.607422 0.222656 0.222656 0.234375
1 0.408203 0.097656 0.175781 0.164062
0 0.339844 0.230469 0.109375 0.085938
