0 0.218750 0.484375 0.093750 0.062500
0 0.093750 0.509766 0.046875 0.042969
0 0.154297 0.558594 0.035156 0.046875
0 0.109375 0.562500 0.046875 0.046875
0 0.062500 0.593750 0.046875 0.062500
0 0.023438 0.640625 0.039062 0.109375
0 0.064453 0.656250 0.035156 0.062500
0 0.187500 0.595703 0.078125 0.074219
0 0.035156 0.529297 0.062500 0.050781
0 0.294922 0.468750 0.066406 0.031250
0 0.359375 0.734375 0.125000 0.296875
0 0.478516 0.697266 0.105469 0.363281
0 0.562500 0.636719 0.078125 0.304688
0 0.718750 0.435547 0.062500 0.089844
0 0.791016 0.437500 0.121094 0.093750
0 0.900391 0.400391 0.097656 0.144531
0 0.968750 0.390625 0.046875 0.125000
0 0.828125 0.375000 0.031250 0.031250
0 0.634766 0.453125 0.105469 0.062500
0 0.625000 0.533203 0.046875 0.097656
0 0.498047 0.476562 0.066406 0.085938
0 0.414062 0.539062 0.093750 0.093750
0 0.345703 0.578125 0.027344 0.031250
0 0.251953 0.585938 0.035156 0.093750
0 0.386719 0.419922 0.039062 0.035156
0 0.322266 0.449219 0.027344 0.023438
0 0.355469 0.431641 0.023438 0.019531
0 0.156250 0.525391 0.015625 0.019531
0 0.189453 0.531250 0.027344 0.031250
0 0.154297 0.478516 0.074219 0.042969
0 0.273438 0.681641 0.062500 0.042969
0 0.214844 0.687500 0.046875 0.031250
0 0.158203 0.703125 0.035156 0.031250
0 0.095703 0.712891 0.035156 0.019531
0 0.046875 0.775391 0.078125 0.089844
0 0.199219 0.812500 0.218750 0.125000
0 0.259766 0.730469 0.089844 0.054688
0 0.171875 0.753906 0.070312 0.070312
0 0.326172 0.578125 0.027344 0.031250
0 0.386719 0.884766 0.273438 0.058594
1 0.703125 0.248047 0.578125 0.160156
0 0.875000 0.203125 0.093750 0.031250
1 0.156250 0.361328 0.296875 0.128906
1 0.798828 0.753906 0.394531 0.343750
1 0.835938 0.548828 0.328125 0.082031
1 0.451172 0.359375 0.277344 0.093750
1 0.246094 0.283203 0.132812 0.066406
1 0.869141 0.150391 0.246094 0.042969
1 0.259766 0.957031 0.511719 0.062500
1 0.570312 0.867188 0.062500 0.148438
1 0.697266 0.363281 0.207031 0.054688
1 0.900391 0.960938 0.199219 0.054688
1 0.480469 0.128906 0.132812 0.054688
1 0.650391 0.148438 0.199219 0.046875
1 0.855469 0.109375 0.171875 0.062500
1 0.310547 0.042969 0.285156 0.062500
