0 0.367188 0.542969 0.125000 0.046875
0 0.398438 0.566406 0.109375 0.070312
0 0.515625 0.500000 0.046875 0.031250
0 0.564453 0.515625 0.082031 0.046875
0 0.638672 0.515625 0.042969 0.031250
0 0.667969 0.519531 0.070312 0.046875
0 0.804688 0.498047 0.046875 0.027344
0 0.828125 0.462891 0.062500 0.011719
0 0.861328 0.494141 0.074219 0.042969
0 0.748047 0.484375 0.066406 0.046875
0 0.710938 0.371094 0.054688 0.031250
1 0.728516 0.777344 0.527344 0.445312
1 0.263672 0.810547 0.503906 0.378906
1 0.158203 0.578125 0.285156 0.203125
1 0.953125 0.466797 0.093750 0.246094
1 0.529297 0.369141 0.292969 0.097656
1 0.283203 0.335938 0.152344 0.070312
