0 0.521484 0.439453 0.144531 0.457031
0 0.425781 0.535156 0.125000 0.242188
0 0.492188 0.720703 0.164062 0.136719
0 0.937500 0.619141 0.125000 0.277344
0 0.888672 0.544922 0.121094 0.175781
0 0.566406 0.820312 0.187500 0.078125
0 0.785156 0.441406 0.109375 0.109375
0 0.902344 0.953125 0.070312 0.093750
1 0.777344 0.880859 0.179688 0.238281
1 0.939453 0.837891 0.121094 0.144531
1 0.718750 0.636719 0.234375 0.250000
1 0.720703 0.093750 0.433594 0.179688
1 0.230469 0.503906 0.289062 0.546875
1 0.160156 0.884766 0.304688 0.199219
1 0.625000 0.933594 0.296875 0.125000
1 0.373047 0.105469 0.238281 0.203125
1 0.919922 0.390625 0.160156 0.140625
1 0.355469 0.312500 0.179688 0.210938
1 0.667969 0.351562 0.109375 0.328125
1 0.130859 0.119141 0.253906 0.230469
