0 0.416016 0.500000 0.355469 0.203125
0 0.660156 0.386719 0.117188 0.414062
0 0.791016 0.265625 0.175781 0.195312
0 0.542969 0.318359 0.156250 0.175781
0 0.455078 0.410156 0.167969 0.203125
0 0.330078 0.431641 0.089844 0.175781
0 0.232422 0.515625 0.121094 0.156250
0 0.146484 0.714844 0.113281 0.335938
0 0.251953 0.718750 0.089844 0.234375
0 0.357422 0.683594 0.121094 0.148438
0 0.400391 0.628906 0.167969 0.156250
0 0.546875 0.576172 0.140625 0.152344
0 0.716797 0.441406 0.175781 0.195312
0 0.857422 0.214844 0.152344 0.125000
0 0.083984 0.808594 0.144531 0.242188
0 0.281250 0.730469 0.156250 0.132812
1 0.658203 0.908203 0.683594 0.160156
1 0.750000 0.826172 0.500000 0.285156
1 0.949219 0.496094 0.101562 0.375000
1 0.869141 0.562500 0.066406 0.250000
1 0.781250 0.648438 0.140625 0.164062
