0 0.328125 0.681641 0.187500 0.292969
0 0.500000 0.689453 0.171875 0.292969
0 0.654297 0.625000 0.121094 0.218750
0 0.742188 0.642578 0.062500 0.207031
0 0.642578 0.763672 0.121094 0.058594
0 0.751953 0.642578 0.128906 0.160156
0 0.800781 0.652344 0.101562 0.093750
0 0.255859 0.660156 0.128906 0.164062
0 0.250000 0.785156 0.101562 0.062500
0 0.244141 0.857422 0.066406 0.050781
0 0.189453 0.716797 0.152344 0.066406
0 0.205078 0.654297 0.097656 0.042969
0 0.355469 0.859375 0.156250 0.062500
0 0.453125 0.849609 0.070312 0.066406
0 0.503906 0.806641 0.054688 0.121094
0 0.568359 0.779297 0.128906 0.082031
0 0.691406 0.720703 0.101562 0.105469
0 0.298828 0.919922 0.066406 0.042969
0 0.357422 0.859375 0.089844 0.117188
1 0.103516 0.591797 0.105469 0.089844
0 0.285156 0.916016 0.093750 0.074219
0 0.605469 0.580078 0.109375 0.121094
1 0.683594 0.445312 0.242188 0.117188
1 0.453125 0.474609 0.218750 0.113281
1 0.265625 0.500000 0.195312 0.070312
