0 0.404297 0.562500 0.191406 0.296875
0 0.550781 0.527344 0.187500 0.242188
0 0.515625 0.279297 0.265625 0.082031
0 0.746094 0.312500 0.179688 0.062500
0 0.906250 0.343750 0.140625 0.062500
0 0.931641 0.218750 0.113281 0.062500
0 0.289062 0.470703 0.070312 0.113281
0 0.265625 0.699219 0.078125 0.195312
1 0.671875 0.886719 0.601562 0.226562
1 0.857422 0.603516 0.277344 0.386719
1 0.628906 0.718750 0.210938 0.109375
1 0.455078 0.804688 0.207031 0.117188
1 0.109375 0.501953 0.203125 0.996094
1 0.591797 0.056641 0.777344 0.097656
1 0.298828 0.169922 0.183594 0.128906
0 0.298828 0.265625 0.167969 0.078125
0 0.742188 0.169922 0.515625 0.058594
0 0.417969 0.183594 0.085938 0.085938
1 0.753906 0.216797 0.484375 0.089844
1 0.435547 0.388672 0.464844 0.082031
