0 0.400391 0.466797 0.160156 0.074219
0 0.513672 0.468750 0.066406 0.093750
0 0.589844 0.470703 0.085938 0.105469
0 0.667969 0.449219 0.070312 0.132812
0 0.734375 0.433594 0.062500 0.132812
0 0.791016 0.421875 0.042969 0.109375
0 0.808594 0.408203 0.070312 0.066406
0 0.609375 0.427734 0.039062 0.074219
0 0.697266 0.408203 0.066406 0.082031
0 0.941406 0.236328 0.109375 0.027344
0 0.138672 0.470703 0.167969 0.089844
0 0.031250 0.515625 0.046875 0.140625
0 0.080078 0.517578 0.105469 0.105469
0 0.453125 0.261719 0.125000 0.046875
1 0.816406 0.169922 0.335938 0.089844
1 0.652344 0.289062 0.265625 0.140625
1 0.333984 0.609375 0.378906 0.148438
1 0.173828 0.666016 0.339844 0.152344
1 0.761719 0.601562 0.476562 0.140625
1 0.929688 0.427734 0.140625 0.285156
