0 0.375000 0.310547 0.187500 0.402344
0 0.597656 0.322266 0.250000 0.464844
0 0.242188 0.421875 0.054688 0.406250
0 0.326172 0.599609 0.285156 0.175781
0 0.515625 0.619141 0.093750 0.121094
0 0.585938 0.566406 0.195312 0.132812
0 0.763672 0.539062 0.136719 0.156250
0 0.750000 0.455078 0.078125 0.222656
0 0.814453 0.236328 0.082031 0.191406
0 0.843750 0.326172 0.078125 0.277344
0 0.687500 0.285156 0.156250 0.148438
0 0.183594 0.423828 0.054688 0.207031
0 0.177734 0.478516 0.097656 0.152344
0 0.242188 0.560547 0.171875 0.175781
0 0.187500 0.529297 0.125000 0.160156
0 0.109375 0.501953 0.031250 0.089844
0 0.117188 0.330078 0.046875 0.050781
0 0.125000 0.279297 0.031250 0.035156
1 0.048828 0.439453 0.089844 0.503906
0 0.167969 0.232422 0.054688 0.058594
0 0.228516 0.294922 0.105469 0.058594
0 0.320312 0.240234 0.132812 0.207031
0 0.406250 0.164062 0.101562 0.164062
0 0.552734 0.144531 0.089844 0.117188
0 0.970703 0.214844 0.058594 0.148438
1 0.585938 0.839844 0.828125 0.289062
1 0.119141 0.849609 0.230469 0.300781
1 0.521484 0.041016 0.238281 0.074219
1 0.130859 0.097656 0.246094 0.187500
1 0.701172 0.691406 0.253906 0.109375
