0 0.423828 0.341797 0.113281 0.167969
0 0.509766 0.373047 0.121094 0.152344
0 0.566406 0.392578 0.187500 0.160156
0 0.656250 0.496094 0.171875 0.101562
0 0.500000 0.544922 0.093750 0.097656
0 0.636719 0.544922 0.164062 0.113281
0 0.531250 0.611328 0.093750 0.097656
0 0.357422 0.636719 0.121094 0.109375
0 0.421875 0.642578 0.062500 0.082031
0 0.462891 0.421875 0.113281 0.093750
0 0.406250 0.486328 0.093750 0.066406
0 0.361328 0.554688 0.058594 0.093750
0 0.470703 0.197266 0.089844 0.097656
0 0.554688 0.199219 0.085938 0.046875
0 0.462891 0.220703 0.089844 0.066406
0 0.265625 0.609375 0.109375 0.062500
0 0.220703 0.732422 0.097656 0.128906
1 0.796875 0.591797 0.109375 0.246094
1 0.669922 0.654297 0.183594 0.089844
0 0.306641 0.341797 0.121094 0.097656
1 0.283203 0.478516 0.152344 0.074219
0 0.699219 0.388672 0.070312 0.105469
