0 0.328125 0.609375 0.078125 0.125000
0 0.373047 0.628906 0.066406 0.078125
0 0.451172 0.593750 0.097656 0.093750
0 0.531250 0.544922 0.046875 0.035156
0 0.216797 0.685547 0.113281 0.207031
0 0.292969 0.830078 0.078125 0.324219
0 0.277344 0.611328 0.070312 0.113281
0 0.134766 0.687500 0.066406 0.171875
0 0.085938 0.705078 0.109375 0.160156
0 0.017578 0.742188 0.027344 0.195312
0 0.859375 0.705078 0.218750 0.097656
0 0.765625 0.316406 0.093750 0.046875
0 0.718750 0.447266 0.078125 0.058594
0 0.937500 0.626953 0.125000 0.152344
1 0.626953 0.781250 0.246094 0.437500
1 0.875000 0.876953 0.234375 0.238281
1 0.447266 0.837891 0.222656 0.324219
1 0.718750 0.566406 0.296875 0.164062
1 0.410156 0.478516 0.156250 0.136719
1 0.587891 0.447266 0.183594 0.144531
1 0.138672 0.865234 0.207031 0.136719
1 0.080078 0.919922 0.152344 0.152344
1 0.232422 0.498047 0.222656 0.089844
