1 0.177734 0.648438 0.339844 0.687500
1 0.218750 0.193359 0.421875 0.214844
1 0.666016 0.812500 0.636719 0.375000
0 0.816406 0.214844 0.132812 0.070312
1 0.628906 0.095703 0.398438 0.144531
1 0.361328 0.087891 0.152344 0.121094
0 0.683594 0.529297 0.085938 0.066406
0 0.576172 0.601562 0.042969 0.046875
0 0.802734 0.294922 0.058594 0.082031
0 0.609375 0.398438 0.070312 0.046875
0 0.914062 0.263672 0.078125 0.042969
0 0.634766 0.230469 0.058594 0.046875
0 0.394531 0.318359 0.070312 0.042969
1 0.867188 0.486328 0.250000 0.277344
1 0.451172 0.527344 0.199219 0.179688
1 0.501953 0.302734 0.136719 0.261719
1 0.406250 0.388672 0.117188 0.089844
1 0.664062 0.314453 0.179688 0.097656
1 0.914062 0.320312 0.156250 0.054688
1 0.701172 0.427734 0.097656 0.121094
1 0.597656 0.496094 0.085938 0.132812
1 0.673828 0.599609 0.128906 0.058594
