0 0.660156 0.585938 0.085938 0.039062
0 0.701172 0.611328 0.074219 0.042969
0 0.804688 0.556641 0.039062 0.042969
0 0.884766 0.582031 0.082031 0.046875
0 0.566406 0.562500 0.117188 0.046875
1 0.458984 0.662109 0.355469 0.105469
1 0.488281 0.785156 0.375000 0.156250
1 0.736328 0.742188 0.167969 0.171875
1 0.908203 0.695312 0.183594 0.125000
0 0.363281 0.904297 0.304688 0.042969
0 0.765625 0.642578 0.062500 0.035156
1 0.390625 0.568359 0.234375 0.097656
1 0.701172 0.537109 0.136719 0.066406
1 0.912109 0.517578 0.160156 0.058594
