0 0.498047 0.498047 0.214844 0.246094
0 0.634766 0.337891 0.074219 0.113281
0 0.687500 0.324219 0.140625 0.156250
0 0.375000 0.589844 0.109375 0.250000
0 0.468750 0.625000 0.156250 0.171875
0 0.480469 0.734375 0.125000 0.171875
0 0.355469 0.232422 0.039062 0.089844
0 0.210938 0.326172 0.039062 0.066406
0 0.343750 0.294922 0.062500 0.097656
0 0.513672 0.404297 0.136719 0.121094
0 0.625000 0.279297 0.078125 0.152344
0 0.609375 0.406250 0.093750 0.125000
0 0.375000 0.765625 0.093750 0.140625
0 0.449219 0.906250 0.085938 0.171875
1 0.884766 0.496094 0.230469 0.703125
1 0.710938 0.640625 0.109375 0.468750
1 0.187500 0.544922 0.187500 0.347656
1 0.609375 0.812500 0.093750 0.375000
0 0.330078 0.638672 0.082031 0.105469
