0 0.429688 0.390625 0.265625 0.140625
0 0.593750 0.402344 0.062500 0.140625
0 0.666016 0.423828 0.066406 0.097656
0 0.720703 0.431641 0.050781 0.066406
0 0.574219 0.609375 0.289062 0.125000
0 0.779297 0.609375 0.113281 0.171875
0 0.572266 0.703125 0.285156 0.054688
0 0.275391 0.392578 0.042969 0.097656
0 0.558594 0.515625 0.281250 0.164062
1 0.804688 0.433594 0.117188 0.062500
0 0.900391 0.656250 0.136719 0.101562
0 0.837891 0.566406 0.082031 0.117188
0 0.195312 0.365234 0.148438 0.050781
0 0.294922 0.472656 0.277344 0.062500
1 0.332031 0.642578 0.179688 0.269531
0 0.634766 0.363281 0.082031 0.039062
1 0.527344 0.755859 0.203125 0.050781
1 0.939453 0.556641 0.113281 0.097656
1 0.919922 0.439453 0.105469 0.058594
1 0.753906 0.494141 0.101562 0.058594
1 0.195312 0.695312 0.101562 0.195312
0 0.140625 0.462891 0.062500 0.035156
1 0.171875 0.416016 0.164062 0.042969
1 0.732422 0.339844 0.089844 0.046875
1 0.660156 0.332031 0.070312 0.031250
