0 0.564453 0.275391 0.308594 0.121094
0 0.318359 0.375000 0.191406 0.140625
0 0.494141 0.546875 0.152344 0.109375
0 0.468750 0.359375 0.156250 0.062500
0 0.353516 0.480469 0.089844 0.062500
0 0.531250 0.484375 0.093750 0.062500
0 0.359375 0.279297 0.140625 0.066406
0 0.378906 0.548828 0.085938 0.089844
0 0.826172 0.308594 0.042969 0.062500
0 0.623047 0.343750 0.128906 0.078125
1 0.501953 0.394531 0.261719 0.101562
1 0.111328 0.574219 0.207031 0.554688
1 0.322266 0.798828 0.199219 0.394531
1 0.238281 0.542969 0.140625 0.171875
1 0.171875 0.914062 0.335938 0.171875
1 0.472656 0.849609 0.171875 0.285156
1 0.568359 0.908203 0.160156 0.183594
