0 0.460938 0.531250 0.203125 0.257812
0 0.603516 0.615234 0.167969 0.128906
0 0.703125 0.410156 0.078125 0.210938
0 0.507812 0.408203 0.164062 0.160156
0 0.353516 0.603516 0.105469 0.082031
0 0.466797 0.685547 0.128906 0.105469
0 0.759766 0.292969 0.113281 0.078125
0 0.503906 0.130859 0.117188 0.097656
0 0.611328 0.164062 0.097656 0.054688
0 0.789062 0.093750 0.085938 0.062500
0 0.656250 0.521484 0.140625 0.136719
0 0.630859 0.337891 0.113281 0.097656
0 0.515625 0.343750 0.101562 0.062500
0 0.421875 0.419922 0.085938 0.113281
1 0.181641 0.515625 0.222656 0.210938
1 0.308594 0.447266 0.093750 0.230469
0 0.257812 0.648438 0.070312 0.062500
1 0.339844 0.847656 0.460938 0.210938
0 0.750000 0.357422 0.062500 0.121094
0 0.830078 0.277344 0.042969 0.085938
0 0.837891 0.197266 0.058594 0.074219
1 0.832031 0.556641 0.148438 0.277344
1 0.880859 0.404297 0.183594 0.144531
1 0.937500 0.277344 0.125000 0.210938
1 0.748047 0.705078 0.113281 0.214844
1 0.662109 0.791016 0.160156 0.199219
1 0.099609 0.480469 0.183594 0.460938
1 0.226562 0.765625 0.281250 0.148438
1 0.302734 0.222656 0.238281 0.265625
1 0.564453 0.240234 0.269531 0.105469
1 0.738281 0.189453 0.132812 0.136719
0 0.943359 0.042969 0.074219 0.078125
1 0.224609 0.144531 0.433594 0.281250
