0 0.376953 0.484375 0.136719 0.140625
0 0.484375 0.480469 0.078125 0.132812
0 0.513672 0.462891 0.089844 0.144531
0 0.279297 0.484375 0.058594 0.125000
0 0.220703 0.482422 0.050781 0.089844
0 0.171875 0.486328 0.046875 0.058594
0 0.175781 0.478516 0.085938 0.042969
0 0.414062 0.533203 0.156250 0.089844
0 0.980469 0.369141 0.039062 0.066406
1 0.695312 0.396484 0.156250 0.183594
1 0.857422 0.457031 0.175781 0.195312
1 0.554688 0.333984 0.156250 0.113281
1 0.687500 0.593750 0.226562 0.203125
1 0.400391 0.355469 0.152344 0.101562
1 0.064453 0.519531 0.121094 0.156250
1 0.224609 0.599609 0.183594 0.105469
1 0.464844 0.652344 0.289062 0.140625
1 0.638672 0.458984 0.113281 0.144531
1 0.242188 0.378906 0.179688 0.070312
1 0.123047 0.404297 0.128906 0.097656
1 0.609375 0.613281 0.164062 0.156250
