0 0.773438 0.564453 0.453125 0.339844
0 0.439453 0.613281 0.246094 0.226562
0 0.570312 0.746094 0.351562 0.179688
0 0.804688 0.332031 0.390625 0.226562
0 0.527344 0.482422 0.265625 0.105469
0 0.601562 0.417969 0.148438 0.132812
1 0.853516 0.109375 0.292969 0.210938
1 0.677734 0.134766 0.074219 0.144531
1 0.302734 0.164062 0.597656 0.320312
1 0.156250 0.664062 0.304688 0.671875
1 0.417969 0.376953 0.218750 0.105469
1 0.476562 0.947266 0.328125 0.105469
1 0.878906 0.861328 0.226562 0.082031
0 0.794922 0.765625 0.160156 0.101562
0 0.587891 0.837891 0.277344 0.089844
1 0.347656 0.808594 0.062500 0.164062
1 0.712891 0.937500 0.128906 0.093750
