0 0.460938 0.484375 0.320312 0.171875
0 0.484375 0.388672 0.265625 0.035156
0 0.599609 0.488281 0.097656 0.179688
0 0.332031 0.488281 0.156250 0.125000
0 0.550781 0.566406 0.164062 0.093750
0 0.689453 0.539062 0.089844 0.085938
0 0.529297 0.355469 0.199219 0.054688
0 0.339844 0.394531 0.070312 0.054688
0 0.279297 0.089844 0.253906 0.062500
1 0.369141 0.238281 0.394531 0.164062
0 0.199219 0.371094 0.070312 0.054688
1 0.634766 0.810547 0.699219 0.378906
1 0.669922 0.230469 0.199219 0.179688
1 0.886719 0.404297 0.226562 0.496094
1 0.724609 0.390625 0.144531 0.203125
1 0.800781 0.582031 0.109375 0.210938
1 0.132812 0.701172 0.242188 0.574219
1 0.085938 0.222656 0.164062 0.218750
1 0.082031 0.392578 0.156250 0.207031
1 0.482422 0.095703 0.160156 0.058594
