0 0.640625 0.556641 0.031250 0.058594
0 0.683594 0.537109 0.039062 0.050781
0 0.726562 0.525391 0.046875 0.035156
0 0.595703 0.585938 0.042969 0.031250
0 0.546875 0.605469 0.046875 0.046875
0 0.496094 0.626953 0.046875 0.042969
0 0.464844 0.646484 0.062500 0.058594
0 0.392578 0.679688 0.066406 0.046875
0 0.306641 0.707031 0.089844 0.054688
0 0.857422 0.439453 0.066406 0.058594
1 0.779297 0.570312 0.042969 0.132812
1 0.707031 0.619141 0.070312 0.113281
1 0.630859 0.667969 0.058594 0.125000
1 0.548828 0.716797 0.089844 0.097656
1 0.572266 0.677734 0.089844 0.082031
1 0.839844 0.535156 0.078125 0.117188
1 0.478516 0.748047 0.113281 0.105469
1 0.322266 0.820312 0.261719 0.164062
1 0.765625 0.447266 0.093750 0.089844
1 0.683594 0.460938 0.085938 0.078125
1 0.572266 0.519531 0.113281 0.101562
1 0.470703 0.548828 0.082031 0.105469
1 0.388672 0.603516 0.082031 0.105469
1 0.292969 0.628906 0.117188 0.085938
1 0.187500 0.716797 0.148438 0.105469
