0 0.580078 0.544922 0.082031 0.066406
0 0.673828 0.509766 0.089844 0.105469
0 0.589844 0.494141 0.078125 0.042969
0 0.337891 0.562500 0.097656 0.046875
0 0.435547 0.511719 0.066406 0.031250
0 0.371094 0.539062 0.054688 0.078125
1 0.125000 0.501953 0.234375 0.433594
1 0.337891 0.373047 0.207031 0.230469
0 0.546875 0.144531 0.148438 0.117188
1 0.541016 0.349609 0.199219 0.222656
0 0.300781 0.570312 0.062500 0.046875
1 0.470703 0.669922 0.121094 0.261719
1 0.357422 0.802734 0.214844 0.394531
1 0.818359 0.712891 0.175781 0.519531
1 0.166016 0.853516 0.324219 0.292969
0 0.080078 0.189453 0.152344 0.105469
0 0.292969 0.152344 0.125000 0.085938
0 0.638672 0.136719 0.082031 0.117188
1 0.935547 0.777344 0.113281 0.445312
