0 0.306641 0.689453 0.191406 0.058594
0 0.931641 0.748047 0.136719 0.097656
0 0.828125 0.710938 0.046875 0.062500
0 0.156250 0.500000 0.093750 0.015625
0 0.314453 0.634766 0.183594 0.058594
0 0.304688 0.751953 0.195312 0.058594
0 0.203125 0.712891 0.078125 0.082031
0 0.064453 0.511719 0.066406 0.039062
0 0.292969 0.576172 0.234375 0.050781
0 0.552734 0.558594 0.113281 0.054688
0 0.113281 0.582031 0.132812 0.085938
0 0.333984 0.527344 0.105469 0.054688
0 0.443359 0.509766 0.105469 0.089844
1 0.773438 0.591797 0.304688 0.105469
1 0.787109 0.498047 0.339844 0.089844
