0 0.449219 0.542969 0.320312 0.289062
0 0.660156 0.578125 0.109375 0.281250
0 0.763672 0.587891 0.089844 0.222656
0 0.828125 0.591797 0.046875 0.121094
0 0.652344 0.462891 0.117188 0.105469
0 0.761719 0.515625 0.085938 0.140625
0 0.441406 0.435547 0.203125 0.121094
0 0.859375 0.609375 0.078125 0.070312
1 0.949219 0.675781 0.101562 0.257812
1 0.873047 0.728516 0.105469 0.128906
1 0.773438 0.736328 0.101562 0.058594
1 0.652344 0.751953 0.210938 0.066406
1 0.927734 0.470703 0.144531 0.199219
1 0.458984 0.728516 0.183594 0.074219
0 0.816406 0.511719 0.054688 0.085938
1 0.484375 0.269531 0.375000 0.195312
1 0.830078 0.300781 0.316406 0.218750
1 0.806641 0.404297 0.160156 0.074219
