0 0.048828 0.654297 0.089844 0.175781
0 0.166016 0.605469 0.121094 0.156250
0 0.214844 0.498047 0.156250 0.058594
0 0.142578 0.677734 0.121094 0.074219
0 0.041016 0.703125 0.074219 0.140625
0 0.392578 0.496094 0.285156 0.117188
0 0.275391 0.593750 0.082031 0.109375
0 0.328125 0.578125 0.117188 0.070312
0 0.566406 0.408203 0.257812 0.074219
0 0.439453 0.466797 0.277344 0.097656
0 0.607422 0.441406 0.074219 0.093750
0 0.656250 0.376953 0.281250 0.058594
0 0.718750 0.390625 0.078125 0.078125
0 0.744141 0.343750 0.292969 0.031250
0 0.859375 0.294922 0.281250 0.066406
0 0.705078 0.310547 0.128906 0.066406
0 0.828125 0.357422 0.078125 0.066406
0 0.097656 0.578125 0.101562 0.093750
1 0.466797 0.828125 0.449219 0.296875
1 0.839844 0.736328 0.281250 0.519531
1 0.585938 0.640625 0.335938 0.140625
1 0.765625 0.585938 0.343750 0.156250
1 0.199219 0.861328 0.187500 0.261719
1 0.078125 0.888672 0.148438 0.222656
0 0.919922 0.298828 0.066406 0.113281
