0 0.449219 0.250000 0.148438 0.328125
0 0.554688 0.312500 0.070312 0.218750
0 0.314453 0.339844 0.128906 0.289062
0 0.421875 0.447266 0.078125 0.074219
0 0.236328 0.482422 0.089844 0.230469
0 0.330078 0.115234 0.074219 0.136719
0 0.503906 0.158203 0.085938 0.089844
0 0.517578 0.544922 0.082031 0.246094
0 0.330078 0.429688 0.121094 0.156250
0 0.572266 0.232422 0.105469 0.097656
0 0.501953 0.453125 0.089844 0.078125
1 0.376953 0.625000 0.191406 0.218750
1 0.183594 0.746094 0.171875 0.273438
1 0.734375 0.406250 0.187500 0.406250
1 0.796875 0.804688 0.234375 0.359375
1 0.748047 0.126953 0.183594 0.246094
1 0.138672 0.220703 0.222656 0.277344
1 0.345703 0.857422 0.253906 0.285156
1 0.166016 0.921875 0.324219 0.156250
1 0.066406 0.734375 0.101562 0.234375
1 0.660156 0.542969 0.195312 0.226562
