0 0.482422 0.683594 0.136719 0.093750
0 0.574219 0.669922 0.046875 0.066406
0 0.486328 0.742188 0.089844 0.078125
1 0.941406 0.357422 0.117188 0.136719
1 0.789062 0.621094 0.125000 0.273438
1 0.310547 0.833984 0.207031 0.238281
1 0.248047 0.910156 0.277344 0.164062
1 0.693359 0.783203 0.175781 0.199219
1 0.591797 0.892578 0.175781 0.207031
1 0.623047 0.789062 0.128906 0.156250
1 0.750000 0.667969 0.148438 0.179688
1 0.408203 0.115234 0.199219 0.214844
1 0.501953 0.914062 0.183594 0.171875
1 0.886719 0.496094 0.164062 0.203125
1 0.906250 0.423828 0.140625 0.160156
1 0.835938 0.509766 0.132812 0.136719
