0 0.519531 0.056641 0.132812 0.105469
0 0.357422 0.761719 0.066406 0.085938
0 0.476562 0.076172 0.093750 0.074219
0 0.404297 0.388672 0.089844 0.097656
0 0.382812 0.775391 0.070312 0.113281
0 0.718750 0.527344 0.101562 0.218750
1 0.521484 0.228516 0.308594 0.207031
0 0.800781 0.181641 0.085938 0.167969
0 0.828125 0.367188 0.062500 0.093750
0 0.619141 0.359375 0.121094 0.046875
0 0.222656 0.744141 0.078125 0.082031
1 0.166016 0.353516 0.324219 0.683594
1 0.492188 0.576172 0.328125 0.261719
1 0.890625 0.699219 0.218750 0.554688
1 0.726562 0.824219 0.312500 0.351562
1 0.541016 0.839844 0.238281 0.320312
1 0.929688 0.208984 0.140625 0.410156
1 0.722656 0.048828 0.273438 0.089844
1 0.736328 0.337891 0.113281 0.152344
1 0.677734 0.183594 0.152344 0.171875
1 0.359375 0.097656 0.117188 0.187500
