0 0.792969 0.527344 0.179688 0.117188
0 0.437500 0.468750 0.140625 0.156250
0 0.597656 0.478516 0.195312 0.089844
0 0.312500 0.369141 0.078125 0.050781
0 0.812500 0.640625 0.109375 0.109375
0 0.837891 0.734375 0.082031 0.093750
0 0.402344 0.402344 0.085938 0.078125
0 0.478516 0.572266 0.105469 0.082031
0 0.351562 0.539062 0.062500 0.078125
0 0.345703 0.398438 0.066406 0.085938
0 0.656250 0.281250 0.093750 0.203125
0 0.890625 0.812500 0.062500 0.062500
1 0.826172 0.197266 0.121094 0.191406
1 0.546875 0.181641 0.093750 0.089844
0 0.125000 0.371094 0.109375 0.062500
0 0.154297 0.291016 0.066406 0.097656
0 0.787109 0.380859 0.183594 0.167969
0 0.539062 0.443359 0.125000 0.066406
0 0.406250 0.251953 0.093750 0.066406
0 0.695312 0.523438 0.117188 0.070312
