0 0.623047 0.560547 0.214844 0.121094
0 0.625000 0.673828 0.125000 0.097656
0 0.486328 0.562500 0.058594 0.093750
0 0.523438 0.673828 0.109375 0.121094
0 0.562500 0.742188 0.117188 0.070312
1 0.738281 0.701172 0.093750 0.136719
1 0.386719 0.591797 0.132812 0.183594
1 0.507812 0.443359 0.203125 0.105469
1 0.777344 0.558594 0.078125 0.164062
1 0.693359 0.441406 0.160156 0.109375
1 0.332031 0.433594 0.195312 0.179688
1 0.404297 0.738281 0.113281 0.140625
1 0.746094 0.287109 0.320312 0.238281
1 0.460938 0.275391 0.296875 0.238281
1 0.253906 0.626953 0.195312 0.246094
1 0.900391 0.574219 0.183594 0.164062
1 0.148438 0.707031 0.273438 0.320312
1 0.185547 0.361328 0.332031 0.222656
