0 0.576172 0.404297 0.253906 0.230469
0 0.406250 0.468750 0.078125 0.218750
0 0.710938 0.404297 0.093750 0.214844
0 0.472656 0.214844 0.085938 0.070312
0 0.587891 0.269531 0.136719 0.031250
0 0.486328 0.267578 0.058594 0.035156
0 0.378906 0.462891 0.109375 0.113281
0 0.531250 0.527344 0.156250 0.078125
0 0.376953 0.570312 0.105469 0.109375
0 0.681641 0.513672 0.152344 0.097656
0 0.763672 0.427734 0.082031 0.136719
0 0.462891 0.343750 0.097656 0.062500
1 0.623047 0.644531 0.339844 0.140625
1 0.900391 0.619141 0.183594 0.457031
1 0.353516 0.685547 0.191406 0.105469
1 0.791016 0.804688 0.121094 0.078125
0 0.554688 0.236328 0.085938 0.066406
0 0.353516 0.472656 0.113281 0.054688
1 0.183594 0.742188 0.140625 0.062500
1 0.199219 0.931641 0.070312 0.097656
1 0.675781 0.845703 0.109375 0.035156
1 0.505859 0.072266 0.214844 0.136719
1 0.609375 0.175781 0.179688 0.054688
1 0.900391 0.919922 0.175781 0.160156
