0 0.513672 0.451172 0.167969 0.222656
0 0.642578 0.433594 0.097656 0.296875
0 0.734375 0.421875 0.078125 0.093750
0 0.560547 0.626953 0.121094 0.121094
0 0.658203 0.630859 0.066406 0.089844
0 0.386719 0.441406 0.085938 0.109375
0 0.539062 0.345703 0.117188 0.113281
0 0.714844 0.248047 0.140625 0.066406
0 0.302734 0.464844 0.097656 0.070312
0 0.251953 0.496094 0.097656 0.054688
0 0.708984 0.564453 0.066406 0.214844
0 0.099609 0.591797 0.183594 0.066406
0 0.431641 0.505859 0.128906 0.066406
0 0.632812 0.300781 0.085938 0.085938
0 0.716797 0.367188 0.066406 0.078125
0 0.597656 0.710938 0.070312 0.070312
0 0.181641 0.542969 0.058594 0.062500
0 0.736328 0.291016 0.074219 0.058594
1 0.890625 0.441406 0.203125 0.578125
1 0.871094 0.742188 0.242188 0.515625
1 0.228516 0.816406 0.441406 0.359375
1 0.720703 0.880859 0.535156 0.238281
1 0.773438 0.794922 0.250000 0.214844
1 0.312500 0.671875 0.179688 0.265625
1 0.101562 0.308594 0.187500 0.406250
1 0.835938 0.083984 0.328125 0.144531
0 0.433594 0.396484 0.109375 0.097656
1 0.421875 0.164062 0.453125 0.171875
1 0.271484 0.292969 0.199219 0.171875
1 0.408203 0.248047 0.136719 0.167969
1 0.701172 0.119141 0.230469 0.175781
1 0.171875 0.390625 0.156250 0.148438
