0 0.373047 0.337891 0.222656 0.066406
0 0.398438 0.421875 0.218750 0.093750
0 0.296875 0.417969 0.140625 0.132812
0 0.369141 0.523438 0.238281 0.078125
0 0.529297 0.531250 0.089844 0.109375
0 0.546875 0.498047 0.078125 0.097656
0 0.375000 0.279297 0.078125 0.050781
0 0.464844 0.261719 0.046875 0.078125
0 0.326172 0.343750 0.089844 0.125000
0 0.421875 0.281250 0.031250 0.031250
0 0.419922 0.666016 0.128906 0.207031
0 0.554688 0.640625 0.125000 0.125000
0 0.640625 0.671875 0.046875 0.125000
0 0.609375 0.621094 0.062500 0.164062
0 0.556641 0.779297 0.128906 0.152344
0 0.433594 0.806641 0.109375 0.074219
0 0.607422 0.835938 0.089844 0.203125
0 0.718750 0.732422 0.031250 0.121094
0 0.703125 0.835938 0.062500 0.187500
0 0.734375 0.728516 0.062500 0.082031
0 0.322266 0.654297 0.160156 0.191406
0 0.339844 0.734375 0.039062 0.140625
0 0.296875 0.750000 0.078125 0.140625
0 0.312500 0.841797 0.046875 0.050781
0 0.408203 0.804688 0.097656 0.140625
0 0.431641 0.281250 0.089844 0.125000
1 0.111328 0.300781 0.214844 0.593750
1 0.121094 0.796875 0.234375 0.406250
1 0.357422 0.937500 0.238281 0.125000
0 0.343750 0.199219 0.078125 0.148438
1 0.226562 0.175781 0.140625 0.187500
