0 0.626953 0.400391 0.074219 0.050781
0 0.667969 0.529297 0.046875 0.066406
0 0.720703 0.515625 0.050781 0.070312
0 0.765625 0.498047 0.031250 0.066406
0 0.804688 0.476562 0.031250 0.031250
0 0.855469 0.480469 0.054688 0.031250
0 0.869141 0.474609 0.074219 0.042969
0 0.609375 0.527344 0.046875 0.031250
0 0.548828 0.531250 0.066406 0.031250
0 0.519531 0.542969 0.070312 0.039062
0 0.451172 0.855469 0.097656 0.265625
0 0.531250 0.734375 0.062500 0.062500
0 0.603516 0.705078 0.066406 0.113281
0 0.671875 0.699219 0.078125 0.109375
0 0.734375 0.689453 0.062500 0.152344
0 0.753906 0.642578 0.093750 0.058594
0 0.802734 0.710938 0.089844 0.093750
0 0.701172 0.738281 0.121094 0.101562
0 0.599609 0.748047 0.066406 0.089844
0 0.947266 0.878906 0.105469 0.093750
0 0.513672 0.691406 0.121094 0.070312
0 0.355469 0.878906 0.093750 0.226562
0 0.251953 0.892578 0.097656 0.214844
0 0.105469 0.904297 0.203125 0.183594
0 0.498047 0.779297 0.144531 0.152344
0 0.500000 0.898438 0.125000 0.203125
1 0.242188 0.623047 0.304688 0.277344
1 0.925781 0.701172 0.148438 0.253906
1 0.769531 0.896484 0.250000 0.207031
1 0.638672 0.898438 0.121094 0.203125
1 0.488281 0.611328 0.164062 0.082031
1 0.640625 0.603516 0.148438 0.082031
1 0.785156 0.582031 0.140625 0.046875
1 0.896484 0.558594 0.199219 0.101562
1 0.103516 0.751953 0.199219 0.113281
