0 0.464844 0.712891 0.125000 0.246094
0 0.601562 0.679688 0.187500 0.179688
0 0.353516 0.476562 0.105469 0.062500
0 0.464844 0.470703 0.109375 0.027344
0 0.431641 0.511719 0.042969 0.046875
0 0.425781 0.421875 0.109375 0.031250
0 0.435547 0.697266 0.136719 0.144531
0 0.507812 0.974609 0.203125 0.050781
0 0.740234 0.726562 0.121094 0.093750
0 0.484375 0.562500 0.125000 0.070312
1 0.888672 0.744141 0.160156 0.230469
1 0.529297 0.890625 0.246094 0.101562
1 0.294922 0.650391 0.113281 0.144531
1 0.763672 0.628906 0.136719 0.093750
1 0.621094 0.550781 0.140625 0.078125
1 0.728516 0.859375 0.136719 0.171875
0 0.476562 0.509766 0.046875 0.035156
0 0.664062 0.273438 0.179688 0.039062
1 0.570312 0.412109 0.164062 0.066406
