0 0.462891 0.357422 0.207031 0.128906
0 0.638672 0.455078 0.152344 0.261719
0 0.472656 0.460938 0.179688 0.132812
0 0.441406 0.273438 0.148438 0.101562
0 0.568359 0.572266 0.214844 0.113281
0 0.775391 0.781250 0.269531 0.218750
0 0.746094 0.464844 0.070312 0.218750
0 0.755859 0.335938 0.058594 0.101562
0 0.708984 0.585938 0.113281 0.070312
1 0.318359 0.843750 0.449219 0.234375
1 0.476562 0.724609 0.312500 0.175781
1 0.275391 0.546875 0.199219 0.257812
1 0.283203 0.343750 0.144531 0.179688
1 0.662109 0.208984 0.160156 0.207031
1 0.507812 0.164062 0.257812 0.117188
1 0.583984 0.244141 0.121094 0.089844
1 0.748047 0.207031 0.105469 0.148438
0 0.718750 0.652344 0.156250 0.117188
