0 0.093750 0.064453 0.179688 0.121094
0 0.160156 0.138672 0.148438 0.128906
0 0.232422 0.275391 0.089844 0.199219
0 0.296875 0.341797 0.093750 0.199219
0 0.531250 0.437500 0.093750 0.093750
0 0.607422 0.531250 0.246094 0.078125
0 0.623047 0.447266 0.191406 0.097656
1 0.871094 0.542969 0.257812 0.515625
1 0.416016 0.798828 0.824219 0.378906
1 0.853516 0.839844 0.292969 0.312500
1 0.419922 0.449219 0.136719 0.289062
1 0.125000 0.544922 0.242188 0.324219
1 0.296875 0.566406 0.125000 0.242188
1 0.095703 0.322266 0.160156 0.238281
1 0.468750 0.167969 0.203125 0.257812
1 0.623047 0.285156 0.253906 0.195312
1 0.322266 0.091797 0.160156 0.160156
