0 0.708984 0.570312 0.316406 0.140625
0 0.468750 0.619141 0.164062 0.113281
0 0.734375 0.443359 0.164062 0.050781
0 0.888672 0.568359 0.128906 0.113281
0 0.609375 0.498047 0.109375 0.097656
0 0.419922 0.857422 0.105469 0.113281
0 0.328125 0.582031 0.101562 0.085938
0 0.402344 0.921875 0.085938 0.070312
0 0.251953 0.580078 0.105469 0.050781
0 0.257812 0.472656 0.132812 0.039062
0 0.271484 0.380859 0.160156 0.082031
0 0.480469 0.345703 0.132812 0.058594
0 0.378906 0.390625 0.070312 0.062500
1 0.484375 0.474609 0.117188 0.167969
0 0.939453 0.673828 0.113281 0.089844
0 0.910156 0.958984 0.148438 0.082031
0 0.130859 0.382812 0.121094 0.070312
0 0.056641 0.738281 0.074219 0.085938
0 0.197266 0.833984 0.082031 0.035156
0 0.250000 0.921875 0.101562 0.070312
0 0.333984 0.156250 0.167969 0.062500
0 0.521484 0.224609 0.183594 0.074219
0 0.398438 0.216797 0.101562 0.050781
0 0.181641 0.605469 0.113281 0.046875
0 0.082031 0.626953 0.109375 0.042969
0 0.568359 0.832031 0.167969 0.046875
1 0.753906 0.792969 0.179688 0.289062
1 0.929688 0.826172 0.140625 0.191406
1 0.630859 0.722656 0.152344 0.164062
1 0.478516 0.744141 0.167969 0.113281
1 0.269531 0.720703 0.242188 0.160156
1 0.572266 0.910156 0.175781 0.093750
1 0.750000 0.900391 0.164062 0.175781
1 0.078125 0.896484 0.148438 0.207031
0 0.189453 0.033203 0.097656 0.058594
0 0.351562 0.039062 0.093750 0.070312
1 0.125000 0.205078 0.242188 0.261719
1 0.296875 0.255859 0.093750 0.128906
1 0.384766 0.298828 0.066406 0.097656
0 0.298828 0.355469 0.074219 0.054688
0 0.679688 0.324219 0.101562 0.078125
1 0.587891 0.375000 0.074219 0.140625
