0 0.335938 0.464844 0.187500 0.179688
0 0.482422 0.509766 0.097656 0.238281
0 0.587891 0.507812 0.105469 0.156250
0 0.679688 0.406250 0.078125 0.078125
0 0.628906 0.343750 0.203125 0.078125
0 0.898438 0.656250 0.203125 0.335938
0 0.902344 0.873047 0.187500 0.097656
0 0.736328 0.656250 0.128906 0.093750
0 0.781250 0.414062 0.125000 0.140625
0 0.619141 0.652344 0.097656 0.046875
0 0.726562 0.582031 0.140625 0.070312
0 0.484375 0.369141 0.093750 0.042969
0 0.199219 0.496094 0.078125 0.101562
0 0.335938 0.359375 0.156250 0.039062
0 0.753906 0.763672 0.156250 0.113281
1 0.332031 0.941406 0.460938 0.117188
1 0.197266 0.371094 0.089844 0.148438
1 0.083984 0.525391 0.152344 0.128906
1 0.382812 0.656250 0.093750 0.062500
0 0.419922 0.576172 0.113281 0.097656
1 0.660156 0.259766 0.234375 0.066406
