0 0.410156 0.437500 0.390625 0.296875
0 0.472656 0.576172 0.328125 0.160156
0 0.501953 0.689453 0.285156 0.152344
0 0.585938 0.777344 0.234375 0.187500
0 0.888672 0.511719 0.214844 0.140625
0 0.878906 0.566406 0.226562 0.164062
0 0.951172 0.451172 0.097656 0.058594
0 0.462891 0.314453 0.269531 0.167969
0 0.777344 0.140625 0.140625 0.132812
0 0.628906 0.062500 0.171875 0.109375
0 0.482422 0.210938 0.152344 0.203125
0 0.666016 0.328125 0.121094 0.156250
1 0.853516 0.835938 0.292969 0.304688
1 0.472656 0.937500 0.468750 0.125000
1 0.337891 0.814453 0.246094 0.097656
1 0.203125 0.148438 0.265625 0.289062
1 0.869141 0.310547 0.261719 0.191406
1 0.705078 0.515625 0.097656 0.195312
