0 0.417969 0.574219 0.265625 0.109375
0 0.580078 0.634766 0.066406 0.121094
0 0.615234 0.619141 0.097656 0.082031
0 0.470703 0.636719 0.167969 0.125000
0 0.416016 0.500000 0.144531 0.039062
0 0.546875 0.457031 0.203125 0.046875
0 0.437500 0.509766 0.078125 0.113281
0 0.720703 0.251953 0.152344 0.058594
0 0.808594 0.248047 0.117188 0.066406
0 0.679688 0.796875 0.156250 0.078125
0 0.818359 0.835938 0.175781 0.125000
0 0.955078 0.859375 0.082031 0.234375
0 0.861328 0.953125 0.097656 0.093750
0 0.751953 0.935547 0.128906 0.113281
0 0.648438 0.890625 0.125000 0.109375
0 0.636719 0.810547 0.125000 0.058594
0 0.906250 0.810547 0.109375 0.097656
1 0.146484 0.513672 0.253906 0.597656
1 0.408203 0.222656 0.324219 0.414062
1 0.597656 0.294922 0.101562 0.230469
1 0.824219 0.363281 0.351562 0.132812
1 0.853516 0.574219 0.292969 0.312500
1 0.677734 0.533203 0.214844 0.066406
1 0.710938 0.697266 0.171875 0.066406
1 0.419922 0.847656 0.300781 0.289062
1 0.285156 0.705078 0.125000 0.121094
1 0.777344 0.099609 0.414062 0.191406
1 0.941406 0.263672 0.117188 0.199219
