0 0.496094 0.468750 0.171875 0.117188
0 0.367188 0.486328 0.132812 0.066406
0 0.625000 0.468750 0.085938 0.062500
1 0.841797 0.601562 0.316406 0.453125
1 0.572266 0.667969 0.285156 0.265625
1 0.224609 0.630859 0.441406 0.199219
1 0.181641 0.460938 0.230469 0.187500
1 0.355469 0.394531 0.109375 0.109375
1 0.544922 0.371094 0.269531 0.070312
1 0.654297 0.396484 0.144531 0.066406
1 0.078125 0.470703 0.148438 0.152344
1 0.646484 0.050781 0.667969 0.093750
1 0.169922 0.044922 0.332031 0.082031
1 0.771484 0.939453 0.167969 0.105469
1 0.896484 0.964844 0.113281 0.070312
1 0.654297 0.957031 0.144531 0.070312
1 0.259766 0.912109 0.230469 0.082031
