0 0.312500 0.699219 0.234375 0.125000
0 0.484375 0.650391 0.125000 0.058594
0 0.888672 0.669922 0.113281 0.089844
0 0.816406 0.478516 0.179688 0.058594
0 0.710938 0.515625 0.078125 0.046875
0 0.312500 0.636719 0.203125 0.078125
0 0.158203 0.701172 0.136719 0.097656
0 0.611328 0.636719 0.121094 0.078125
0 0.828125 0.689453 0.062500 0.066406
0 0.947266 0.673828 0.058594 0.097656
0 0.654297 0.593750 0.066406 0.078125
0 0.482422 0.605469 0.074219 0.046875
0 0.509766 0.701172 0.097656 0.066406
1 0.855469 0.861328 0.242188 0.261719
1 0.673828 0.806641 0.230469 0.261719
1 0.513672 0.878906 0.425781 0.234375
0 0.744141 0.322266 0.105469 0.042969
1 0.498047 0.462891 0.222656 0.230469
0 0.064453 0.720703 0.121094 0.058594
1 0.189453 0.876953 0.371094 0.230469
1 0.099609 0.576172 0.191406 0.152344
1 0.046875 0.638672 0.085938 0.074219
1 0.316406 0.501953 0.250000 0.183594
1 0.669922 0.417969 0.097656 0.132812
1 0.828125 0.400391 0.218750 0.097656
1 0.636719 0.222656 0.304688 0.125000
1 0.859375 0.232422 0.156250 0.128906
1 0.884766 0.343750 0.160156 0.140625
1 0.541016 0.273438 0.285156 0.140625
