0 0.494141 0.531250 0.136719 0.203125
0 0.562500 0.416016 0.109375 0.058594
0 0.390625 0.554688 0.078125 0.179688
0 0.312500 0.589844 0.093750 0.125000
0 0.574219 0.523438 0.101562 0.156250
0 0.716797 0.328125 0.183594 0.031250
0 0.810547 0.367188 0.058594 0.109375
0 0.812500 0.328125 0.109375 0.046875
0 0.666016 0.312500 0.097656 0.093750
0 0.216797 0.619141 0.121094 0.082031
0 0.931641 0.314453 0.113281 0.050781
0 0.765625 0.281250 0.093750 0.031250
0 0.701172 0.406250 0.152344 0.093750
1 0.746094 0.529297 0.226562 0.128906
0 0.150391 0.656250 0.082031 0.062500
1 0.919922 0.406250 0.152344 0.109375
1 0.058594 0.736328 0.109375 0.136719
