0 0.515625 0.152344 0.171875 0.046875
0 0.578125 0.187500 0.156250 0.078125
0 0.703125 0.500000 0.187500 0.093750
0 0.357422 0.609375 0.253906 0.078125
0 0.486328 0.523438 0.230469 0.062500
0 0.179688 0.593750 0.101562 0.062500
1 0.261719 0.480469 0.210938 0.148438
1 0.654297 0.625000 0.316406 0.093750
1 0.734375 0.718750 0.296875 0.109375
1 0.451172 0.033203 0.113281 0.058594
0 0.488281 0.357422 0.085938 0.066406
0 0.246094 0.355469 0.125000 0.085938
1 0.375000 0.355469 0.125000 0.093750
1 0.658203 0.355469 0.246094 0.101562
