0 0.689453 0.623047 0.105469 0.144531
0 0.753906 0.636719 0.093750 0.156250
0 0.824219 0.617188 0.070312 0.101562
0 0.500000 0.669922 0.125000 0.066406
0 0.603516 0.654297 0.089844 0.121094
0 0.490234 0.759766 0.082031 0.097656
0 0.570312 0.775391 0.070312 0.074219
0 0.644531 0.761719 0.101562 0.054688
0 0.218750 0.921875 0.093750 0.031250
0 0.132812 0.974609 0.234375 0.050781
0 0.291016 0.826172 0.082031 0.042969
1 0.453125 0.861328 0.203125 0.089844
0 0.509766 0.492188 0.105469 0.054688
1 0.736328 0.486328 0.292969 0.089844
1 0.236328 0.703125 0.199219 0.187500
1 0.087891 0.884766 0.167969 0.144531
1 0.259766 0.876953 0.175781 0.050781
1 0.597656 0.857422 0.117188 0.082031
1 0.757812 0.753906 0.109375 0.078125
1 0.828125 0.726562 0.062500 0.109375
1 0.400391 0.947266 0.246094 0.066406
