0 0.199219 0.166016 0.195312 0.167969
0 0.341797 0.251953 0.074219 0.277344
0 0.232422 0.343750 0.152344 0.187500
0 0.406250 0.250000 0.046875 0.187500
0 0.437500 0.275391 0.109375 0.144531
0 0.525391 0.480469 0.292969 0.250000
0 0.513672 0.294922 0.035156 0.105469
0 0.558594 0.306641 0.093750 0.082031
0 0.296875 0.447266 0.140625 0.191406
0 0.636719 0.673828 0.351562 0.144531
0 0.703125 0.492188 0.046875 0.195312
0 0.654297 0.513672 0.191406 0.191406
0 0.673828 0.744141 0.363281 0.183594
0 0.718750 0.908203 0.296875 0.183594
0 0.179688 0.392578 0.140625 0.089844
0 0.111328 0.156250 0.089844 0.171875
0 0.929688 0.919922 0.109375 0.160156
1 0.931641 0.666016 0.136719 0.339844
0 0.746094 0.597656 0.070312 0.226562
1 0.853516 0.527344 0.089844 0.179688
1 0.185547 0.791016 0.363281 0.402344
1 0.402344 0.816406 0.070312 0.351562
1 0.464844 0.890625 0.054688 0.218750
1 0.111328 0.517578 0.214844 0.128906
1 0.056641 0.357422 0.105469 0.214844
1 0.781250 0.431641 0.062500 0.082031
1 0.142578 0.031250 0.277344 0.054688
