0 0.501953 0.531250 0.988281 0.265625
0 0.476562 0.750000 0.359375 0.187500
0 0.753906 0.748047 0.226562 0.191406
0 0.660156 0.330078 0.390625 0.113281
0 0.337891 0.384766 0.339844 0.105469
0 0.921875 0.355469 0.140625 0.218750
0 0.761719 0.294922 0.195312 0.105469
0 0.449219 0.341797 0.117188 0.113281
0 0.779297 0.269531 0.074219 0.125000
0 0.130859 0.404297 0.160156 0.097656
0 0.912109 0.687500 0.113281 0.140625
0 0.166016 0.691406 0.316406 0.109375
0 0.255859 0.763672 0.113281 0.136719
1 0.097656 0.792969 0.187500 0.078125
1 0.453125 0.917969 0.398438 0.148438
1 0.914062 0.187500 0.171875 0.085938
0 0.343750 0.365234 0.093750 0.121094
1 0.929688 0.830078 0.117188 0.136719
1 0.810547 0.921875 0.300781 0.140625
