0 0.310547 0.390625 0.253906 0.484375
0 0.625000 0.593750 0.343750 0.531250
0 0.900391 0.609375 0.191406 0.390625
0 0.867188 0.375000 0.117188 0.062500
0 0.421875 0.294922 0.250000 0.066406
0 0.359375 0.671875 0.187500 0.078125
0 0.419922 0.730469 0.167969 0.179688
0 0.628906 0.904297 0.312500 0.191406
0 0.078125 0.263672 0.140625 0.394531
0 0.146484 0.509766 0.136719 0.136719
0 0.201172 0.310547 0.144531 0.292969
0 0.039062 0.484375 0.070312 0.078125
1 0.906250 0.916016 0.187500 0.160156
1 0.158203 0.855469 0.308594 0.265625
1 0.265625 0.078125 0.234375 0.140625
0 0.951172 0.398438 0.058594 0.062500
