0 0.529297 0.564453 0.207031 0.152344
0 0.437500 0.558594 0.117188 0.093750
0 0.648438 0.556641 0.109375 0.121094
0 0.060547 0.447266 0.113281 0.175781
0 0.552734 0.562500 0.121094 0.210938
1 0.701172 0.837891 0.582031 0.324219
1 0.226562 0.826172 0.429688 0.347656
1 0.238281 0.570312 0.218750 0.343750
1 0.384766 0.251953 0.355469 0.347656
1 0.865234 0.523438 0.269531 0.429688
1 0.142578 0.179688 0.269531 0.320312
1 0.664062 0.337891 0.273438 0.207031
1 0.880859 0.351562 0.238281 0.210938
1 0.371094 0.451172 0.093750 0.097656
