0 0.421875 0.515625 0.171875 0.281250
0 0.566406 0.429688 0.125000 0.117188
0 0.613281 0.583984 0.203125 0.183594
0 0.695312 0.578125 0.117188 0.117188
0 0.441406 0.363281 0.156250 0.093750
0 0.322266 0.380859 0.113281 0.066406
0 0.318359 0.488281 0.066406 0.148438
0 0.283203 0.607422 0.089844 0.082031
0 0.203125 0.623047 0.078125 0.058594
0 0.632812 0.402344 0.093750 0.046875
0 0.751953 0.574219 0.082031 0.054688
1 0.488281 0.156250 0.289062 0.296875
1 0.705078 0.845703 0.316406 0.300781
1 0.234375 0.177734 0.242188 0.316406
1 0.132812 0.410156 0.164062 0.156250
0 0.267578 0.388672 0.089844 0.066406
1 0.365234 0.736328 0.332031 0.144531
1 0.861328 0.656250 0.191406 0.085938
