0 0.640625 0.298828 0.109375 0.128906
0 0.542969 0.298828 0.187500 0.144531
0 0.625000 0.392578 0.140625 0.121094
0 0.750000 0.277344 0.093750 0.148438
0 0.576172 0.544922 0.089844 0.089844
0 0.558594 0.464844 0.125000 0.101562
0 0.810547 0.218750 0.066406 0.078125
0 0.435547 0.328125 0.113281 0.093750
0 0.699219 0.353516 0.093750 0.097656
1 0.763672 0.589844 0.261719 0.187500
1 0.908203 0.660156 0.160156 0.210938
1 0.904297 0.410156 0.191406 0.281250
1 0.808594 0.451172 0.109375 0.183594
1 0.746094 0.478516 0.078125 0.136719
1 0.689453 0.527344 0.121094 0.132812
0 0.576172 0.634766 0.128906 0.074219
0 0.673828 0.199219 0.066406 0.054688
0 0.566406 0.203125 0.140625 0.046875
1 0.406250 0.242188 0.078125 0.085938
1 0.671875 0.843750 0.312500 0.312500
1 0.337891 0.796875 0.339844 0.343750
1 0.253906 0.328125 0.093750 0.171875
1 0.332031 0.386719 0.070312 0.125000
1 0.429688 0.423828 0.109375 0.082031
0 0.875000 0.156250 0.046875 0.062500
1 0.919922 0.095703 0.050781 0.074219
1 0.339844 0.250000 0.101562 0.062500
1 0.464844 0.591797 0.101562 0.097656
1 0.900391 0.873047 0.199219 0.230469
1 0.099609 0.794922 0.191406 0.230469
1 0.125000 0.201172 0.125000 0.035156
1 0.884766 0.248047 0.074219 0.066406
