0 0.503906 0.542969 0.226562 0.320312
0 0.648438 0.593750 0.070312 0.171875
0 0.333984 0.531250 0.097656 0.187500
0 0.277344 0.562500 0.085938 0.140625
0 0.628906 0.468750 0.070312 0.101562
0 0.222656 0.679688 0.062500 0.085938
0 0.419922 0.449219 0.175781 0.132812
0 0.433594 0.386719 0.085938 0.093750
0 0.699219 0.582031 0.054688 0.140625
1 0.869141 0.707031 0.261719 0.578125
1 0.535156 0.853516 0.476562 0.292969
1 0.833984 0.222656 0.316406 0.437500
1 0.095703 0.673828 0.183594 0.636719
1 0.330078 0.863281 0.316406 0.257812
1 0.308594 0.703125 0.093750 0.109375
0 0.382812 0.617188 0.109375 0.062500
1 0.535156 0.167969 0.335938 0.328125
