0 0.203125 0.494141 0.062500 0.089844
0 0.417969 0.509766 0.070312 0.050781
0 0.296875 0.513672 0.125000 0.058594
0 0.630859 0.445312 0.097656 0.085938
0 0.718750 0.669922 0.125000 0.175781
0 0.562500 0.728516 0.125000 0.089844
0 0.593750 0.607422 0.125000 0.066406
0 0.841797 0.566406 0.230469 0.078125
1 0.367188 0.767578 0.265625 0.394531
1 0.679688 0.890625 0.343750 0.218750
1 0.898438 0.750000 0.203125 0.265625
1 0.843750 0.373047 0.312500 0.300781
1 0.609375 0.531250 0.234375 0.078125
1 0.517578 0.423828 0.113281 0.261719
1 0.078125 0.429688 0.148438 0.078125
0 0.091797 0.531250 0.058594 0.078125
0 0.117188 0.781250 0.226562 0.406250
1 0.312500 0.373047 0.296875 0.128906
1 0.359375 0.419922 0.250000 0.113281
1 0.656250 0.324219 0.171875 0.156250
0 0.029297 0.353516 0.050781 0.074219
