0 0.667969 0.439453 0.257812 0.269531
0 0.890625 0.406250 0.203125 0.179688
0 0.466797 0.503906 0.128906 0.179688
0 0.347656 0.585938 0.125000 0.210938
0 0.302734 0.560547 0.128906 0.152344
0 0.560547 0.291016 0.128906 0.167969
0 0.490234 0.394531 0.128906 0.140625
0 0.650391 0.601562 0.308594 0.125000
0 0.884766 0.507812 0.199219 0.101562
0 0.451172 0.617188 0.121094 0.109375
0 0.410156 0.693359 0.117188 0.074219
0 0.558594 0.205078 0.093750 0.113281
1 0.695312 0.146484 0.171875 0.105469
1 0.900391 0.666016 0.183594 0.199219
1 0.414062 0.228516 0.156250 0.191406
1 0.296875 0.398438 0.195312 0.164062
1 0.169922 0.558594 0.121094 0.171875
1 0.201172 0.726562 0.160156 0.140625
