0 0.597656 0.400391 0.226562 0.425781
0 0.390625 0.453125 0.187500 0.421875
0 0.386719 0.722656 0.195312 0.109375
0 0.351562 0.845703 0.140625 0.121094
0 0.367188 0.773438 0.156250 0.125000
0 0.513672 0.585938 0.113281 0.171875
0 0.253906 0.623047 0.085938 0.089844
0 0.695312 0.466797 0.117188 0.308594
0 0.341797 0.423828 0.183594 0.246094
0 0.261719 0.871094 0.132812 0.085938
1 0.386719 0.177734 0.195312 0.113281
1 0.597656 0.121094 0.226562 0.125000
1 0.730469 0.808594 0.312500 0.382812
1 0.144531 0.761719 0.101562 0.359375
0 0.457031 0.691406 0.140625 0.101562
1 0.207031 0.482422 0.070312 0.160156
1 0.218750 0.367188 0.054688 0.148438
