0 0.462891 0.484375 0.277344 0.171875
0 0.648438 0.533203 0.187500 0.082031
0 0.615234 0.425781 0.066406 0.046875
0 0.316406 0.511719 0.140625 0.101562
0 0.494141 0.416016 0.214844 0.074219
1 0.128906 0.523438 0.234375 0.250000
1 0.214844 0.357422 0.210938 0.207031
1 0.392578 0.300781 0.253906 0.140625
1 0.855469 0.476562 0.218750 0.210938
1 0.443359 0.746094 0.394531 0.351562
1 0.822266 0.687500 0.355469 0.210938
1 0.810547 0.845703 0.347656 0.160156
1 0.289062 0.033203 0.156250 0.058594
1 0.113281 0.054688 0.210938 0.078125
1 0.177734 0.763672 0.332031 0.222656
