0 0.468750 0.435547 0.062500 0.058594
0 0.503906 0.437500 0.031250 0.031250
0 0.087891 0.335938 0.050781 0.031250
0 0.242188 0.423828 0.070312 0.027344
1 0.166016 0.337891 0.105469 0.050781
1 0.783203 0.451172 0.394531 0.160156
1 0.359375 0.427734 0.140625 0.167969
1 0.583984 0.433594 0.105469 0.109375
1 0.103516 0.437500 0.191406 0.140625
1 0.271484 0.343750 0.121094 0.109375
1 0.404297 0.326172 0.316406 0.144531
1 0.521484 0.505859 0.199219 0.074219
1 0.283203 0.501953 0.199219 0.105469
1 0.826172 0.373047 0.199219 0.097656
1 0.652344 0.359375 0.195312 0.101562
