0 0.523438 0.259766 0.257812 0.230469
0 0.296875 0.232422 0.203125 0.113281
0 0.125000 0.218750 0.140625 0.109375
0 0.357422 0.322266 0.089844 0.074219
0 0.679688 0.273438 0.117188 0.195312
0 0.425781 0.623047 0.210938 0.175781
0 0.505859 0.691406 0.183594 0.171875
1 0.169922 0.585938 0.308594 0.570312
1 0.617188 0.453125 0.578125 0.156250
1 0.791016 0.734375 0.417969 0.359375
1 0.462891 0.855469 0.261719 0.171875
1 0.839844 0.218750 0.164062 0.406250
1 0.466797 0.087891 0.558594 0.160156
0 0.089844 0.076172 0.171875 0.082031
