0 0.617188 0.232422 0.085938 0.105469
0 0.693359 0.222656 0.074219 0.054688
0 0.523438 0.242188 0.078125 0.078125
0 0.566406 0.357422 0.093750 0.105469
0 0.484375 0.384766 0.109375 0.097656
0 0.345703 0.460938 0.160156 0.210938
0 0.201172 0.542969 0.128906 0.242188
0 0.095703 0.591797 0.066406 0.269531
0 0.312500 0.593750 0.093750 0.062500
0 0.439453 0.472656 0.121094 0.078125
0 0.072266 0.558594 0.128906 0.148438
1 0.197266 0.732422 0.128906 0.136719
1 0.072266 0.841797 0.128906 0.222656
1 0.349609 0.722656 0.160156 0.179688
1 0.435547 0.642578 0.152344 0.152344
