0 0.341797 0.406250 0.160156 0.093750
0 0.222656 0.416016 0.070312 0.097656
0 0.470703 0.392578 0.097656 0.074219
0 0.560547 0.388672 0.066406 0.050781
0 0.644531 0.404297 0.117188 0.050781
0 0.714844 0.367188 0.109375 0.023438
0 0.205078 0.429688 0.074219 0.054688
0 0.359375 0.443359 0.093750 0.089844
1 0.468750 0.273438 0.132812 0.148438
1 0.593750 0.330078 0.109375 0.058594
1 0.746094 0.439453 0.085938 0.121094
1 0.701172 0.333984 0.097656 0.035156
1 0.087891 0.412109 0.160156 0.222656
1 0.240234 0.501953 0.128906 0.058594
1 0.568359 0.470703 0.269531 0.074219
1 0.228516 0.322266 0.121094 0.058594
1 0.349609 0.328125 0.113281 0.046875
