0 0.355469 0.335938 0.078125 0.078125
0 0.421875 0.386719 0.046875 0.117188
0 0.373047 0.410156 0.050781 0.070312
0 0.468750 0.478516 0.046875 0.175781
0 0.525391 0.521484 0.058594 0.183594
0 0.439453 0.490234 0.082031 0.082031
0 0.607422 0.609375 0.027344 0.093750
0 0.271484 0.226562 0.082031 0.078125
0 0.369141 0.310547 0.066406 0.089844
0 0.451172 0.378906 0.042969 0.062500
0 0.570312 0.539062 0.046875 0.078125
0 0.580078 0.628906 0.050781 0.054688
0 0.628906 0.623047 0.031250 0.105469
0 0.523438 0.582031 0.117188 0.070312
0 0.283203 0.330078 0.074219 0.074219
0 0.203125 0.289062 0.093750 0.062500
1 0.337891 0.722656 0.207031 0.335938
1 0.482422 0.812500 0.128906 0.375000
1 0.371094 0.908203 0.210938 0.183594
1 0.294922 0.474609 0.105469 0.191406
1 0.363281 0.505859 0.062500 0.121094
0 0.224609 0.322266 0.074219 0.089844
1 0.078125 0.281250 0.148438 0.312500
1 0.216797 0.501953 0.113281 0.230469
1 0.123047 0.531250 0.136719 0.234375
1 0.416016 0.193359 0.113281 0.121094
1 0.923828 0.443359 0.152344 0.175781
1 0.859375 0.914062 0.218750 0.171875
1 0.583984 0.916016 0.128906 0.167969
