0 0.501953 0.535156 0.097656 0.179688
0 0.171875 0.513672 0.203125 0.230469
0 0.060547 0.529297 0.113281 0.183594
1 0.142578 0.746094 0.277344 0.226562
0 0.681641 0.541016 0.253906 0.144531
0 0.367188 0.527344 0.195312 0.210938
0 0.777344 0.855469 0.148438 0.148438
1 0.386719 0.822266 0.210938 0.144531
1 0.564453 0.890625 0.175781 0.218750
0 0.123047 0.927734 0.238281 0.128906
0 0.238281 0.912109 0.085938 0.074219
0 0.390625 0.183594 0.281250 0.164062
0 0.175781 0.183594 0.218750 0.132812
0 0.050781 0.197266 0.093750 0.113281
0 0.669922 0.240234 0.261719 0.074219
0 0.535156 0.171875 0.109375 0.101562
0 0.435547 0.347656 0.261719 0.046875
0 0.693359 0.339844 0.113281 0.039062
1 0.382812 0.666016 0.203125 0.042969
1 0.527344 0.648438 0.085938 0.039062
