0 0.423828 0.367188 0.832031 0.312500
0 0.373047 0.671875 0.714844 0.312500
0 0.279297 0.089844 0.160156 0.125000
0 0.667969 0.074219 0.335938 0.046875
0 0.347656 0.876953 0.382812 0.089844
0 0.871094 0.708984 0.117188 0.214844
0 0.943359 0.671875 0.097656 0.093750
0 0.769531 0.818359 0.140625 0.222656
0 0.574219 0.832031 0.179688 0.085938
0 0.417969 0.943359 0.234375 0.113281
0 0.441406 0.199219 0.828125 0.171875
0 0.751953 0.599609 0.121094 0.238281
1 0.921875 0.910156 0.148438 0.179688
1 0.677734 0.970703 0.277344 0.058594
1 0.621094 0.933594 0.156250 0.101562
0 0.437500 0.128906 0.187500 0.125000
0 0.750000 0.074219 0.156250 0.140625
0 0.611328 0.099609 0.152344 0.144531
