0 0.535156 0.398438 0.507812 0.296875
0 0.869141 0.421875 0.191406 0.203125
0 0.605469 0.232422 0.257812 0.097656
0 0.250000 0.453125 0.109375 0.296875
0 0.138672 0.511719 0.167969 0.265625
0 0.398438 0.687500 0.164062 0.265625
0 0.267578 0.777344 0.136719 0.335938
0 0.095703 0.765625 0.183594 0.218750
0 0.087891 0.527344 0.167969 0.273438
1 0.722656 0.835938 0.460938 0.328125
1 0.865234 0.121094 0.238281 0.210938
1 0.593750 0.119141 0.250000 0.121094
1 0.398438 0.207031 0.140625 0.070312
0 0.406250 0.906250 0.171875 0.187500
1 0.095703 0.939453 0.183594 0.121094
0 0.554688 0.595703 0.140625 0.121094
0 0.669922 0.542969 0.113281 0.062500
1 0.798828 0.644531 0.332031 0.132812
1 0.867188 0.568359 0.156250 0.082031
