0 0.109375 0.500000 0.125000 0.242188
0 0.500000 0.242188 0.203125 0.109375
0 0.345703 0.263672 0.128906 0.082031
0 0.246094 0.324219 0.335938 0.109375
0 0.248047 0.472656 0.152344 0.171875
0 0.822266 0.138672 0.230469 0.058594
1 0.761719 0.333984 0.296875 0.160156
1 0.738281 0.867188 0.460938 0.265625
1 0.335938 0.816406 0.421875 0.367188
0 0.242188 0.289062 0.117188 0.125000
1 0.519531 0.349609 0.187500 0.097656
1 0.876953 0.298828 0.246094 0.238281
1 0.357422 0.095703 0.683594 0.183594
0 0.400391 0.232422 0.167969 0.074219
1 0.814453 0.464844 0.238281 0.164062
1 0.285156 0.613281 0.218750 0.109375
1 0.091797 0.216797 0.175781 0.097656
