0 0.322266 0.671875 0.136719 0.093750
0 0.417969 0.646484 0.070312 0.097656
0 0.488281 0.611328 0.070312 0.066406
0 0.554688 0.589844 0.078125 0.062500
0 0.634766 0.941406 0.050781 0.046875
0 0.681641 0.906250 0.042969 0.046875
0 0.712891 0.875000 0.019531 0.046875
0 0.578125 0.984375 0.031250 0.031250
0 0.525391 0.898438 0.027344 0.039062
0 0.587891 0.855469 0.058594 0.062500
0 0.505859 0.910156 0.074219 0.039062
1 0.125000 0.720703 0.234375 0.214844
1 0.644531 0.558594 0.101562 0.054688
0 0.759766 0.669922 0.105469 0.066406
0 0.652344 0.816406 0.054688 0.054688
0 0.859375 0.755859 0.062500 0.074219
0 0.431641 0.962891 0.066406 0.050781
1 0.416016 0.781250 0.332031 0.117188
