0 0.121094 0.496094 0.125000 0.320312
0 0.857422 0.437500 0.246094 0.234375
0 0.078125 0.609375 0.148438 0.250000
0 0.394531 0.322266 0.101562 0.089844
1 0.593750 0.564453 0.289062 0.746094
1 0.873047 0.775391 0.253906 0.433594
1 0.433594 0.689453 0.382812 0.621094
1 0.267578 0.302734 0.152344 0.230469
1 0.195312 0.873047 0.375000 0.253906
1 0.712891 0.859375 0.363281 0.281250
1 0.279297 0.537109 0.175781 0.222656
1 0.197266 0.255859 0.121094 0.144531
1 0.396484 0.230469 0.167969 0.093750
1 0.857422 0.253906 0.285156 0.132812
1 0.099609 0.296875 0.136719 0.062500
1 0.033203 0.404297 0.058594 0.152344
0 0.148438 0.691406 0.140625 0.093750
