0 0.296875 0.433594 0.093750 0.039062
0 0.228516 0.421875 0.050781 0.031250
0 0.144531 0.392578 0.062500 0.027344
0 0.072266 0.406250 0.074219 0.015625
0 0.371094 0.429688 0.070312 0.046875
0 0.113281 0.884766 0.101562 0.058594
0 0.457031 0.896484 0.109375 0.066406
0 0.455078 0.589844 0.082031 0.046875
1 0.716797 0.501953 0.300781 0.199219
1 0.316406 0.507812 0.218750 0.101562
1 0.878906 0.644531 0.242188 0.328125
1 0.349609 0.755859 0.253906 0.207031
1 0.287109 0.882812 0.230469 0.234375
1 0.646484 0.919922 0.277344 0.144531
1 0.103516 0.501953 0.199219 0.152344
1 0.513672 0.531250 0.167969 0.062500
1 0.570312 0.621094 0.132812 0.140625
