0 0.496094 0.625000 0.117188 0.140625
0 0.570312 0.669922 0.132812 0.183594
0 0.373047 0.607422 0.113281 0.097656
0 0.472656 0.677734 0.117188 0.121094
0 0.390625 0.513672 0.062500 0.082031
0 0.853516 0.882812 0.121094 0.187500
0 0.947266 0.923828 0.105469 0.144531
0 0.763672 0.818359 0.089844 0.128906
1 0.775391 0.203125 0.316406 0.312500
1 0.316406 0.263672 0.625000 0.394531
1 0.158203 0.730469 0.285156 0.539062
1 0.511719 0.886719 0.375000 0.226562
1 0.818359 0.558594 0.363281 0.382812
1 0.550781 0.480469 0.242188 0.125000
1 0.292969 0.757812 0.234375 0.187500
1 0.679688 0.939453 0.210938 0.121094
1 0.125000 0.068359 0.234375 0.128906
