0 0.671875 0.626953 0.187500 0.066406
0 0.525391 0.648438 0.082031 0.031250
0 0.585938 0.687500 0.031250 0.031250
0 0.509766 0.685547 0.144531 0.089844
0 0.214844 0.765625 0.250000 0.093750
0 0.367188 0.759766 0.031250 0.066406
0 0.341797 0.701172 0.089844 0.042969
0 0.414062 0.716797 0.070312 0.121094
0 0.248047 0.732422 0.097656 0.066406
0 0.056641 0.812500 0.105469 0.140625
0 0.123047 0.843750 0.089844 0.062500
0 0.203125 0.810547 0.125000 0.058594
0 0.626953 0.669922 0.074219 0.050781
1 0.798828 0.603516 0.074219 0.058594
1 0.601562 0.132812 0.265625 0.234375
1 0.921875 0.316406 0.156250 0.125000
1 0.095703 0.515625 0.183594 0.234375
1 0.251953 0.142578 0.433594 0.191406
