0 0.250000 0.576172 0.492188 0.269531
0 0.486328 0.496094 0.355469 0.468750
0 0.484375 0.205078 0.343750 0.097656
0 0.830078 0.544922 0.316406 0.417969
0 0.496094 0.826172 0.093750 0.097656
0 0.216797 0.316406 0.167969 0.062500
0 0.753906 0.285156 0.125000 0.093750
0 0.904297 0.828125 0.183594 0.140625
0 0.710938 0.103516 0.109375 0.097656
0 0.324219 0.179688 0.085938 0.085938
0 0.769531 0.763672 0.101562 0.128906
0 0.585938 0.732422 0.109375 0.113281
0 0.425781 0.775391 0.117188 0.113281
0 0.230469 0.718750 0.171875 0.085938
0 0.076172 0.390625 0.144531 0.210938
1 0.908203 0.189453 0.183594 0.285156
1 0.759766 0.197266 0.214844 0.082031
1 0.853516 0.082031 0.167969 0.156250
0 0.060547 0.728516 0.105469 0.128906
1 0.232422 0.886719 0.214844 0.226562
1 0.378906 0.919922 0.117188 0.160156
1 0.632812 0.900391 0.156250 0.199219
1 0.755859 0.916016 0.113281 0.167969
1 0.892578 0.955078 0.191406 0.089844
1 0.537109 0.941406 0.160156 0.117188
1 0.091797 0.896484 0.175781 0.183594
1 0.136719 0.138672 0.257812 0.269531
1 0.351562 0.070312 0.171875 0.132812
0 0.564453 0.121094 0.167969 0.125000
