0 0.263672 0.267578 0.183594 0.152344
0 0.406250 0.324219 0.125000 0.195312
0 0.513672 0.406250 0.113281 0.250000
0 0.654297 0.453125 0.183594 0.281250
0 0.783203 0.408203 0.128906 0.191406
0 0.751953 0.591797 0.113281 0.199219
0 0.400391 0.451172 0.097656 0.050781
0 0.312500 0.376953 0.140625 0.082031
0 0.138672 0.236328 0.066406 0.097656
0 0.533203 0.531250 0.082031 0.062500
0 0.666016 0.603516 0.128906 0.074219
0 0.853516 0.687500 0.121094 0.093750
0 0.867188 0.451172 0.093750 0.089844
1 0.578125 0.250000 0.140625 0.062500
1 0.681641 0.267578 0.183594 0.074219
1 0.916016 0.361328 0.121094 0.082031
1 0.960938 0.484375 0.078125 0.156250
1 0.876953 0.572266 0.121094 0.128906
1 0.955078 0.703125 0.082031 0.218750
1 0.076172 0.123047 0.105469 0.089844
0 0.091797 0.191406 0.089844 0.046875
1 0.117188 0.335938 0.117188 0.085938
1 0.054688 0.267578 0.085938 0.089844
0 0.222656 0.345703 0.070312 0.058594
1 0.259766 0.451172 0.175781 0.058594
1 0.203125 0.416016 0.062500 0.058594
1 0.433594 0.478516 0.078125 0.082031
1 0.425781 0.185547 0.125000 0.066406
1 0.511719 0.228516 0.070312 0.074219
