0 0.634766 0.501953 0.136719 0.082031
0 0.734375 0.509766 0.093750 0.082031
0 0.406250 0.806641 0.125000 0.089844
0 0.330078 0.857422 0.113281 0.136719
0 0.830078 0.544922 0.144531 0.089844
0 0.779297 0.636719 0.089844 0.046875
0 0.173828 0.650391 0.152344 0.042969
1 0.451172 0.517578 0.214844 0.144531
1 0.625000 0.648438 0.171875 0.179688
1 0.416016 0.681641 0.316406 0.152344
1 0.605469 0.767578 0.250000 0.097656
1 0.781250 0.714844 0.156250 0.101562
1 0.953125 0.609375 0.093750 0.265625
1 0.265625 0.548828 0.171875 0.128906
1 0.720703 0.585938 0.066406 0.054688
0 0.857422 0.597656 0.066406 0.046875
1 0.878906 0.697266 0.093750 0.113281
1 0.173828 0.876953 0.183594 0.246094
1 0.441406 0.898438 0.109375 0.093750
1 0.355469 0.964844 0.164062 0.070312
1 0.134766 0.734375 0.253906 0.093750
