0 0.511719 0.654297 0.242188 0.308594
0 0.705078 0.572266 0.152344 0.339844
0 0.822266 0.585938 0.082031 0.273438
0 0.863281 0.603516 0.085938 0.199219
0 0.666016 0.746094 0.089844 0.093750
0 0.570312 0.472656 0.171875 0.070312
0 0.339844 0.679688 0.093750 0.281250
0 0.259766 0.710938 0.074219 0.226562
0 0.236328 0.740234 0.121094 0.144531
0 0.306641 0.572266 0.089844 0.042969
0 0.400391 0.523438 0.097656 0.031250
1 0.953125 0.626953 0.093750 0.300781
1 0.857422 0.761719 0.121094 0.062500
1 0.767578 0.789062 0.105469 0.078125
1 0.925781 0.458984 0.117188 0.089844
