0 0.408203 0.566406 0.191406 0.375000
0 0.490234 0.691406 0.144531 0.218750
0 0.291016 0.564453 0.113281 0.183594
0 0.126953 0.468750 0.199219 0.125000
0 0.294922 0.435547 0.121094 0.082031
0 0.570312 0.650391 0.109375 0.136719
0 0.933594 0.298828 0.062500 0.058594
0 0.982422 0.324219 0.027344 0.023438
1 0.730469 0.501953 0.187500 0.128906
1 0.593750 0.509766 0.148438 0.121094
1 0.611328 0.892578 0.300781 0.167969
1 0.371094 0.912109 0.164062 0.105469
1 0.957031 0.451172 0.085938 0.105469
1 0.716797 0.115234 0.074219 0.105469
