0 0.595703 0.498047 0.285156 0.144531
0 0.468750 0.496094 0.218750 0.085938
0 0.468750 0.216797 0.093750 0.058594
0 0.404297 0.265625 0.097656 0.093750
0 0.810547 0.765625 0.230469 0.046875
0 0.906250 0.765625 0.125000 0.046875
0 0.960938 0.871094 0.078125 0.210938
0 0.734375 0.767578 0.156250 0.058594
0 0.437500 0.373047 0.156250 0.074219
1 0.341797 0.783203 0.675781 0.425781
1 0.171875 0.361328 0.328125 0.332031
1 0.189453 0.097656 0.292969 0.187500
1 0.480469 0.089844 0.273438 0.171875
1 0.689453 0.294922 0.339844 0.230469
1 0.871094 0.498047 0.257812 0.472656
1 0.720703 0.117188 0.214844 0.132812
1 0.921875 0.232422 0.140625 0.066406
1 0.759766 0.894531 0.300781 0.187500
