0 0.406250 0.263672 0.203125 0.097656
0 0.318359 0.277344 0.113281 0.054688
0 0.513672 0.390625 0.082031 0.140625
0 0.437500 0.314453 0.085938 0.074219
0 0.509766 0.265625 0.050781 0.109375
0 0.603516 0.634766 0.175781 0.097656
0 0.601562 0.541016 0.078125 0.097656
0 0.572266 0.140625 0.082031 0.156250
0 0.361328 0.046875 0.292969 0.054688
1 0.812500 0.255859 0.375000 0.488281
1 0.853516 0.695312 0.292969 0.398438
1 0.636719 0.269531 0.203125 0.101562
1 0.640625 0.408203 0.156250 0.167969
1 0.712891 0.533203 0.128906 0.105469
1 0.691406 0.837891 0.453125 0.285156
0 0.164062 0.076172 0.125000 0.058594
0 0.402344 0.099609 0.265625 0.082031
0 0.275391 0.107422 0.121094 0.074219
0 0.111328 0.046875 0.214844 0.085938
1 0.152344 0.187500 0.289062 0.101562
1 0.412109 0.177734 0.222656 0.058594
