0 0.468750 0.576172 0.109375 0.128906
0 0.544922 0.589844 0.042969 0.109375
0 0.582031 0.603516 0.031250 0.082031
0 0.439453 0.562500 0.097656 0.109375
0 0.017578 0.410156 0.027344 0.117188
0 0.062500 0.439453 0.046875 0.066406
0 0.140625 0.500000 0.062500 0.031250
0 0.048828 0.582031 0.058594 0.031250
0 0.880859 0.750000 0.152344 0.117188
1 0.335938 0.335938 0.515625 0.242188
0 0.591797 0.683594 0.074219 0.085938
1 0.798828 0.449219 0.402344 0.382812
1 0.716797 0.814453 0.167969 0.371094
1 0.896484 0.900391 0.207031 0.175781
1 0.375000 0.820312 0.343750 0.351562
1 0.619141 0.869141 0.183594 0.261719
1 0.248047 0.621094 0.285156 0.187500
1 0.152344 0.804688 0.296875 0.390625
1 0.064453 0.265625 0.121094 0.156250
