0 0.330078 0.425781 0.113281 0.046875
0 0.064453 0.636719 0.113281 0.062500
0 0.578125 0.541016 0.125000 0.058594
0 0.501953 0.568359 0.082031 0.058594
0 0.792969 0.550781 0.109375 0.109375
0 0.687500 0.556641 0.093750 0.050781
0 0.382812 0.583984 0.148438 0.058594
0 0.273438 0.605469 0.070312 0.062500
0 0.318359 0.673828 0.082031 0.058594
0 0.238281 0.462891 0.070312 0.058594
0 0.923828 0.572266 0.152344 0.066406
1 0.783203 0.691406 0.246094 0.156250
1 0.560547 0.669922 0.207031 0.121094
1 0.603516 0.623047 0.097656 0.089844
1 0.562500 0.468750 0.171875 0.078125
1 0.691406 0.472656 0.085938 0.109375
1 0.394531 0.507812 0.125000 0.085938
1 0.238281 0.537109 0.148438 0.066406
1 0.457031 0.722656 0.171875 0.210938
1 0.142578 0.759766 0.261719 0.160156
1 0.177734 0.646484 0.105469 0.144531
1 0.824219 0.449219 0.164062 0.078125
1 0.923828 0.488281 0.152344 0.109375
1 0.583984 0.343750 0.136719 0.070312
1 0.214844 0.400391 0.117188 0.058594
1 0.083984 0.458984 0.160156 0.128906
