0 0.234375 0.384766 0.125000 0.097656
0 0.367188 0.484375 0.023438 0.234375
0 0.447266 0.462891 0.214844 0.152344
0 0.277344 0.414062 0.187500 0.109375
0 0.250000 0.494141 0.078125 0.042969
0 0.306641 0.505859 0.128906 0.082031
0 0.390625 0.546875 0.234375 0.078125
0 0.406250 0.626953 0.140625 0.058594
0 0.472656 0.691406 0.093750 0.062500
0 0.580078 0.734375 0.113281 0.078125
0 0.494141 0.746094 0.058594 0.031250
0 0.416016 0.658203 0.082031 0.082031
0 0.654297 0.794922 0.035156 0.128906
0 0.589844 0.785156 0.085938 0.093750
0 0.710938 0.828125 0.062500 0.125000
0 0.773438 0.878906 0.062500 0.132812
0 0.853516 0.919922 0.089844 0.136719
0 0.947266 0.929688 0.097656 0.132812
0 0.707031 0.875000 0.054688 0.093750
0 0.769531 0.939453 0.062500 0.089844
0 0.841797 0.863281 0.066406 0.070312
