0 0.140625 0.544922 0.273438 0.089844
0 0.263672 0.687500 0.496094 0.265625
0 0.560547 0.509766 0.152344 0.082031
0 0.648438 0.603516 0.101562 0.152344
0 0.855469 0.593750 0.281250 0.078125
0 0.498047 0.611328 0.136719 0.121094
0 0.328125 0.400391 0.281250 0.105469
0 0.835938 0.500000 0.273438 0.093750
0 0.714844 0.390625 0.148438 0.093750
0 0.828125 0.423828 0.093750 0.097656
0 0.187500 0.406250 0.140625 0.078125
0 0.388672 0.291016 0.128906 0.019531
0 0.585938 0.275391 0.125000 0.058594
0 0.562500 0.404297 0.140625 0.105469
0 0.500000 0.720703 0.109375 0.199219
0 0.892578 0.673828 0.207031 0.121094
0 0.107422 0.857422 0.207031 0.089844
0 0.548828 0.812500 0.105469 0.062500
0 0.306641 0.822266 0.207031 0.074219
