0 0.472656 0.595703 0.359375 0.214844
0 0.437500 0.775391 0.265625 0.136719
0 0.443359 0.882812 0.199219 0.148438
0 0.554688 0.421875 0.195312 0.140625
0 0.455078 0.496094 0.128906 0.164062
0 0.675781 0.281250 0.156250 0.140625
0 0.556641 0.304688 0.082031 0.093750
0 0.638672 0.435547 0.183594 0.167969
0 0.767578 0.589844 0.238281 0.187500
0 0.660156 0.210938 0.101562 0.164062
0 0.757812 0.242188 0.093750 0.156250
0 0.314453 0.615234 0.121094 0.152344
0 0.937500 0.789062 0.125000 0.132812
1 0.726562 0.851562 0.304688 0.281250
0 0.441406 0.955078 0.132812 0.089844
