0 0.498047 0.421875 0.222656 0.062500
0 0.472656 0.519531 0.132812 0.187500
0 0.546875 0.375000 0.164062 0.125000
0 0.443359 0.394531 0.113281 0.132812
0 0.394531 0.386719 0.085938 0.085938
0 0.548828 0.501953 0.089844 0.105469
0 0.628906 0.373047 0.046875 0.074219
0 0.503906 0.560547 0.117188 0.089844
0 0.478516 0.617188 0.105469 0.054688
1 0.462891 0.750000 0.105469 0.195312
1 0.365234 0.865234 0.113281 0.207031
1 0.830078 0.591797 0.339844 0.714844
1 0.660156 0.785156 0.187500 0.429688
1 0.181641 0.537109 0.324219 0.410156
1 0.152344 0.861328 0.296875 0.261719
1 0.492188 0.244141 0.367188 0.113281
