0 0.400391 0.408203 0.089844 0.144531
0 0.494141 0.542969 0.105469 0.281250
0 0.484375 0.306641 0.203125 0.097656
0 0.371094 0.562500 0.125000 0.203125
0 0.535156 0.267578 0.101562 0.121094
0 0.623047 0.503906 0.152344 0.117188
0 0.685547 0.705078 0.105469 0.144531
1 0.796875 0.687500 0.125000 0.281250
1 0.496094 0.810547 0.250000 0.246094
1 0.765625 0.919922 0.281250 0.160156
1 0.234375 0.056641 0.296875 0.105469
1 0.187500 0.843750 0.359375 0.312500
1 0.156250 0.402344 0.296875 0.578125
1 0.441406 0.156250 0.320312 0.093750
1 0.652344 0.341797 0.140625 0.183594
