0 0.423828 0.472656 0.839844 0.328125
0 0.919922 0.388672 0.152344 0.339844
0 0.484375 0.687500 0.453125 0.078125
0 0.152344 0.666016 0.273438 0.113281
0 0.742188 0.634766 0.132812 0.089844
0 0.533203 0.705078 0.277344 0.144531
0 0.578125 0.283203 0.531250 0.058594
0 0.527344 0.263672 0.171875 0.097656
0 0.781250 0.296875 0.125000 0.140625
0 0.261719 0.337891 0.210938 0.113281
0 0.890625 0.546875 0.187500 0.101562
0 0.017578 0.541016 0.027344 0.222656
1 0.076172 0.869141 0.144531 0.261719
1 0.546875 0.890625 0.281250 0.218750
1 0.859375 0.841797 0.281250 0.300781
1 0.923828 0.689453 0.152344 0.183594
1 0.250000 0.875000 0.296875 0.250000
1 0.847656 0.148438 0.296875 0.140625
1 0.080078 0.263672 0.152344 0.089844
1 0.242188 0.242188 0.156250 0.070312
1 0.386719 0.212891 0.117188 0.082031
1 0.650391 0.183594 0.089844 0.156250
