0 0.582031 0.671875 0.156250 0.296875
0 0.460938 0.478516 0.164062 0.097656
0 0.671875 0.716797 0.140625 0.339844
0 0.451172 0.734375 0.097656 0.140625
0 0.357422 0.439453 0.058594 0.121094
0 0.365234 0.701172 0.097656 0.097656
0 0.515625 0.568359 0.164062 0.082031
0 0.437500 0.439453 0.093750 0.082031
0 0.701172 0.574219 0.082031 0.132812
0 0.585938 0.542969 0.101562 0.164062
1 0.812500 0.318359 0.085938 0.136719
1 0.478516 0.367188 0.144531 0.070312
1 0.718750 0.462891 0.148438 0.082031
0 0.595703 0.839844 0.113281 0.078125
0 0.660156 0.845703 0.085938 0.175781
0 0.347656 0.472656 0.140625 0.039062
