0 0.376953 0.625000 0.160156 0.375000
0 0.302734 0.570312 0.082031 0.156250
0 0.300781 0.714844 0.148438 0.148438
0 0.513672 0.751953 0.050781 0.175781
0 0.562500 0.765625 0.031250 0.093750
0 0.515625 0.660156 0.054688 0.101562
0 0.388672 0.798828 0.136719 0.113281
0 0.511719 0.847656 0.070312 0.078125
0 0.546875 0.789062 0.085938 0.093750
1 0.113281 0.693359 0.218750 0.253906
1 0.191406 0.511719 0.109375 0.250000
1 0.259766 0.400391 0.050781 0.175781
1 0.150391 0.912109 0.292969 0.175781
0 0.392578 0.390625 0.105469 0.109375
0 0.298828 0.240234 0.082031 0.128906
