0 0.527344 0.484375 0.265625 0.187500
0 0.716797 0.470703 0.246094 0.160156
0 0.888672 0.447266 0.097656 0.097656
0 0.437500 0.498047 0.187500 0.191406
0 0.294922 0.572266 0.097656 0.082031
0 0.203125 0.578125 0.125000 0.062500
0 0.515625 0.398438 0.156250 0.070312
0 0.072266 0.615234 0.136719 0.074219
0 0.691406 0.558594 0.101562 0.117188
0 0.960938 0.443359 0.046875 0.074219
0 0.845703 0.484375 0.089844 0.085938
1 0.695312 0.185547 0.421875 0.316406
1 0.263672 0.216797 0.496094 0.285156
1 0.173828 0.406250 0.339844 0.234375
1 0.351562 0.740234 0.382812 0.246094
1 0.152344 0.832031 0.296875 0.335938
0 0.746094 0.419922 0.265625 0.097656
