0 0.445312 0.546875 0.351562 0.117188
0 0.244141 0.587891 0.121094 0.074219
0 0.664062 0.470703 0.195312 0.121094
0 0.574219 0.519531 0.171875 0.156250
0 0.699219 0.371094 0.101562 0.140625
0 0.619141 0.304688 0.113281 0.039062
0 0.609375 0.351562 0.109375 0.039062
0 0.783203 0.476562 0.089844 0.101562
0 0.492188 0.396484 0.132812 0.089844
0 0.408203 0.421875 0.113281 0.070312
1 0.753906 0.583984 0.117188 0.097656
1 0.837891 0.695312 0.128906 0.140625
1 0.884766 0.783203 0.144531 0.097656
0 0.398438 0.466797 0.187500 0.082031
