0 0.369141 0.544922 0.167969 0.308594
0 0.498047 0.574219 0.105469 0.507812
0 0.353516 0.732422 0.238281 0.152344
0 0.593750 0.671875 0.093750 0.203125
0 0.472656 0.869141 0.250000 0.136719
0 0.574219 0.482422 0.125000 0.214844
0 0.593750 0.792969 0.203125 0.296875
0 0.296875 0.541016 0.140625 0.214844
0 0.251953 0.578125 0.097656 0.109375
1 0.791016 0.845703 0.183594 0.308594
1 0.638672 0.291016 0.160156 0.152344
1 0.146484 0.699219 0.089844 0.351562
1 0.265625 0.898438 0.148438 0.179688
1 0.519531 0.966797 0.351562 0.066406
1 0.716797 0.496094 0.136719 0.265625
1 0.814453 0.669922 0.222656 0.074219
1 0.130859 0.517578 0.136719 0.183594
