0 0.765625 0.310547 0.125000 0.160156
0 0.910156 0.359375 0.125000 0.093750
0 0.578125 0.322266 0.234375 0.105469
0 0.386719 0.431641 0.132812 0.238281
0 0.263672 0.531250 0.113281 0.281250
0 0.125000 0.634766 0.242188 0.300781
0 0.236328 0.693359 0.160156 0.128906
0 0.167969 0.441406 0.093750 0.070312
0 0.392578 0.406250 0.316406 0.140625
0 0.585938 0.294922 0.351562 0.058594
0 0.841797 0.335938 0.089844 0.164062
0 0.685547 0.267578 0.167969 0.058594
0 0.822266 0.150391 0.105469 0.035156
0 0.941406 0.109375 0.109375 0.046875
1 0.720703 0.763672 0.527344 0.472656
1 0.777344 0.482422 0.437500 0.128906
1 0.238281 0.898438 0.468750 0.187500
1 0.416016 0.689453 0.175781 0.253906
1 0.806641 0.199219 0.371094 0.062500
1 0.947266 0.263672 0.097656 0.066406
