0 0.371094 0.544922 0.070312 0.050781
0 0.449219 0.560547 0.085938 0.058594
0 0.511719 0.562500 0.031250 0.046875
0 0.541016 0.568359 0.066406 0.042969
0 0.294922 0.861328 0.089844 0.027344
0 0.236328 0.904297 0.019531 0.050781
0 0.291016 0.884766 0.074219 0.042969
0 0.214844 0.927734 0.031250 0.066406
1 0.716797 0.808594 0.566406 0.359375
1 0.660156 0.515625 0.140625 0.234375
1 0.871094 0.623047 0.226562 0.175781
1 0.203125 0.740234 0.398438 0.207031
1 0.419922 0.917969 0.144531 0.164062
1 0.103516 0.912109 0.191406 0.175781
1 0.384766 0.646484 0.152344 0.089844
1 0.548828 0.439453 0.144531 0.175781
1 0.087891 0.566406 0.160156 0.171875
