0 0.494141 0.443359 0.214844 0.339844
0 0.623047 0.628906 0.183594 0.390625
0 0.734375 0.669922 0.171875 0.371094
0 0.500000 0.697266 0.218750 0.144531
0 0.408203 0.500000 0.144531 0.218750
0 0.353516 0.654297 0.089844 0.144531
0 0.812500 0.691406 0.156250 0.312500
0 0.886719 0.751953 0.101562 0.191406
1 0.201172 0.593750 0.214844 0.421875
1 0.238281 0.906250 0.468750 0.187500
1 0.714844 0.929688 0.523438 0.140625
1 0.830078 0.373047 0.214844 0.160156
1 0.183594 0.322266 0.351562 0.128906
0 0.968750 0.800781 0.062500 0.085938
0 0.625000 0.373047 0.085938 0.105469
