0 0.291016 0.531250 0.121094 0.140625
0 0.406250 0.529297 0.109375 0.128906
0 0.191406 0.541016 0.054688 0.097656
0 0.177734 0.546875 0.105469 0.062500
0 0.503906 0.548828 0.101562 0.097656
0 0.607422 0.546875 0.066406 0.109375
0 0.679688 0.529297 0.078125 0.136719
0 0.636719 0.511719 0.062500 0.085938
0 0.750000 0.494141 0.046875 0.066406
0 0.722656 0.548828 0.109375 0.097656
0 0.826172 0.531250 0.105469 0.140625
0 0.490234 0.500000 0.066406 0.101562
1 0.064453 0.626953 0.113281 0.160156
1 0.287109 0.664062 0.324219 0.125000
1 0.673828 0.673828 0.433594 0.136719
1 0.943359 0.599609 0.113281 0.269531
