0 0.718750 0.439453 0.171875 0.253906
0 0.828125 0.574219 0.062500 0.382812
0 0.734375 0.667969 0.125000 0.179688
0 0.796875 0.378906 0.078125 0.093750
0 0.593750 0.390625 0.078125 0.109375
0 0.564453 0.375000 0.113281 0.093750
0 0.609375 0.513672 0.046875 0.128906
0 0.888672 0.576172 0.058594 0.332031
0 0.937500 0.593750 0.031250 0.296875
0 0.970703 0.617188 0.050781 0.265625
0 0.437500 0.681641 0.109375 0.371094
0 0.541016 0.544922 0.097656 0.074219
0 0.525391 0.634766 0.058594 0.097656
0 0.617188 0.718750 0.117188 0.109375
0 0.527344 0.763672 0.062500 0.144531
0 0.558594 0.765625 0.062500 0.093750
0 0.324219 0.748047 0.117188 0.441406
0 0.435547 0.906250 0.113281 0.093750
0 0.203125 0.765625 0.125000 0.390625
0 0.093750 0.732422 0.109375 0.199219
0 0.017578 0.718750 0.027344 0.125000
0 0.154297 0.671875 0.121094 0.125000
0 0.093750 0.855469 0.078125 0.039062
0 0.148438 0.861328 0.101562 0.082031
0 0.308594 0.931641 0.257812 0.136719
0 0.470703 0.935547 0.066406 0.089844
0 0.462891 0.796875 0.128906 0.109375
0 0.707031 0.033203 0.210938 0.058594
0 0.041016 0.529297 0.074219 0.066406
1 0.253906 0.246094 0.500000 0.484375
1 0.757812 0.191406 0.484375 0.242188
1 0.812500 0.886719 0.375000 0.210938
