0 0.179688 0.263672 0.109375 0.105469
0 0.322266 0.308594 0.175781 0.164062
0 0.468750 0.384766 0.109375 0.261719
0 0.621094 0.439453 0.187500 0.253906
0 0.355469 0.410156 0.109375 0.031250
0 0.785156 0.468750 0.132812 0.078125
0 0.753906 0.589844 0.070312 0.156250
0 0.648438 0.576172 0.140625 0.066406
0 0.839844 0.687500 0.085938 0.062500
0 0.777344 0.406250 0.117188 0.093750
0 0.208984 0.310547 0.113281 0.089844
0 0.880859 0.464844 0.074219 0.093750
0 0.900391 0.699219 0.042969 0.078125
0 0.812500 0.636719 0.070312 0.164062
0 0.517578 0.527344 0.097656 0.085938
0 0.669922 0.310547 0.136719 0.082031
1 0.091797 0.156250 0.089844 0.101562
0 0.021484 0.140625 0.035156 0.085938
1 0.806641 0.300781 0.128906 0.109375
1 0.910156 0.363281 0.132812 0.117188
1 0.962891 0.542969 0.074219 0.242188
1 0.917969 0.583984 0.125000 0.144531
1 0.966797 0.722656 0.066406 0.140625
1 0.238281 0.425781 0.117188 0.078125
0 0.353516 0.457031 0.105469 0.062500
1 0.496094 0.214844 0.148438 0.070312
1 0.232422 0.156250 0.152344 0.101562
0 0.369141 0.242188 0.105469 0.117188
0 0.554688 0.304688 0.093750 0.132812
1 0.513672 0.671875 0.167969 0.132812
1 0.375000 0.710938 0.132812 0.117188
1 0.226562 0.744141 0.187500 0.121094
