0 0.593750 0.468750 0.140625 0.156250
0 0.525391 0.775391 0.082031 0.253906
0 0.511719 0.533203 0.054688 0.058594
0 0.486328 0.810547 0.082031 0.160156
0 0.585938 0.714844 0.117188 0.187500
0 0.656250 0.419922 0.093750 0.066406
0 0.416016 0.875000 0.027344 0.125000
0 0.593750 0.576172 0.125000 0.121094
0 0.484375 0.937500 0.093750 0.062500
0 0.390625 0.947266 0.125000 0.105469
0 0.544922 0.343750 0.058594 0.078125
1 0.312500 0.683594 0.218750 0.203125
0 0.660156 0.498047 0.062500 0.121094
1 0.244141 0.804688 0.238281 0.148438
0 0.423828 0.875000 0.121094 0.093750
0 0.615234 0.314453 0.066406 0.035156
