0 0.402344 0.185547 0.109375 0.089844
0 0.531250 0.398438 0.406250 0.078125
0 0.494141 0.187500 0.066406 0.093750
0 0.341797 0.199219 0.089844 0.062500
0 0.375000 0.433594 0.218750 0.109375
0 0.712891 0.482422 0.261719 0.097656
0 0.275391 0.572266 0.160156 0.128906
0 0.531250 0.343750 0.218750 0.062500
0 0.326172 0.183594 0.074219 0.039062
1 0.310547 0.792969 0.253906 0.242188
0 0.152344 0.591797 0.179688 0.066406
0 0.541016 0.214844 0.035156 0.046875
0 0.775391 0.416016 0.089844 0.058594
1 0.916016 0.523438 0.121094 0.148438
1 0.183594 0.390625 0.109375 0.109375
1 0.328125 0.306641 0.062500 0.050781
0 0.435547 0.355469 0.121094 0.054688
0 0.263672 0.406250 0.050781 0.062500
0 0.546875 0.525391 0.156250 0.167969
1 0.564453 0.794922 0.214844 0.300781
1 0.150391 0.187500 0.285156 0.273438
1 0.068359 0.439453 0.113281 0.214844
1 0.113281 0.779297 0.195312 0.300781
0 0.683594 0.570312 0.109375 0.078125
1 0.843750 0.800781 0.312500 0.367188
1 0.304688 0.099609 0.078125 0.097656
