0 0.501953 0.580078 0.113281 0.082031
0 0.419922 0.656250 0.089844 0.093750
0 0.359375 0.742188 0.078125 0.085938
0 0.583984 0.552734 0.128906 0.050781
0 0.490234 0.644531 0.082031 0.062500
0 0.484375 0.355469 0.140625 0.171875
0 0.447266 0.605469 0.082031 0.070312
0 0.421875 0.708984 0.062500 0.066406
0 0.585938 0.585938 0.093750 0.054688
1 0.246094 0.730469 0.132812 0.195312
1 0.330078 0.597656 0.097656 0.195312
1 0.378906 0.494141 0.117188 0.128906
1 0.521484 0.492188 0.160156 0.085938
1 0.630859 0.445312 0.144531 0.171875
