0 0.447266 0.478516 0.152344 0.441406
0 0.558594 0.419922 0.062500 0.316406
0 0.632812 0.257812 0.078125 0.187500
0 0.417969 0.484375 0.132812 0.234375
1 0.628906 0.796875 0.203125 0.406250
1 0.468750 0.166016 0.234375 0.167969
1 0.396484 0.808594 0.308594 0.156250
1 0.542969 0.832031 0.109375 0.250000
1 0.734375 0.248047 0.109375 0.261719
1 0.218750 0.718750 0.281250 0.171875
1 0.689453 0.480469 0.191406 0.265625
1 0.263672 0.478516 0.160156 0.410156
1 0.642578 0.097656 0.167969 0.109375
0 0.406250 0.958984 0.125000 0.082031
