0 0.501953 0.382812 0.199219 0.281250
0 0.394531 0.326172 0.101562 0.191406
0 0.306641 0.228516 0.066406 0.082031
0 0.523438 0.580078 0.156250 0.113281
1 0.236328 0.173828 0.066406 0.089844
0 0.560547 0.675781 0.097656 0.085938
0 0.345703 0.236328 0.058594 0.066406
0 0.332031 0.289062 0.078125 0.062500
1 0.269531 0.556641 0.140625 0.449219
1 0.345703 0.757812 0.167969 0.445312
0 0.541016 0.328125 0.082031 0.156250
0 0.613281 0.787109 0.062500 0.144531
1 0.220703 0.097656 0.113281 0.062500
1 0.595703 0.125000 0.121094 0.156250
1 0.373047 0.083984 0.128906 0.089844
1 0.269531 0.757812 0.203125 0.289062
