0 0.343750 0.466797 0.203125 0.097656
0 0.412109 0.457031 0.167969 0.117188
0 0.544922 0.492188 0.144531 0.140625
0 0.697266 0.513672 0.144531 0.128906
0 0.775391 0.585938 0.308594 0.078125
0 0.244141 0.718750 0.105469 0.031250
0 0.554688 0.822266 0.039062 0.066406
0 0.042969 0.566406 0.062500 0.039062
0 0.191406 0.466797 0.156250 0.066406
0 0.884766 0.595703 0.214844 0.199219
0 0.763672 0.630859 0.160156 0.097656
0 0.953125 0.712891 0.093750 0.160156
0 0.888672 0.527344 0.113281 0.101562
0 0.458984 0.519531 0.121094 0.062500
0 0.921875 0.763672 0.101562 0.042969
0 0.958984 0.880859 0.082031 0.175781
0 0.888672 0.853516 0.105469 0.074219
0 0.447266 0.789062 0.082031 0.062500
0 0.029297 0.597656 0.050781 0.046875
0 0.087891 0.533203 0.050781 0.066406
1 0.156250 0.890625 0.304688 0.218750
1 0.117188 0.367188 0.226562 0.101562
1 0.523438 0.933594 0.398438 0.132812
1 0.255859 0.611328 0.261719 0.167969
0 0.615234 0.582031 0.105469 0.085938
1 0.474609 0.662109 0.152344 0.191406
1 0.060547 0.718750 0.113281 0.140625
0 0.740234 0.759766 0.097656 0.097656
1 0.617188 0.707031 0.125000 0.140625
1 0.650391 0.828125 0.074219 0.093750
1 0.630859 0.142578 0.167969 0.183594
1 0.533203 0.183594 0.105469 0.132812
1 0.832031 0.365234 0.335938 0.183594
1 0.781250 0.869141 0.101562 0.113281
1 0.871094 0.933594 0.070312 0.062500
1 0.818359 0.966797 0.183594 0.066406
0 0.185547 0.718750 0.074219 0.039062
0 0.310547 0.761719 0.089844 0.039062
0 0.187500 0.156250 0.218750 0.054688
