0 0.328125 0.125000 0.250000 0.078125
0 0.500000 0.171875 0.093750 0.093750
0 0.398438 0.199219 0.101562 0.054688
0 0.232422 0.013672 0.050781 0.019531
0 0.187500 0.060547 0.031250 0.027344
0 0.478516 0.433594 0.128906 0.125000
0 0.578125 0.419922 0.078125 0.097656
0 0.384766 0.451172 0.050781 0.128906
0 0.328125 0.464844 0.062500 0.085938
0 0.685547 0.416016 0.128906 0.074219
0 0.417969 0.640625 0.078125 0.062500
0 0.513672 0.632812 0.121094 0.054688
0 0.376953 0.677734 0.082031 0.074219
0 0.312500 0.687500 0.031250 0.031250
0 0.466797 0.468750 0.136719 0.093750
0 0.669922 0.087891 0.058594 0.042969
0 0.154297 0.203125 0.144531 0.062500
1 0.873047 0.292969 0.222656 0.570312
1 0.792969 0.623047 0.414062 0.292969
1 0.642578 0.859375 0.699219 0.281250
0 0.048828 0.808594 0.089844 0.093750
1 0.148438 0.509766 0.289062 0.480469
1 0.591797 0.285156 0.332031 0.125000
