0 0.421875 0.265625 0.093750 0.062500
0 0.359375 0.357422 0.046875 0.136719
0 0.498047 0.482422 0.191406 0.214844
0 0.435547 0.220703 0.058594 0.058594
0 0.589844 0.535156 0.125000 0.195312
0 0.671875 0.648438 0.078125 0.179688
0 0.730469 0.720703 0.070312 0.160156
0 0.558594 0.658203 0.109375 0.136719
0 0.433594 0.503906 0.132812 0.156250
1 0.326172 0.796875 0.128906 0.406250
0 0.441406 0.562500 0.109375 0.125000
1 0.441406 0.814453 0.093750 0.371094
1 0.578125 0.861328 0.156250 0.246094
1 0.775391 0.931641 0.230469 0.136719
0 0.703125 0.796875 0.093750 0.109375
1 0.816406 0.775391 0.093750 0.175781
0 0.517578 0.341797 0.050781 0.097656
0 0.714844 0.621094 0.046875 0.046875
