0 0.761719 0.429688 0.312500 0.468750
0 0.943359 0.291016 0.097656 0.144531
0 0.927734 0.505859 0.144531 0.285156
0 0.500000 0.417969 0.218750 0.453125
0 0.218750 0.283203 0.078125 0.214844
0 0.322266 0.263672 0.128906 0.144531
0 0.400391 0.498047 0.121094 0.324219
0 0.312500 0.445312 0.109375 0.078125
0 0.050781 0.246094 0.093750 0.195312
0 0.140625 0.279297 0.078125 0.191406
0 0.230469 0.421875 0.070312 0.093750
0 0.351562 0.921875 0.320312 0.156250
0 0.621094 0.929688 0.265625 0.140625
0 0.818359 0.949219 0.152344 0.101562
0 0.929688 0.958984 0.140625 0.066406
0 0.097656 0.931641 0.187500 0.136719
1 0.099609 0.541016 0.167969 0.332031
1 0.261719 0.666016 0.148438 0.347656
1 0.501953 0.751953 0.339844 0.175781
1 0.833984 0.767578 0.332031 0.191406
1 0.091797 0.759766 0.175781 0.183594
