0 0.634766 0.449219 0.269531 0.164062
0 0.427734 0.435547 0.230469 0.105469
0 0.267578 0.412109 0.144531 0.066406
0 0.789062 0.482422 0.078125 0.097656
0 0.580078 0.306641 0.285156 0.066406
0 0.529297 0.611328 0.152344 0.089844
0 0.716797 0.601562 0.230469 0.054688
0 0.646484 0.720703 0.160156 0.082031
0 0.796875 0.716797 0.226562 0.058594
0 0.552734 0.113281 0.105469 0.078125
0 0.462891 0.138672 0.121094 0.042969
0 0.894531 0.283203 0.210938 0.121094
1 0.925781 0.455078 0.148438 0.230469
0 0.896484 0.867188 0.207031 0.093750
1 0.451172 0.761719 0.207031 0.171875
1 0.375000 0.605469 0.164062 0.171875
1 0.871094 0.115234 0.257812 0.214844
1 0.873047 0.787109 0.246094 0.066406
1 0.666016 0.859375 0.214844 0.195312
1 0.873047 0.958984 0.207031 0.082031
