0 0.808594 0.464844 0.140625 0.117188
0 0.587891 0.718750 0.097656 0.218750
0 0.869141 0.472656 0.152344 0.117188
0 0.945312 0.503906 0.093750 0.093750
0 0.234375 0.835938 0.312500 0.328125
0 0.228516 0.601562 0.285156 0.140625
0 0.492188 0.302734 0.132812 0.144531
0 0.064453 0.845703 0.121094 0.308594
0 0.365234 0.738281 0.175781 0.132812
0 0.371094 0.894531 0.117188 0.203125
0 0.697266 0.611328 0.121094 0.199219
0 0.197266 0.505859 0.074219 0.167969
0 0.326172 0.292969 0.128906 0.132812
1 0.347656 0.464844 0.210938 0.125000
1 0.845703 0.681641 0.160156 0.261719
1 0.820312 0.912109 0.343750 0.167969
1 0.544922 0.906250 0.214844 0.156250
1 0.730469 0.808594 0.171875 0.179688
1 0.544922 0.492188 0.160156 0.210938
1 0.634766 0.349609 0.128906 0.277344
1 0.794922 0.324219 0.167969 0.156250
1 0.128906 0.306641 0.250000 0.207031
1 0.078125 0.470703 0.148438 0.121094
