0 0.392578 0.550781 0.167969 0.210938
0 0.500000 0.509766 0.125000 0.175781
0 0.513672 0.351562 0.160156 0.132812
0 0.617188 0.441406 0.109375 0.148438
0 0.417969 0.578125 0.140625 0.093750
0 0.580078 0.537109 0.058594 0.089844
0 0.302734 0.158203 0.144531 0.058594
0 0.716797 0.373047 0.089844 0.058594
1 0.636719 0.322266 0.085938 0.097656
0 0.304688 0.484375 0.117188 0.070312
1 0.787109 0.496094 0.230469 0.171875
1 0.736328 0.623047 0.246094 0.199219
1 0.591797 0.699219 0.207031 0.203125
1 0.177734 0.615234 0.261719 0.175781
0 0.453125 0.373047 0.101562 0.167969
1 0.292969 0.361328 0.226562 0.152344
1 0.148438 0.484375 0.187500 0.125000
1 0.482422 0.177734 0.207031 0.199219
1 0.685547 0.154297 0.207031 0.238281
1 0.117188 0.123047 0.218750 0.230469
1 0.306641 0.066406 0.152344 0.125000
1 0.308594 0.259766 0.156250 0.128906
1 0.744141 0.292969 0.128906 0.093750
1 0.843750 0.371094 0.140625 0.140625
1 0.402344 0.773438 0.203125 0.226562
