0 0.343750 0.437500 0.062500 0.343750
0 0.330078 0.486328 0.121094 0.269531
0 0.482422 0.621094 0.207031 0.203125
0 0.634766 0.687500 0.097656 0.250000
0 0.369141 0.470703 0.113281 0.097656
0 0.544922 0.500000 0.066406 0.031250
0 0.326172 0.652344 0.105469 0.109375
0 0.921875 0.742188 0.062500 0.226562
0 0.953125 0.798828 0.093750 0.285156
0 0.839844 0.923828 0.101562 0.144531
0 0.972656 0.968750 0.031250 0.046875
0 0.806641 0.027344 0.144531 0.046875
0 0.832031 0.082031 0.117188 0.156250
0 0.593750 0.017578 0.109375 0.027344
0 0.343750 0.283203 0.046875 0.097656
0 0.712891 0.703125 0.089844 0.187500
1 0.265625 0.859375 0.171875 0.281250
1 0.904297 0.375000 0.191406 0.398438
0 0.923828 0.085938 0.082031 0.093750
