0 0.591797 0.244141 0.167969 0.074219
0 0.662109 0.246094 0.089844 0.054688
0 0.498047 0.248047 0.105469 0.082031
0 0.437500 0.384766 0.156250 0.167969
0 0.359375 0.523438 0.171875 0.171875
0 0.250000 0.607422 0.140625 0.152344
0 0.183594 0.703125 0.117188 0.109375
1 0.746094 0.097656 0.492188 0.187500
1 0.814453 0.326172 0.191406 0.324219
1 0.621094 0.375000 0.203125 0.156250
1 0.634766 0.554688 0.371094 0.210938
1 0.513672 0.773438 0.378906 0.320312
1 0.312500 0.796875 0.156250 0.218750
1 0.279297 0.365234 0.152344 0.128906
1 0.324219 0.187500 0.226562 0.203125
1 0.470703 0.130859 0.089844 0.128906
1 0.156250 0.373047 0.234375 0.316406
1 0.087891 0.441406 0.167969 0.390625
1 0.062500 0.751953 0.117188 0.214844
1 0.197266 0.888672 0.386719 0.222656
