0 0.250000 0.687500 0.406250 0.343750
0 0.500000 0.718750 0.093750 0.328125
0 0.587891 0.732422 0.082031 0.308594
0 0.669922 0.759766 0.082031 0.246094
0 0.750000 0.781250 0.062500 0.203125
0 0.812500 0.812500 0.062500 0.140625
0 0.279297 0.845703 0.253906 0.097656
0 0.429688 0.859375 0.062500 0.093750
0 0.119141 0.529297 0.230469 0.089844
0 0.072266 0.683594 0.121094 0.304688
1 0.496094 0.406250 0.351562 0.125000
1 0.781250 0.429688 0.234375 0.203125
0 0.875000 0.826172 0.093750 0.105469
1 0.162109 0.376953 0.316406 0.191406
1 0.468750 0.261719 0.328125 0.171875
1 0.814453 0.251953 0.363281 0.160156
1 0.947266 0.462891 0.105469 0.246094
