0 0.394531 0.427734 0.078125 0.175781
0 0.750000 0.720703 0.140625 0.152344
0 0.296875 0.501953 0.171875 0.082031
0 0.421875 0.644531 0.164062 0.101562
0 0.070312 0.052734 0.132812 0.097656
0 0.177734 0.117188 0.074219 0.117188
0 0.507812 0.439453 0.148438 0.152344
0 0.318359 0.353516 0.105469 0.105469
0 0.039062 0.490234 0.070312 0.113281
0 0.222656 0.492188 0.093750 0.070312
0 0.857422 0.794922 0.144531 0.167969
0 0.923828 0.925781 0.144531 0.148438
1 0.806641 0.230469 0.386719 0.453125
1 0.878906 0.531250 0.242188 0.242188
0 0.591797 0.482422 0.082031 0.082031
1 0.587891 0.707031 0.144531 0.359375
1 0.441406 0.146484 0.421875 0.285156
1 0.666016 0.335938 0.167969 0.203125
1 0.515625 0.263672 0.171875 0.191406
1 0.121094 0.312500 0.234375 0.257812
1 0.287109 0.853516 0.566406 0.292969
1 0.128906 0.601562 0.093750 0.304688
1 0.251953 0.673828 0.167969 0.230469
1 0.070312 0.667969 0.125000 0.226562
