0 0.314453 0.593750 0.128906 0.171875
0 0.402344 0.609375 0.070312 0.140625
0 0.484375 0.625000 0.093750 0.125000
0 0.593750 0.656250 0.109375 0.109375
0 0.697266 0.687500 0.089844 0.125000
0 0.751953 0.710938 0.089844 0.156250
0 0.857422 0.707031 0.152344 0.132812
0 0.218750 0.626953 0.093750 0.066406
1 0.085938 0.734375 0.148438 0.296875
1 0.343750 0.777344 0.390625 0.164062
1 0.500000 0.494141 0.125000 0.136719
1 0.593750 0.529297 0.125000 0.136719
1 0.765625 0.578125 0.218750 0.062500
1 0.931641 0.593750 0.128906 0.078125
1 0.968750 0.689453 0.062500 0.128906
1 0.343750 0.453125 0.234375 0.109375
1 0.130859 0.519531 0.222656 0.125000
1 0.578125 0.783203 0.109375 0.128906
1 0.150391 0.439453 0.230469 0.128906
