0 0.501953 0.406250 0.089844 0.015625
0 0.529297 0.439453 0.035156 0.035156
0 0.572266 0.470703 0.042969 0.066406
0 0.599609 0.486328 0.042969 0.066406
0 0.656250 0.490234 0.070312 0.066406
0 0.843750 0.517578 0.062500 0.082031
0 0.910156 0.529297 0.070312 0.113281
0 0.970703 0.531250 0.050781 0.109375
0 0.794922 0.503906 0.035156 0.039062
0 0.382812 0.857422 0.062500 0.042969
0 0.437500 0.859375 0.031250 0.031250
0 0.466797 0.839844 0.027344 0.031250
1 0.857422 0.406250 0.285156 0.132812
1 0.341797 0.617188 0.246094 0.406250
1 0.619141 0.667969 0.292969 0.281250
1 0.658203 0.390625 0.175781 0.078125
1 0.171875 0.699219 0.335938 0.453125
1 0.884766 0.787109 0.230469 0.363281
1 0.669922 0.884766 0.355469 0.230469
1 0.425781 0.943359 0.179688 0.113281
0 0.189453 0.958984 0.105469 0.058594
