0 0.828125 0.373047 0.140625 0.253906
0 0.718750 0.544922 0.125000 0.472656
0 0.814453 0.562500 0.066406 0.140625
0 0.607422 0.687500 0.121094 0.500000
0 0.898438 0.230469 0.093750 0.039062
0 0.900391 0.353516 0.105469 0.207031
0 0.482422 0.714844 0.128906 0.320312
0 0.373047 0.761719 0.082031 0.242188
0 0.480469 0.906250 0.132812 0.046875
0 0.718750 0.791016 0.125000 0.152344
0 0.765625 0.634766 0.140625 0.082031
0 0.431641 0.654297 0.144531 0.105469
0 0.556641 0.587891 0.105469 0.144531
0 0.669922 0.439453 0.136719 0.167969
0 0.750000 0.316406 0.078125 0.101562
0 0.640625 0.875000 0.156250 0.125000
0 0.150391 0.142578 0.167969 0.167969
0 0.263672 0.093750 0.089844 0.109375
0 0.048828 0.167969 0.089844 0.203125
0 0.119141 0.216797 0.089844 0.082031
0 0.611328 0.955078 0.191406 0.089844
1 0.265625 0.437500 0.437500 0.187500
1 0.167969 0.652344 0.195312 0.273438
0 0.328125 0.753906 0.093750 0.171875
0 0.839844 0.517578 0.093750 0.121094
0 0.765625 0.703125 0.093750 0.125000
1 0.953125 0.689453 0.093750 0.449219
1 0.900391 0.753906 0.097656 0.328125
1 0.828125 0.867188 0.078125 0.179688
1 0.980469 0.431641 0.039062 0.183594
0 0.281250 0.048828 0.109375 0.082031
0 0.222656 0.136719 0.078125 0.093750
1 0.687500 0.121094 0.281250 0.218750
1 0.484375 0.296875 0.187500 0.265625
1 0.453125 0.417969 0.140625 0.171875
1 0.566406 0.220703 0.148438 0.183594
0 0.669922 0.378906 0.105469 0.109375
1 0.906250 0.105469 0.156250 0.203125
1 0.345703 0.312500 0.214844 0.234375
1 0.447266 0.107422 0.207031 0.207031
1 0.185547 0.335938 0.183594 0.140625
1 0.126953 0.484375 0.246094 0.421875
1 0.205078 0.861328 0.128906 0.128906
0 0.406250 0.894531 0.101562 0.070312
1 0.777344 0.943359 0.085938 0.113281
