0 0.544922 0.515625 0.097656 0.062500
0 0.279297 0.578125 0.097656 0.062500
0 0.359375 0.599609 0.062500 0.082031
0 0.394531 0.613281 0.070312 0.054688
0 0.748047 0.458984 0.152344 0.035156
0 0.548828 0.480469 0.066406 0.054688
0 0.242188 0.587891 0.078125 0.058594
0 0.472656 0.556641 0.046875 0.058594
0 0.644531 0.484375 0.093750 0.023438
1 0.378906 0.486328 0.132812 0.128906
1 0.257812 0.652344 0.101562 0.062500
1 0.886719 0.443359 0.117188 0.097656
1 0.273438 0.511719 0.140625 0.062500
1 0.152344 0.583984 0.093750 0.136719
