0 0.484375 0.408203 0.140625 0.238281
0 0.609375 0.378906 0.125000 0.195312
0 0.712891 0.351562 0.074219 0.156250
0 0.408203 0.503906 0.136719 0.171875
0 0.375000 0.324219 0.078125 0.031250
0 0.320312 0.558594 0.101562 0.109375
0 0.242188 0.595703 0.078125 0.097656
0 0.361328 0.513672 0.097656 0.089844
1 0.482422 0.140625 0.800781 0.265625
1 0.154297 0.750000 0.113281 0.195312
1 0.125000 0.878906 0.187500 0.234375
1 0.832031 0.296875 0.125000 0.078125
0 0.296875 0.326172 0.085938 0.042969
1 0.613281 0.505859 0.101562 0.058594
1 0.515625 0.566406 0.070312 0.078125
1 0.712891 0.468750 0.074219 0.054688
1 0.234375 0.931641 0.085938 0.136719
