0 0.498047 0.468750 0.222656 0.093750
0 0.347656 0.558594 0.078125 0.117188
0 0.175781 0.724609 0.171875 0.332031
0 0.150391 0.761719 0.292969 0.289062
0 0.275391 0.283203 0.152344 0.089844
0 0.050781 0.494141 0.093750 0.238281
0 0.224609 0.572266 0.160156 0.167969
0 0.330078 0.343750 0.074219 0.117188
1 0.169922 0.291016 0.089844 0.128906
0 0.357422 0.453125 0.191406 0.156250
0 0.449219 0.533203 0.109375 0.113281
0 0.601562 0.458984 0.117188 0.113281
1 0.755859 0.765625 0.464844 0.468750
1 0.552734 0.796875 0.308594 0.406250
1 0.441406 0.812500 0.265625 0.375000
0 0.123047 0.941406 0.238281 0.117188
1 0.712891 0.214844 0.292969 0.140625
1 0.441406 0.277344 0.148438 0.179688
1 0.630859 0.322266 0.261719 0.144531
1 0.767578 0.392578 0.136719 0.152344
1 0.068359 0.224609 0.128906 0.277344
1 0.246094 0.156250 0.210938 0.140625
