0 0.406250 0.378906 0.117188 0.117188
0 0.511719 0.429688 0.132812 0.109375
1 0.816406 0.632812 0.367188 0.695312
1 0.507812 0.201172 0.898438 0.167969
1 0.261719 0.064453 0.328125 0.121094
1 0.554688 0.074219 0.250000 0.085938
1 0.753906 0.091797 0.140625 0.050781
1 0.144531 0.654297 0.250000 0.691406
1 0.449219 0.603516 0.335938 0.230469
1 0.451172 0.941406 0.371094 0.093750
1 0.564453 0.812500 0.136719 0.179688
0 0.380859 0.824219 0.167969 0.109375
0 0.369141 0.781250 0.082031 0.078125
1 0.332031 0.458984 0.109375 0.097656
1 0.292969 0.359375 0.101562 0.148438
1 0.488281 0.298828 0.328125 0.042969
1 0.548828 0.351562 0.175781 0.054688
1 0.609375 0.435547 0.062500 0.105469
