0 0.419922 0.433594 0.214844 0.179688
0 0.566406 0.470703 0.148438 0.222656
0 0.679688 0.503906 0.085938 0.218750
0 0.306641 0.355469 0.121094 0.140625
0 0.392578 0.501953 0.152344 0.066406
0 0.462891 0.523438 0.128906 0.085938
0 0.736328 0.542969 0.066406 0.171875
0 0.935547 0.775391 0.128906 0.105469
0 0.228516 0.312500 0.082031 0.046875
0 0.078125 0.128906 0.148438 0.109375
0 0.798828 0.605469 0.082031 0.117188
0 0.060547 0.906250 0.113281 0.171875
1 0.328125 0.828125 0.296875 0.343750
1 0.125000 0.542969 0.218750 0.273438
1 0.843750 0.763672 0.062500 0.066406
1 0.828125 0.367188 0.226562 0.179688
1 0.697266 0.322266 0.105469 0.136719
1 0.609375 0.302734 0.164062 0.105469
0 0.410156 0.353516 0.117188 0.089844
1 0.472656 0.253906 0.148438 0.101562
1 0.287109 0.205078 0.230469 0.144531
0 0.367188 0.523438 0.070312 0.070312
