0 0.451172 0.429688 0.316406 0.179688
0 0.214844 0.453125 0.218750 0.203125
0 0.056641 0.447266 0.105469 0.183594
0 0.500000 0.640625 0.218750 0.218750
0 0.341797 0.578125 0.105469 0.109375
0 0.234375 0.732422 0.093750 0.214844
0 0.312500 0.734375 0.046875 0.187500
0 0.384766 0.765625 0.191406 0.078125
0 0.685547 0.683594 0.152344 0.140625
0 0.593750 0.388672 0.093750 0.074219
0 0.095703 0.775391 0.183594 0.238281
0 0.812500 0.687500 0.109375 0.125000
0 0.935547 0.699219 0.121094 0.109375
0 0.937500 0.234375 0.109375 0.109375
0 0.390625 0.050781 0.257812 0.093750
0 0.136719 0.062500 0.250000 0.109375
0 0.123047 0.341797 0.191406 0.113281
1 0.751953 0.554688 0.199219 0.109375
1 0.089844 0.595703 0.164062 0.097656
1 0.498047 0.234375 0.160156 0.125000
