0 0.593750 0.460938 0.312500 0.476562
0 0.312500 0.496094 0.250000 0.195312
0 0.343750 0.640625 0.171875 0.125000
0 0.339844 0.341797 0.195312 0.097656
0 0.781250 0.578125 0.078125 0.312500
0 0.529297 0.734375 0.183594 0.093750
0 0.462891 0.765625 0.113281 0.156250
0 0.419922 0.078125 0.167969 0.140625
1 0.619141 0.093750 0.207031 0.171875
1 0.093750 0.527344 0.156250 0.476562
1 0.181641 0.160156 0.261719 0.218750
1 0.740234 0.833984 0.222656 0.175781
1 0.609375 0.867188 0.171875 0.140625
1 0.269531 0.771484 0.226562 0.121094
1 0.128906 0.746094 0.226562 0.125000
1 0.175781 0.669922 0.156250 0.144531
1 0.156250 0.308594 0.156250 0.156250
0 0.755859 0.335938 0.113281 0.218750
0 0.687500 0.634766 0.171875 0.207031
