0 0.312500 0.498047 0.234375 0.121094
0 0.527344 0.484375 0.179688 0.218750
0 0.632812 0.464844 0.031250 0.257812
0 0.695312 0.402344 0.085938 0.179688
0 0.542969 0.357422 0.148438 0.035156
0 0.445312 0.417969 0.140625 0.085938
0 0.378906 0.462891 0.132812 0.121094
0 0.595703 0.558594 0.199219 0.125000
0 0.423828 0.550781 0.160156 0.125000
0 0.507812 0.798828 0.156250 0.105469
0 0.832031 0.164062 0.218750 0.117188
1 0.457031 0.246094 0.304688 0.164062
0 0.316406 0.542969 0.140625 0.101562
0 0.216797 0.505859 0.128906 0.113281
1 0.365234 0.806641 0.121094 0.175781
1 0.705078 0.816406 0.230469 0.304688
1 0.152344 0.750000 0.265625 0.304688
1 0.152344 0.263672 0.164062 0.160156
1 0.080078 0.472656 0.128906 0.242188
