0 0.468750 0.593750 0.078125 0.125000
0 0.566406 0.556641 0.109375 0.097656
0 0.558594 0.626953 0.132812 0.050781
0 0.673828 0.529297 0.105469 0.089844
0 0.785156 0.511719 0.125000 0.125000
0 0.666016 0.591797 0.074219 0.035156
0 0.712891 0.505859 0.066406 0.089844
0 0.605469 0.531250 0.070312 0.078125
0 0.410156 0.597656 0.039062 0.054688
0 0.509766 0.552734 0.074219 0.082031
0 0.843750 0.507812 0.078125 0.093750
1 0.775391 0.615234 0.105469 0.042969
0 0.638672 0.613281 0.066406 0.062500
1 0.707031 0.638672 0.054688 0.050781
1 0.505859 0.708984 0.074219 0.074219
1 0.585938 0.681641 0.070312 0.042969
