0 0.503906 0.605469 0.070312 0.148438
0 0.628906 0.560547 0.195312 0.058594
0 0.378906 0.587891 0.125000 0.074219
0 0.259766 0.574219 0.121094 0.039062
0 0.121094 0.570312 0.156250 0.039062
0 0.580078 0.626953 0.089844 0.074219
0 0.724609 0.564453 0.144531 0.058594
0 0.773438 0.962891 0.117188 0.066406
0 0.843750 0.939453 0.031250 0.058594
0 0.855469 0.923828 0.109375 0.035156
0 0.685547 0.970703 0.058594 0.050781
0 0.433594 0.595703 0.093750 0.050781
0 0.599609 0.921875 0.121094 0.070312
0 0.636719 0.625000 0.156250 0.054688
0 0.638672 0.980469 0.058594 0.031250
1 0.162109 0.671875 0.300781 0.148438
1 0.386719 0.687500 0.156250 0.125000
