0 0.396484 0.564453 0.183594 0.269531
0 0.539062 0.500000 0.171875 0.140625
0 0.671875 0.574219 0.093750 0.203125
0 0.751953 0.621094 0.097656 0.242188
0 0.830078 0.660156 0.089844 0.265625
0 0.857422 0.673828 0.097656 0.183594
0 0.626953 0.343750 0.222656 0.109375
0 0.214844 0.642578 0.203125 0.121094
0 0.339844 0.558594 0.218750 0.039062
0 0.033203 0.671875 0.058594 0.125000
0 0.328125 0.966797 0.328125 0.066406
0 0.531250 0.964844 0.140625 0.070312
0 0.687500 0.970703 0.171875 0.050781
0 0.330078 0.951172 0.191406 0.097656
1 0.386719 0.798828 0.468750 0.175781
1 0.951172 0.796875 0.082031 0.406250
1 0.761719 0.906250 0.320312 0.078125
1 0.669922 0.791016 0.097656 0.160156
1 0.546875 0.669922 0.109375 0.191406
