0 0.494141 0.587891 0.339844 0.339844
0 0.167969 0.687500 0.320312 0.218750
0 0.744141 0.685547 0.152344 0.347656
0 0.496094 0.843750 0.320312 0.218750
0 0.904297 0.765625 0.152344 0.296875
0 0.263672 0.525391 0.113281 0.121094
0 0.250000 0.857422 0.203125 0.128906
0 0.742188 0.906250 0.164062 0.093750
0 0.169922 0.544922 0.074219 0.066406
0 0.421875 0.423828 0.296875 0.105469
0 0.152344 0.531250 0.210938 0.078125
0 0.091797 0.826172 0.152344 0.066406
0 0.275391 0.449219 0.097656 0.062500
0 0.669922 0.484375 0.089844 0.093750
0 0.593750 0.437500 0.093750 0.093750
0 0.828125 0.625000 0.078125 0.125000
1 0.806641 0.314453 0.253906 0.191406
1 0.109375 0.398438 0.187500 0.117188
1 0.392578 0.265625 0.621094 0.179688
