0 0.492188 0.468750 0.070312 0.093750
0 0.464844 0.533203 0.101562 0.121094
0 0.609375 0.308594 0.078125 0.156250
0 0.554688 0.359375 0.039062 0.109375
0 0.533203 0.156250 0.082031 0.078125
0 0.687500 0.468750 0.062500 0.156250
0 0.554688 0.734375 0.101562 0.250000
0 0.951172 0.236328 0.097656 0.175781
1 0.421875 0.734375 0.140625 0.265625
0 0.451172 0.277344 0.097656 0.218750
1 0.812500 0.388672 0.171875 0.253906
1 0.595703 0.500000 0.128906 0.171875
1 0.742188 0.816406 0.132812 0.304688
0 0.589844 0.554688 0.125000 0.085938
