0 0.548828 0.466797 0.324219 0.378906
0 0.767578 0.576172 0.097656 0.480469
0 0.775391 0.646484 0.167969 0.527344
0 0.906250 0.751953 0.078125 0.480469
0 0.970703 0.751953 0.050781 0.402344
0 0.837891 0.490234 0.128906 0.066406
0 0.496094 0.812500 0.421875 0.296875
0 0.314453 0.484375 0.128906 0.359375
0 0.494141 0.240234 0.230469 0.175781
0 0.595703 0.205078 0.050781 0.113281
0 0.640625 0.234375 0.031250 0.078125
0 0.679688 0.253906 0.031250 0.062500
0 0.501953 0.093750 0.097656 0.046875
0 0.435547 0.097656 0.050781 0.046875
0 0.375000 0.214844 0.062500 0.132812
0 0.310547 0.242188 0.058594 0.132812
0 0.369141 0.298828 0.050781 0.035156
0 0.251953 0.285156 0.113281 0.101562
0 0.259766 0.470703 0.136719 0.269531
0 0.259766 0.044922 0.191406 0.082031
0 0.392578 0.031250 0.066406 0.054688
0 0.027344 0.267578 0.046875 0.105469
0 0.277344 0.798828 0.093750 0.402344
0 0.466797 0.980469 0.363281 0.023438
0 0.773438 0.908203 0.109375 0.175781
0 0.843750 0.953125 0.031250 0.093750
0 0.740234 0.894531 0.175781 0.203125
