0 0.859375 0.281250 0.140625 0.062500
0 0.984375 0.314453 0.031250 0.089844
0 0.189453 0.343750 0.152344 0.125000
0 0.294922 0.328125 0.089844 0.140625
0 0.406250 0.283203 0.125000 0.089844
0 0.060547 0.353516 0.113281 0.113281
0 0.781250 0.294922 0.078125 0.050781
0 0.232422 0.304688 0.113281 0.078125
0 0.525391 0.263672 0.128906 0.050781
0 0.955078 0.298828 0.042969 0.074219
0 0.783203 0.343750 0.152344 0.046875
0 0.853516 0.765625 0.136719 0.062500
0 0.466797 0.509766 0.308594 0.175781
0 0.531250 0.451172 0.265625 0.136719
0 0.281250 0.523438 0.218750 0.140625
0 0.152344 0.544922 0.140625 0.097656
1 0.837891 0.554688 0.316406 0.343750
1 0.492188 0.705078 0.343750 0.214844
1 0.193359 0.794922 0.378906 0.386719
1 0.623047 0.886719 0.183594 0.226562
0 0.451172 0.886719 0.128906 0.117188
0 0.759766 0.792969 0.082031 0.039062
1 0.220703 0.119141 0.183594 0.058594
0 0.796875 0.216797 0.078125 0.066406
0 0.718750 0.246094 0.109375 0.039062
1 0.648438 0.324219 0.109375 0.117188
1 0.892578 0.359375 0.058594 0.078125
1 0.546875 0.341797 0.164062 0.089844
1 0.416016 0.359375 0.136719 0.046875
0 0.048828 0.554688 0.089844 0.093750
1 0.962891 0.867188 0.066406 0.265625
0 0.837891 0.908203 0.238281 0.175781
1 0.095703 0.218750 0.167969 0.125000
