0 0.750000 0.572266 0.093750 0.238281
0 0.830078 0.597656 0.058594 0.156250
0 0.912109 0.630859 0.175781 0.160156
0 0.968750 0.748047 0.062500 0.144531
0 0.607422 0.501953 0.175781 0.222656
0 0.435547 0.515625 0.160156 0.132812
0 0.312500 0.576172 0.078125 0.246094
0 0.382812 0.619141 0.093750 0.097656
0 0.277344 0.607422 0.109375 0.144531
0 0.646484 0.142578 0.238281 0.089844
0 0.476562 0.144531 0.117188 0.117188
0 0.642578 0.656250 0.160156 0.117188
0 0.486328 0.435547 0.082031 0.058594
0 0.167969 0.792969 0.132812 0.109375
0 0.710938 0.056641 0.132812 0.105469
1 0.539062 0.283203 0.179688 0.144531
0 0.320312 0.316406 0.101562 0.101562
0 0.916016 0.218750 0.074219 0.070312
1 0.750000 0.285156 0.242188 0.195312
1 0.599609 0.873047 0.652344 0.253906
1 0.494141 0.718750 0.121094 0.218750
0 0.109375 0.957031 0.171875 0.085938
