0 0.431641 0.732422 0.269531 0.214844
0 0.566406 0.716797 0.109375 0.175781
0 0.302734 0.744141 0.160156 0.183594
0 0.234375 0.761719 0.140625 0.101562
0 0.449219 0.642578 0.117188 0.097656
0 0.666016 0.472656 0.128906 0.039062
0 0.753906 0.529297 0.179688 0.058594
0 0.783203 0.503906 0.105469 0.046875
0 0.681641 0.468750 0.089844 0.062500
0 0.789062 0.562500 0.101562 0.054688
0 0.783203 0.656250 0.121094 0.070312
0 0.322266 0.843750 0.160156 0.062500
0 0.654297 0.750000 0.113281 0.078125
1 0.855469 0.845703 0.281250 0.308594
1 0.236328 0.369141 0.457031 0.410156
1 0.689453 0.101562 0.621094 0.195312
1 0.083984 0.781250 0.152344 0.414062
1 0.583984 0.921875 0.339844 0.156250
1 0.662109 0.316406 0.386719 0.218750
0 0.847656 0.537109 0.070312 0.058594
1 0.535156 0.505859 0.125000 0.160156
1 0.197266 0.105469 0.386719 0.187500
