0 0.197266 0.375000 0.136719 0.359375
0 0.361328 0.412109 0.183594 0.355469
0 0.085938 0.449219 0.125000 0.210938
0 0.535156 0.468750 0.187500 0.312500
0 0.652344 0.523438 0.242188 0.328125
0 0.460938 0.650391 0.351562 0.167969
0 0.750000 0.740234 0.226562 0.144531
0 0.769531 0.562500 0.148438 0.234375
0 0.306641 0.222656 0.121094 0.054688
1 0.902344 0.318359 0.195312 0.246094
1 0.369141 0.142578 0.238281 0.089844
0 0.207031 0.578125 0.179688 0.070312
0 0.582031 0.767578 0.210938 0.113281
1 0.142578 0.804688 0.261719 0.367188
1 0.371094 0.863281 0.187500 0.234375
1 0.070312 0.267578 0.132812 0.152344
1 0.662109 0.224609 0.308594 0.152344
0 0.462891 0.314453 0.089844 0.105469
