0 0.720703 0.609375 0.097656 0.187500
0 0.818359 0.562500 0.097656 0.125000
0 0.812500 0.513672 0.054688 0.089844
0 0.791016 0.634766 0.128906 0.074219
0 0.625000 0.636719 0.093750 0.195312
0 0.533203 0.654297 0.082031 0.167969
0 0.443359 0.703125 0.097656 0.125000
0 0.503906 0.644531 0.101562 0.078125
0 0.058594 0.681641 0.109375 0.144531
0 0.121094 0.648438 0.054688 0.070312
0 0.265625 0.792969 0.265625 0.078125
0 0.369141 0.714844 0.121094 0.054688
0 0.263672 0.757812 0.167969 0.132812
0 0.218750 0.525391 0.046875 0.027344
0 0.066406 0.818359 0.117188 0.113281
0 0.416016 0.779297 0.136719 0.097656
0 0.660156 0.556641 0.054688 0.074219
0 0.138672 0.775391 0.066406 0.128906
1 0.156250 0.308594 0.148438 0.109375
1 0.597656 0.332031 0.085938 0.140625
1 0.759766 0.384766 0.105469 0.089844
1 0.386719 0.396484 0.156250 0.152344
1 0.500000 0.470703 0.148438 0.191406
1 0.351562 0.550781 0.179688 0.164062
1 0.292969 0.613281 0.203125 0.125000
1 0.162109 0.437500 0.316406 0.132812
1 0.582031 0.796875 0.164062 0.101562
1 0.287109 0.878906 0.261719 0.093750
1 0.919922 0.582031 0.089844 0.179688
1 0.841797 0.705078 0.136719 0.058594
1 0.726562 0.750000 0.109375 0.078125
