0 0.091797 0.529297 0.113281 0.121094
0 0.187500 0.500000 0.078125 0.156250
0 0.251953 0.466797 0.066406 0.152344
0 0.312500 0.431641 0.046875 0.128906
0 0.359375 0.390625 0.046875 0.109375
0 0.398438 0.359375 0.039062 0.078125
0 0.451172 0.339844 0.074219 0.039062
0 0.544922 0.312500 0.121094 0.046875
0 0.619141 0.326172 0.027344 0.042969
0 0.419922 0.353516 0.042969 0.074219
0 0.095703 0.462891 0.074219 0.027344
0 0.291016 0.564453 0.082031 0.058594
1 0.574219 0.593750 0.390625 0.296875
1 0.576172 0.400391 0.191406 0.097656
1 0.732422 0.273438 0.191406 0.164062
1 0.250000 0.669922 0.234375 0.121094
1 0.140625 0.384766 0.156250 0.050781
1 0.056641 0.421875 0.105469 0.031250
1 0.617188 0.250000 0.101562 0.078125
