0 0.328125 0.546875 0.234375 0.140625
0 0.343750 0.484375 0.203125 0.062500
0 0.437500 0.433594 0.203125 0.023438
0 0.498047 0.531250 0.097656 0.171875
0 0.593750 0.482422 0.093750 0.199219
0 0.626953 0.466797 0.152344 0.113281
0 0.500000 0.435547 0.109375 0.089844
0 0.419922 0.437500 0.066406 0.093750
0 0.316406 0.453125 0.046875 0.031250
1 0.890625 0.437500 0.218750 0.328125
1 0.593750 0.251953 0.406250 0.246094
1 0.781250 0.484375 0.140625 0.250000
1 0.109375 0.578125 0.210938 0.234375
1 0.250000 0.308594 0.265625 0.218750
1 0.123047 0.375000 0.230469 0.203125
1 0.718750 0.593750 0.125000 0.125000
0 0.296875 0.117188 0.093750 0.054688
0 0.730469 0.076172 0.109375 0.066406
1 0.447266 0.673828 0.441406 0.097656
1 0.839844 0.669922 0.312500 0.152344
1 0.140625 0.691406 0.265625 0.132812
1 0.603516 0.085938 0.121094 0.164062
1 0.123047 0.185547 0.230469 0.191406
1 0.326172 0.212891 0.207031 0.121094
