0 0.384766 0.503906 0.207031 0.070312
0 0.544922 0.503906 0.089844 0.078125
0 0.619141 0.498047 0.050781 0.066406
0 0.685547 0.484375 0.074219 0.031250
0 0.267578 0.529297 0.144531 0.058594
0 0.175781 0.535156 0.085938 0.046875
0 0.533203 0.558594 0.097656 0.039062
0 0.646484 0.576172 0.074219 0.027344
0 0.753906 0.505859 0.062500 0.058594
1 0.267578 0.908203 0.511719 0.183594
1 0.832031 0.431641 0.187500 0.097656
1 0.875000 0.535156 0.148438 0.109375
0 0.582031 0.451172 0.093750 0.042969
0 0.283203 0.501953 0.105469 0.058594
