0 0.310547 0.126953 0.175781 0.246094
0 0.435547 0.093750 0.066406 0.171875
0 0.515625 0.136719 0.078125 0.195312
0 0.593750 0.199219 0.062500 0.156250
0 0.156250 0.308594 0.093750 0.070312
0 0.296875 0.275391 0.187500 0.089844
0 0.199219 0.054688 0.039062 0.101562
0 0.355469 0.529297 0.140625 0.222656
0 0.214844 0.531250 0.156250 0.140625
0 0.482422 0.546875 0.097656 0.187500
0 0.634766 0.556641 0.191406 0.183594
0 0.361328 0.628906 0.144531 0.085938
0 0.386719 0.388672 0.085938 0.058594
0 0.191406 0.169922 0.101562 0.121094
0 0.468750 0.234375 0.171875 0.109375
1 0.541016 0.406250 0.207031 0.078125
1 0.179688 0.671875 0.203125 0.125000
1 0.076172 0.527344 0.105469 0.140625
1 0.203125 0.412109 0.171875 0.082031
1 0.791016 0.923828 0.292969 0.144531
