0 0.281250 0.203125 0.140625 0.140625
0 0.369141 0.359375 0.316406 0.140625
0 0.345703 0.222656 0.152344 0.132812
0 0.462891 0.289062 0.066406 0.140625
0 0.562500 0.408203 0.156250 0.113281
0 0.468750 0.449219 0.453125 0.164062
0 0.384766 0.556641 0.238281 0.121094
0 0.597656 0.589844 0.312500 0.117188
0 0.761719 0.603516 0.109375 0.128906
0 0.812500 0.648438 0.101562 0.132812
0 0.468750 0.642578 0.328125 0.066406
0 0.650391 0.736328 0.238281 0.175781
0 0.457031 0.716797 0.156250 0.066406
0 0.457031 0.755859 0.132812 0.097656
0 0.876953 0.791016 0.230469 0.167969
0 0.779297 0.888672 0.425781 0.207031
1 0.945312 0.630859 0.109375 0.152344
1 0.843750 0.507812 0.125000 0.085938
1 0.431641 0.914062 0.238281 0.171875
1 0.285156 0.763672 0.101562 0.199219
0 0.718750 0.503906 0.078125 0.078125
1 0.193359 0.550781 0.082031 0.234375
1 0.169922 0.351562 0.074219 0.265625
1 0.171875 0.179688 0.062500 0.125000
