0 0.101562 0.417969 0.195312 0.093750
0 0.263672 0.339844 0.144531 0.085938
0 0.210938 0.386719 0.132812 0.101562
0 0.373047 0.326172 0.066406 0.089844
0 0.302734 0.392578 0.089844 0.066406
0 0.146484 0.466797 0.121094 0.058594
1 0.898438 0.644531 0.156250 0.109375
1 0.255859 0.093750 0.167969 0.148438
1 0.744141 0.394531 0.503906 0.406250
1 0.533203 0.792969 0.558594 0.382812
1 0.904297 0.855469 0.183594 0.289062
1 0.322266 0.751953 0.628906 0.496094
1 0.474609 0.505859 0.253906 0.253906
1 0.550781 0.357422 0.273438 0.371094
1 0.351562 0.531250 0.273438 0.179688
1 0.615234 0.226562 0.378906 0.437500
1 0.904297 0.234375 0.191406 0.351562
1 0.091797 0.158203 0.167969 0.308594
1 0.339844 0.189453 0.320312 0.183594
1 0.406250 0.085938 0.218750 0.140625
