0 0.574219 0.556641 0.078125 0.082031
0 0.640625 0.556641 0.062500 0.089844
0 0.703125 0.554688 0.062500 0.093750
0 0.751953 0.544922 0.027344 0.074219
0 0.781250 0.535156 0.031250 0.062500
0 0.796875 0.527344 0.054688 0.039062
0 0.509766 0.560547 0.042969 0.050781
0 0.480469 0.570312 0.023438 0.031250
0 0.363281 0.873047 0.062500 0.066406
0 0.259766 0.937500 0.097656 0.078125
1 0.306641 0.648438 0.300781 0.179688
1 0.136719 0.703125 0.265625 0.210938
1 0.531250 0.687500 0.281250 0.164062
1 0.433594 0.771484 0.296875 0.121094
1 0.796875 0.472656 0.187500 0.046875
1 0.431641 0.519531 0.089844 0.070312
