0 0.033203 0.498047 0.058594 0.128906
0 0.138672 0.421875 0.144531 0.156250
0 0.064453 0.509766 0.089844 0.066406
0 0.027344 0.605469 0.031250 0.039062
0 0.060547 0.558594 0.066406 0.101562
0 0.126953 0.535156 0.089844 0.085938
0 0.048828 0.810547 0.089844 0.089844
0 0.179688 0.777344 0.054688 0.109375
0 0.232422 0.750000 0.050781 0.093750
0 0.119141 0.767578 0.128906 0.097656
0 0.125000 0.826172 0.046875 0.027344
0 0.617188 0.687500 0.109375 0.062500
0 0.808594 0.656250 0.101562 0.046875
1 0.460938 0.488281 0.492188 0.296875
1 0.773438 0.447266 0.453125 0.371094
1 0.408203 0.816406 0.300781 0.351562
