0 0.671875 0.388672 0.218750 0.089844
0 0.792969 0.375000 0.234375 0.125000
0 0.281250 0.625000 0.265625 0.109375
0 0.343750 0.742188 0.171875 0.132812
0 0.500000 0.607422 0.187500 0.089844
0 0.464844 0.437500 0.203125 0.093750
0 0.449219 0.527344 0.148438 0.078125
0 0.591797 0.687500 0.082031 0.078125
0 0.095703 0.671875 0.183594 0.187500
1 0.812500 0.609375 0.375000 0.343750
1 0.621094 0.890625 0.179688 0.156250
1 0.449219 0.255859 0.226562 0.238281
1 0.958984 0.349609 0.082031 0.074219
1 0.064453 0.367188 0.121094 0.171875
1 0.064453 0.531250 0.121094 0.093750
1 0.234375 0.398438 0.203125 0.320312
1 0.484375 0.734375 0.109375 0.156250
1 0.589844 0.531250 0.109375 0.078125
1 0.667969 0.828125 0.257812 0.187500
1 0.228516 0.748047 0.066406 0.128906
1 0.783203 0.232422 0.433594 0.152344
