0 0.826172 0.574219 0.246094 0.281250
0 0.603516 0.607422 0.191406 0.253906
0 0.449219 0.638672 0.132812 0.214844
0 0.972656 0.650391 0.046875 0.183594
0 0.515625 0.763672 0.195312 0.160156
0 0.468750 0.849609 0.265625 0.074219
0 0.941406 0.906250 0.109375 0.078125
0 0.353516 0.607422 0.128906 0.144531
0 0.435547 0.951172 0.285156 0.097656
1 0.179688 0.619141 0.226562 0.128906
0 0.533203 0.060547 0.160156 0.082031
1 0.755859 0.863281 0.246094 0.242188
0 0.873047 0.347656 0.113281 0.179688
0 0.798828 0.455078 0.152344 0.144531
1 0.419922 0.441406 0.175781 0.171875
1 0.287109 0.750000 0.183594 0.109375
1 0.513672 0.216797 0.332031 0.214844
1 0.304688 0.126953 0.296875 0.222656
1 0.166016 0.265625 0.324219 0.515625
0 0.744141 0.099609 0.128906 0.097656
1 0.720703 0.275391 0.175781 0.230469
1 0.611328 0.396484 0.183594 0.160156
