0 0.505859 0.544922 0.121094 0.050781
0 0.562500 0.484375 0.046875 0.046875
0 0.585938 0.531250 0.093750 0.062500
0 0.654297 0.546875 0.035156 0.031250
0 0.781250 0.531250 0.093750 0.031250
0 0.763672 0.544922 0.121094 0.042969
0 0.660156 0.398438 0.109375 0.039062
0 0.171875 0.500000 0.093750 0.062500
0 0.310547 0.468750 0.113281 0.031250
0 0.406250 0.455078 0.093750 0.035156
0 0.343750 0.500000 0.031250 0.031250
0 0.369141 0.558594 0.042969 0.031250
0 0.181641 0.576172 0.074219 0.042969
0 0.138672 0.593750 0.113281 0.062500
0 0.093750 0.523438 0.046875 0.062500
0 0.054688 0.535156 0.046875 0.031250
0 0.017578 0.544922 0.027344 0.035156
0 0.148438 0.824219 0.281250 0.109375
0 0.384766 0.779297 0.191406 0.183594
0 0.605469 0.779297 0.265625 0.128906
0 0.859375 0.732422 0.265625 0.222656
0 0.671875 0.671875 0.109375 0.078125
0 0.619141 0.673828 0.136719 0.082031
0 0.580078 0.689453 0.128906 0.050781
0 0.373047 0.732422 0.089844 0.128906
0 0.205078 0.781250 0.207031 0.078125
0 0.980469 0.859375 0.031250 0.031250
0 0.935547 0.431641 0.066406 0.042969
0 0.808594 0.460938 0.140625 0.039062
0 0.906250 0.371094 0.125000 0.046875
0 0.826172 0.388672 0.089844 0.058594
