0 0.023438 0.275391 0.039062 0.230469
0 0.041016 0.332031 0.074219 0.093750
0 0.447266 0.546875 0.230469 0.468750
0 0.591797 0.482422 0.058594 0.410156
0 0.648438 0.484375 0.054688 0.359375
0 0.501953 0.328125 0.175781 0.093750
0 0.671875 0.515625 0.078125 0.281250
0 0.718750 0.523438 0.062500 0.203125
0 0.759766 0.511719 0.066406 0.117188
0 0.347656 0.572266 0.125000 0.488281
0 0.251953 0.609375 0.058594 0.359375
0 0.263672 0.660156 0.136719 0.156250
0 0.294922 0.439453 0.097656 0.097656
0 0.416016 0.328125 0.066406 0.078125
0 0.546875 0.697266 0.125000 0.128906
1 0.660156 0.162109 0.250000 0.222656
1 0.765625 0.292969 0.140625 0.148438
1 0.777344 0.376953 0.125000 0.082031
1 0.425781 0.216797 0.242188 0.113281
1 0.234375 0.197266 0.187500 0.246094
1 0.132812 0.216797 0.117188 0.152344
1 0.154297 0.605469 0.074219 0.289062
1 0.527344 0.884766 0.226562 0.199219
1 0.714844 0.759766 0.210938 0.175781
1 0.802734 0.630859 0.097656 0.097656
1 0.265625 0.910156 0.335938 0.164062
1 0.113281 0.855469 0.203125 0.195312
1 0.132812 0.304688 0.085938 0.093750
