0 0.408203 0.779297 0.253906 0.152344
0 0.888672 0.873047 0.113281 0.167969
0 0.226562 0.814453 0.218750 0.214844
0 0.531250 0.560547 0.125000 0.175781
0 0.484375 0.423828 0.218750 0.199219
0 0.492188 0.687500 0.171875 0.148438
0 0.687500 0.597656 0.132812 0.140625
0 0.615234 0.662109 0.136719 0.113281
0 0.847656 0.708984 0.078125 0.089844
1 0.730469 0.367188 0.257812 0.171875
0 0.671875 0.511719 0.132812 0.117188
1 0.693359 0.144531 0.371094 0.273438
1 0.568359 0.929688 0.441406 0.140625
1 0.697266 0.824219 0.207031 0.187500
1 0.878906 0.558594 0.234375 0.210938
1 0.912109 0.322266 0.175781 0.277344
1 0.753906 0.738281 0.109375 0.125000
