0 0.431641 0.664062 0.191406 0.140625
0 0.462891 0.796875 0.074219 0.046875
0 0.503906 0.593750 0.046875 0.062500
0 0.857422 0.566406 0.035156 0.054688
1 0.177734 0.705078 0.324219 0.589844
1 0.496094 0.462891 0.984375 0.113281
1 0.697266 0.371094 0.347656 0.078125
0 0.345703 0.310547 0.332031 0.074219
0 0.490234 0.205078 0.613281 0.136719
0 0.111328 0.287109 0.207031 0.183594
0 0.142578 0.195312 0.199219 0.093750
0 0.675781 0.166016 0.226562 0.105469
0 0.187500 0.158203 0.125000 0.074219
0 0.566406 0.281250 0.125000 0.078125
1 0.365234 0.437500 0.285156 0.164062
1 0.673828 0.726562 0.285156 0.406250
1 0.908203 0.798828 0.183594 0.386719
1 0.560547 0.916016 0.441406 0.167969
1 0.335938 0.791016 0.164062 0.152344
1 0.400391 0.535156 0.160156 0.101562
