0 0.515625 0.376953 0.078125 0.050781
0 0.603516 0.367188 0.089844 0.062500
0 0.593750 0.535156 0.242188 0.093750
0 0.378906 0.558594 0.187500 0.054688
0 0.228516 0.562500 0.121094 0.046875
0 0.113281 0.568359 0.117188 0.050781
0 0.031250 0.593750 0.054688 0.046875
0 0.785156 0.521484 0.164062 0.050781
1 0.800781 0.662109 0.218750 0.136719
1 0.888672 0.787109 0.222656 0.121094
0 0.308594 0.585938 0.148438 0.070312
1 0.248047 0.714844 0.488281 0.171875
1 0.550781 0.679688 0.265625 0.171875
1 0.685547 0.878906 0.253906 0.078125
1 0.232422 0.390625 0.449219 0.218750
0 0.435547 0.531250 0.113281 0.046875
