0 0.152344 0.373047 0.296875 0.378906
0 0.353516 0.322266 0.183594 0.128906
0 0.445312 0.349609 0.148438 0.144531
0 0.580078 0.365234 0.136719 0.128906
0 0.664062 0.402344 0.101562 0.164062
0 0.324219 0.431641 0.093750 0.113281
0 0.167969 0.701172 0.156250 0.074219
0 0.318359 0.693359 0.152344 0.136719
0 0.462891 0.652344 0.160156 0.109375
0 0.371094 0.621094 0.109375 0.093750
0 0.746094 0.425781 0.125000 0.117188
0 0.843750 0.445312 0.117188 0.078125
0 0.859375 0.519531 0.210938 0.117188
0 0.240234 0.162109 0.261719 0.074219
0 0.144531 0.550781 0.281250 0.085938
0 0.880859 0.119141 0.222656 0.121094
1 0.544922 0.191406 0.285156 0.125000
1 0.876953 0.632812 0.230469 0.078125
