0 0.417969 0.541016 0.250000 0.191406
0 0.248047 0.533203 0.089844 0.121094
0 0.373047 0.375000 0.058594 0.015625
0 0.451172 0.343750 0.128906 0.031250
0 0.314453 0.408203 0.058594 0.058594
0 0.679688 0.867188 0.195312 0.187500
0 0.277344 0.515625 0.070312 0.109375
1 0.251953 0.814453 0.496094 0.347656
0 0.591797 0.654297 0.152344 0.363281
1 0.232422 0.408203 0.113281 0.035156
1 0.125000 0.435547 0.140625 0.035156
1 0.892578 0.859375 0.214844 0.265625
1 0.730469 0.648438 0.109375 0.234375
0 0.279297 0.605469 0.113281 0.078125
