0 0.347656 0.386719 0.085938 0.187500
0 0.400391 0.462891 0.082031 0.207031
0 0.462891 0.541016 0.082031 0.175781
0 0.521484 0.615234 0.089844 0.175781
0 0.480469 0.626953 0.070312 0.089844
0 0.521484 0.531250 0.058594 0.078125
0 0.255859 0.298828 0.105469 0.128906
0 0.207031 0.431641 0.085938 0.121094
1 0.166016 0.681641 0.316406 0.339844
1 0.410156 0.857422 0.281250 0.285156
0 0.417969 0.570312 0.062500 0.078125
1 0.345703 0.701172 0.144531 0.167969
1 0.083984 0.361328 0.152344 0.363281
0 0.568359 0.638672 0.050781 0.113281
1 0.429688 0.210938 0.171875 0.164062
1 0.484375 0.394531 0.078125 0.109375
1 0.558594 0.464844 0.085938 0.062500
1 0.437500 0.302734 0.093750 0.105469
