0 0.486328 0.468750 0.199219 0.125000
0 0.662109 0.494141 0.308594 0.183594
0 0.205078 0.390625 0.121094 0.078125
0 0.742188 0.361328 0.179688 0.152344
1 0.867188 0.490234 0.078125 0.199219
1 0.251953 0.761719 0.496094 0.453125
1 0.324219 0.408203 0.125000 0.253906
1 0.492188 0.726562 0.101562 0.210938
0 0.636719 0.632812 0.125000 0.093750
0 0.742188 0.628906 0.093750 0.093750
1 0.591797 0.755859 0.097656 0.136719
1 0.695312 0.718750 0.117188 0.070312
1 0.859375 0.312500 0.046875 0.140625
1 0.445312 0.353516 0.125000 0.089844
1 0.125000 0.505859 0.117188 0.066406
