0 0.541016 0.423828 0.058594 0.027344
0 0.578125 0.388672 0.046875 0.019531
0 0.806641 0.617188 0.074219 0.140625
0 0.843750 0.617188 0.101562 0.125000
0 0.919922 0.628906 0.105469 0.117188
0 0.648438 0.617188 0.273438 0.156250
0 0.484375 0.595703 0.125000 0.082031
0 0.052734 0.521484 0.097656 0.074219
0 0.382812 0.587891 0.125000 0.058594
0 0.589844 0.435547 0.078125 0.027344
0 0.783203 0.707031 0.121094 0.078125
1 0.917969 0.845703 0.140625 0.308594
1 0.722656 0.884766 0.429688 0.230469
1 0.158203 0.777344 0.308594 0.390625
1 0.404297 0.826172 0.207031 0.347656
1 0.611328 0.787109 0.167969 0.152344
1 0.287109 0.367188 0.339844 0.164062
0 0.359375 0.503906 0.156250 0.062500
