0 0.109375 0.455078 0.125000 0.058594
0 0.027344 0.470703 0.046875 0.066406
0 0.359375 0.417969 0.078125 0.085938
0 0.447266 0.423828 0.097656 0.089844
0 0.523438 0.416016 0.054688 0.082031
0 0.580078 0.400391 0.058594 0.058594
0 0.667969 0.386719 0.109375 0.031250
0 0.824219 0.589844 0.218750 0.203125
0 0.964844 0.574219 0.062500 0.187500
0 0.689453 0.601562 0.105469 0.156250
0 0.214844 0.300781 0.125000 0.046875
0 0.048828 0.808594 0.089844 0.164062
1 0.195312 0.695312 0.179688 0.070312
0 0.177734 0.796875 0.160156 0.109375
1 0.251953 0.591797 0.496094 0.152344
1 0.447266 0.759766 0.308594 0.441406
0 0.656250 0.564453 0.085938 0.074219
0 0.962891 0.392578 0.074219 0.050781
0 0.750000 0.199219 0.078125 0.039062
0 0.308594 0.414062 0.078125 0.070312
1 0.074219 0.322266 0.140625 0.199219
1 0.203125 0.376953 0.101562 0.082031
1 0.220703 0.480469 0.089844 0.109375
1 0.632812 0.474609 0.156250 0.082031
0 0.513672 0.333984 0.097656 0.050781
1 0.375000 0.292969 0.171875 0.156250
1 0.582031 0.246094 0.234375 0.117188
1 0.707031 0.302734 0.257812 0.113281
1 0.830078 0.351562 0.175781 0.250000
1 0.791016 0.849609 0.386719 0.300781
1 0.427734 0.541016 0.324219 0.136719
1 0.697266 0.443359 0.152344 0.066406
1 0.898438 0.259766 0.203125 0.183594
1 0.210938 0.931641 0.218750 0.136719
