0 0.496094 0.373047 0.132812 0.316406
0 0.609375 0.431641 0.078125 0.339844
0 0.687500 0.500000 0.234375 0.203125
0 0.359375 0.326172 0.125000 0.089844
0 0.250000 0.373047 0.093750 0.027344
0 0.033203 0.511719 0.058594 0.078125
0 0.109375 0.460938 0.062500 0.093750
0 0.181641 0.417969 0.050781 0.039062
0 0.390625 0.263672 0.062500 0.027344
0 0.449219 0.867188 0.242188 0.125000
0 0.271484 0.882812 0.105469 0.140625
0 0.453125 0.966797 0.234375 0.066406
0 0.242188 0.978516 0.171875 0.042969
1 0.812500 0.810547 0.375000 0.371094
0 0.830078 0.531250 0.097656 0.156250
0 0.671875 0.373047 0.093750 0.160156
0 0.527344 0.533203 0.109375 0.121094
1 0.720703 0.091797 0.160156 0.097656
1 0.291016 0.621094 0.277344 0.343750
1 0.529297 0.701172 0.207031 0.191406
1 0.080078 0.761719 0.152344 0.406250
1 0.357422 0.416016 0.113281 0.082031
1 0.253906 0.423828 0.093750 0.066406
