0 0.589844 0.578125 0.343750 0.078125
0 0.556641 0.640625 0.230469 0.046875
0 0.595703 0.517578 0.128906 0.050781
0 0.455078 0.519531 0.121094 0.031250
0 0.601562 0.658203 0.218750 0.058594
0 0.748047 0.523438 0.175781 0.187500
0 0.888672 0.507812 0.121094 0.117188
0 0.775391 0.412109 0.128906 0.121094
1 0.861328 0.808594 0.277344 0.367188
1 0.492188 0.847656 0.539062 0.296875
0 0.037109 0.791016 0.066406 0.058594
0 0.023438 0.757812 0.039062 0.070312
0 0.521484 0.212891 0.128906 0.089844
0 0.115234 0.929688 0.136719 0.132812
1 0.203125 0.658203 0.242188 0.378906
0 0.427734 0.580078 0.089844 0.082031
0 0.861328 0.431641 0.050781 0.089844
0 0.453125 0.212891 0.085938 0.042969
