0 0.515625 0.484375 0.093750 0.140625
0 0.625000 0.437500 0.109375 0.093750
0 0.421875 0.515625 0.093750 0.140625
0 0.341797 0.544922 0.074219 0.152344
0 0.279297 0.572266 0.058594 0.105469
0 0.228516 0.593750 0.058594 0.062500
0 0.515625 0.398438 0.062500 0.031250
0 0.625000 0.498047 0.093750 0.027344
0 0.099609 0.671875 0.191406 0.054688
1 0.503906 0.876953 0.984375 0.222656
1 0.871094 0.574219 0.257812 0.390625
1 0.447266 0.742188 0.597656 0.054688
1 0.656250 0.626953 0.171875 0.175781
1 0.423828 0.687500 0.285156 0.062500
1 0.503906 0.634766 0.125000 0.058594
1 0.097656 0.484375 0.187500 0.203125
1 0.253906 0.417969 0.156250 0.140625
1 0.392578 0.390625 0.097656 0.093750
