0 0.492188 0.335938 0.093750 0.218750
0 0.367188 0.371094 0.117188 0.093750
0 0.529297 0.570312 0.082031 0.140625
0 0.462891 0.607422 0.074219 0.105469
0 0.599609 0.613281 0.066406 0.164062
0 0.619141 0.906250 0.089844 0.148438
1 0.154297 0.642578 0.300781 0.652344
1 0.197266 0.156250 0.378906 0.304688
0 0.517578 0.712891 0.113281 0.121094
0 0.671875 0.808594 0.085938 0.117188
0 0.433594 0.248047 0.085938 0.128906
0 0.341797 0.466797 0.082031 0.097656
1 0.689453 0.318359 0.292969 0.246094
0 0.554688 0.816406 0.093750 0.085938
1 0.830078 0.933594 0.300781 0.132812
1 0.861328 0.712891 0.277344 0.285156
1 0.718750 0.597656 0.171875 0.304688
0 0.535156 0.513672 0.062500 0.144531
