0 0.794922 0.216797 0.089844 0.136719
0 0.917969 0.242188 0.156250 0.203125
0 0.572266 0.492188 0.105469 0.367188
0 0.468750 0.560547 0.093750 0.433594
0 0.388672 0.416016 0.082031 0.105469
0 0.205078 0.423828 0.285156 0.097656
0 0.689453 0.531250 0.128906 0.281250
0 0.814453 0.544922 0.113281 0.230469
0 0.912109 0.552734 0.152344 0.230469
0 0.035156 0.484375 0.062500 0.171875
0 0.167969 0.525391 0.187500 0.105469
0 0.339844 0.560547 0.210938 0.207031
0 0.564453 0.808594 0.113281 0.250000
0 0.734375 0.814453 0.218750 0.183594
0 0.861328 0.841797 0.128906 0.253906
0 0.949219 0.876953 0.101562 0.191406
0 0.277344 0.845703 0.164062 0.214844
0 0.392578 0.843750 0.066406 0.187500
0 0.486328 0.853516 0.113281 0.160156
0 0.148438 0.791016 0.085938 0.042969
0 0.167969 0.878906 0.101562 0.132812
0 0.255859 0.771484 0.074219 0.105469
0 0.197266 0.591797 0.128906 0.097656
0 0.638672 0.394531 0.082031 0.101562
0 0.824219 0.267578 0.109375 0.089844
0 0.806641 0.082031 0.246094 0.054688
0 0.656250 0.900391 0.117188 0.089844
1 0.058594 0.675781 0.101562 0.187500
1 0.154297 0.707031 0.074219 0.117188
1 0.052734 0.888672 0.097656 0.222656
1 0.257812 0.218750 0.500000 0.226562
1 0.583984 0.177734 0.152344 0.167969
0 0.619141 0.304688 0.089844 0.078125
1 0.710938 0.201172 0.093750 0.152344
1 0.732422 0.343750 0.082031 0.085938
1 0.833984 0.388672 0.105469 0.082031
1 0.939453 0.396484 0.097656 0.066406
