0 0.402344 0.416016 0.078125 0.089844
0 0.460938 0.470703 0.062500 0.066406
0 0.531250 0.527344 0.085938 0.062500
0 0.363281 0.429688 0.070312 0.078125
0 0.601562 0.445312 0.132812 0.062500
1 0.900391 0.550781 0.199219 0.484375
0 0.957031 0.873047 0.085938 0.113281
1 0.281250 0.593750 0.281250 0.203125
0 0.628906 0.978516 0.085938 0.042969
1 0.585938 0.869141 0.257812 0.175781
1 0.757812 0.964844 0.140625 0.070312
1 0.232422 0.849609 0.441406 0.300781
0 0.845703 0.117188 0.082031 0.062500
1 0.945312 0.134766 0.109375 0.199219
1 0.390625 0.291016 0.257812 0.144531
1 0.521484 0.126953 0.542969 0.246094
0 0.111328 0.195312 0.113281 0.070312
0 0.048828 0.113281 0.074219 0.046875
1 0.166016 0.373047 0.308594 0.253906
1 0.660156 0.537109 0.171875 0.105469
