0 0.371094 0.496094 0.656250 0.265625
0 0.119141 0.683594 0.230469 0.125000
0 0.412109 0.646484 0.386719 0.214844
0 0.136719 0.818359 0.195312 0.160156
0 0.835938 0.320312 0.187500 0.171875
0 0.687500 0.472656 0.203125 0.265625
0 0.216797 0.365234 0.277344 0.144531
0 0.458984 0.365234 0.191406 0.214844
0 0.173828 0.896484 0.113281 0.113281
1 0.492188 0.878906 0.500000 0.242188
0 0.808594 0.417969 0.109375 0.125000
1 0.851562 0.802734 0.265625 0.394531
1 0.935547 0.554688 0.128906 0.281250
1 0.871094 0.583984 0.148438 0.183594
1 0.648438 0.250000 0.187500 0.148438
1 0.150391 0.228516 0.121094 0.105469
