0 0.263672 0.123047 0.128906 0.128906
0 0.121094 0.123047 0.140625 0.042969
0 0.390625 0.562500 0.203125 0.093750
0 0.523438 0.566406 0.109375 0.140625
0 0.150391 0.259766 0.167969 0.058594
0 0.447266 0.046875 0.160156 0.062500
0 0.621094 0.343750 0.085938 0.078125
0 0.587891 0.437500 0.160156 0.078125
0 0.466797 0.128906 0.277344 0.109375
0 0.705078 0.527344 0.152344 0.093750
1 0.121094 0.626953 0.234375 0.128906
1 0.404297 0.283203 0.332031 0.183594
1 0.796875 0.390625 0.250000 0.187500
1 0.785156 0.683594 0.257812 0.117188
1 0.373047 0.687500 0.261719 0.156250
1 0.687500 0.251953 0.156250 0.089844
1 0.123047 0.779297 0.238281 0.152344
0 0.570312 0.816406 0.218750 0.109375
0 0.363281 0.439453 0.265625 0.144531
