0 0.468750 0.562500 0.484375 0.328125
0 0.437500 0.796875 0.500000 0.140625
0 0.511719 0.367188 0.375000 0.062500
0 0.595703 0.316406 0.121094 0.132812
0 0.273438 0.593750 0.195312 0.281250
0 0.705078 0.562500 0.097656 0.312500
0 0.203125 0.687500 0.125000 0.281250
0 0.468750 0.031250 0.093750 0.046875
0 0.556641 0.048828 0.089844 0.058594
1 0.408203 0.933594 0.417969 0.109375
0 0.705078 0.830078 0.152344 0.230469
1 0.488281 0.294922 0.078125 0.074219
1 0.277344 0.359375 0.093750 0.054688
1 0.857422 0.830078 0.144531 0.308594
1 0.107422 0.703125 0.066406 0.281250
