0 0.546875 0.468750 0.359375 0.656250
0 0.296875 0.433594 0.140625 0.445312
0 0.783203 0.535156 0.214844 0.507812
0 0.634766 0.792969 0.199219 0.109375
0 0.609375 0.107422 0.203125 0.207031
0 0.853516 0.095703 0.230469 0.183594
0 0.513672 0.167969 0.175781 0.226562
0 0.390625 0.187500 0.125000 0.203125
0 0.335938 0.246094 0.210938 0.250000
0 0.216797 0.480469 0.253906 0.359375
0 0.353516 0.714844 0.097656 0.125000
0 0.744141 0.250000 0.121094 0.171875
0 0.875000 0.236328 0.156250 0.230469
0 0.111328 0.601562 0.214844 0.218750
