0 0.416016 0.125000 0.097656 0.109375
0 0.423828 0.341797 0.222656 0.300781
0 0.607422 0.406250 0.199219 0.265625
0 0.388672 0.511719 0.253906 0.062500
0 0.283203 0.322266 0.082031 0.230469
0 0.734375 0.531250 0.164062 0.328125
0 0.623047 0.732422 0.214844 0.355469
0 0.441406 0.687500 0.156250 0.343750
0 0.794922 0.843750 0.105469 0.296875
0 0.552734 0.921875 0.363281 0.140625
0 0.375000 0.156250 0.093750 0.140625
1 0.285156 0.757812 0.140625 0.421875
1 0.574219 0.111328 0.156250 0.160156
1 0.921875 0.798828 0.140625 0.394531
