0 0.593750 0.607422 0.062500 0.074219
0 0.656250 0.619141 0.078125 0.074219
0 0.705078 0.605469 0.074219 0.046875
0 0.515625 0.603516 0.093750 0.042969
0 0.390625 0.623047 0.140625 0.066406
0 0.527344 0.685547 0.125000 0.050781
0 0.761719 0.509766 0.085938 0.082031
1 0.652344 0.501953 0.140625 0.113281
1 0.484375 0.541016 0.156250 0.066406
1 0.216797 0.642578 0.191406 0.191406
1 0.386719 0.714844 0.148438 0.101562
1 0.080078 0.578125 0.152344 0.109375
1 0.154297 0.779297 0.300781 0.285156
1 0.386719 0.810547 0.156250 0.113281
