0 0.156250 0.546875 0.046875 0.062500
0 0.105469 0.484375 0.039062 0.093750
0 0.076172 0.453125 0.066406 0.031250
0 0.078125 0.546875 0.109375 0.031250
0 0.281250 0.560547 0.078125 0.089844
0 0.343750 0.556641 0.031250 0.058594
0 0.216797 0.562500 0.058594 0.062500
0 0.261719 0.496094 0.031250 0.046875
0 0.429688 0.546875 0.039062 0.062500
0 0.375000 0.562500 0.031250 0.062500
0 0.947266 0.593750 0.105469 0.046875
0 0.945312 0.664062 0.109375 0.093750
0 0.839844 0.683594 0.085938 0.031250
0 0.554688 0.562500 0.039062 0.031250
0 0.494141 0.558594 0.074219 0.031250
1 0.341797 0.625000 0.253906 0.031250
1 0.564453 0.666016 0.152344 0.097656
1 0.687500 0.703125 0.109375 0.062500
1 0.839844 0.740234 0.171875 0.058594
1 0.962891 0.796875 0.074219 0.171875
1 0.734375 0.578125 0.281250 0.156250
0 0.183594 0.451172 0.101562 0.082031
1 0.792969 0.189453 0.414062 0.058594
