0 0.560547 0.447266 0.167969 0.253906
0 0.441406 0.628906 0.218750 0.328125
0 0.750000 0.464844 0.109375 0.335938
0 0.861328 0.656250 0.113281 0.250000
0 0.042969 0.666016 0.078125 0.207031
1 0.335938 0.355469 0.281250 0.218750
1 0.207031 0.650391 0.226562 0.300781
1 0.685547 0.744141 0.238281 0.199219
1 0.906250 0.349609 0.187500 0.371094
1 0.671875 0.189453 0.281250 0.207031
1 0.886719 0.089844 0.226562 0.164062
1 0.119141 0.417969 0.230469 0.281250
1 0.480469 0.898438 0.226562 0.203125
1 0.259766 0.869141 0.230469 0.128906
