0 0.701172 0.328125 0.230469 0.421875
0 0.525391 0.535156 0.152344 0.164062
0 0.330078 0.593750 0.269531 0.117188
0 0.128906 0.658203 0.250000 0.175781
0 0.304688 0.650391 0.132812 0.113281
0 0.623047 0.425781 0.167969 0.156250
0 0.058594 0.765625 0.109375 0.148438
0 0.435547 0.552734 0.097656 0.089844
0 0.841797 0.605469 0.316406 0.203125
0 0.892578 0.306641 0.214844 0.449219
0 0.734375 0.150391 0.125000 0.128906
1 0.580078 0.816406 0.191406 0.359375
1 0.845703 0.851562 0.308594 0.265625
1 0.466797 0.832031 0.175781 0.335938
1 0.447266 0.306641 0.191406 0.292969
1 0.351562 0.408203 0.195312 0.207031
