0 0.525391 0.359375 0.121094 0.187500
0 0.599609 0.349609 0.089844 0.214844
0 0.632812 0.367188 0.101562 0.132812
0 0.419922 0.501953 0.082031 0.410156
0 0.443359 0.501953 0.105469 0.152344
0 0.378906 0.531250 0.054688 0.406250
0 0.326172 0.583984 0.113281 0.433594
0 0.238281 0.546875 0.148438 0.257812
0 0.218750 0.744141 0.109375 0.121094
0 0.121094 0.574219 0.078125 0.187500
0 0.091797 0.955078 0.144531 0.089844
1 0.212891 0.855469 0.222656 0.101562
1 0.085938 0.736328 0.148438 0.121094
1 0.064453 0.849609 0.121094 0.105469
1 0.972656 0.669922 0.054688 0.105469
