0 0.673828 0.685547 0.128906 0.167969
0 0.779297 0.578125 0.136719 0.046875
0 0.791016 0.539062 0.097656 0.031250
0 0.785156 0.513672 0.054688 0.027344
0 0.767578 0.638672 0.058594 0.066406
0 0.812500 0.623047 0.031250 0.042969
0 0.722656 0.666016 0.117188 0.082031
0 0.593750 0.685547 0.015625 0.089844
0 0.589844 0.810547 0.023438 0.121094
0 0.562500 0.824219 0.101562 0.109375
0 0.503906 0.859375 0.031250 0.093750
0 0.482422 0.892578 0.042969 0.089844
0 0.437500 0.923828 0.031250 0.097656
0 0.406250 0.960938 0.031250 0.078125
0 0.392578 0.964844 0.066406 0.054688
0 0.697266 0.728516 0.105469 0.160156
