0 0.587891 0.359375 0.261719 0.062500
0 0.558594 0.281250 0.132812 0.187500
0 0.404297 0.482422 0.082031 0.308594
0 0.513672 0.498047 0.128906 0.121094
0 0.541016 0.421875 0.214844 0.125000
0 0.689453 0.386719 0.167969 0.070312
0 0.384766 0.531250 0.144531 0.375000
0 0.429688 0.640625 0.125000 0.093750
0 0.464844 0.560547 0.132812 0.089844
0 0.328125 0.609375 0.109375 0.203125
0 0.623047 0.205078 0.097656 0.035156
0 0.654297 0.304688 0.121094 0.085938
0 0.478516 0.312500 0.089844 0.078125
1 0.792969 0.748047 0.390625 0.480469
0 0.341797 0.830078 0.160156 0.214844
1 0.156250 0.791016 0.203125 0.363281
