0 0.328125 0.664062 0.343750 0.070312
0 0.523438 0.648438 0.101562 0.046875
0 0.603516 0.523438 0.199219 0.070312
0 0.718750 0.511719 0.062500 0.062500
0 0.437500 0.533203 0.171875 0.066406
0 0.265625 0.656250 0.085938 0.109375
0 0.398438 0.689453 0.156250 0.082031
0 0.802734 0.423828 0.207031 0.050781
0 0.351562 0.601562 0.125000 0.054688
1 0.537109 0.597656 0.230469 0.054688
1 0.162109 0.689453 0.136719 0.066406
1 0.171875 0.779297 0.335938 0.105469
1 0.642578 0.453125 0.105469 0.062500
1 0.394531 0.775391 0.109375 0.089844
1 0.554688 0.464844 0.117188 0.046875
