0 0.390625 0.468750 0.218750 0.078125
0 0.578125 0.460938 0.140625 0.085938
0 0.746094 0.392578 0.171875 0.074219
0 0.707031 0.425781 0.117188 0.101562
0 0.615234 0.419922 0.121094 0.066406
0 0.812500 0.671875 0.062500 0.140625
0 0.873047 0.595703 0.128906 0.066406
0 0.679688 0.736328 0.085938 0.152344
0 0.732422 0.763672 0.167969 0.066406
0 0.919922 0.609375 0.089844 0.109375
0 0.783203 0.671875 0.105469 0.140625
0 0.621094 0.812500 0.101562 0.140625
0 0.859375 0.669922 0.140625 0.121094
0 0.416016 0.326172 0.253906 0.089844
0 0.921875 0.134766 0.140625 0.050781
1 0.263672 0.658203 0.136719 0.160156
1 0.416016 0.654297 0.058594 0.128906
1 0.357422 0.718750 0.089844 0.078125
1 0.074219 0.765625 0.125000 0.093750
0 0.273438 0.468750 0.093750 0.062500
0 0.955078 0.466797 0.089844 0.058594
0 0.712891 0.816406 0.105469 0.093750
1 0.171875 0.121094 0.093750 0.070312
1 0.330078 0.140625 0.144531 0.093750
