0 0.490234 0.449219 0.105469 0.070312
0 0.410156 0.351562 0.085938 0.046875
0 0.414062 0.474609 0.109375 0.082031
0 0.556641 0.550781 0.160156 0.085938
1 0.205078 0.402344 0.144531 0.132812
1 0.441406 0.753906 0.226562 0.296875
1 0.376953 0.937500 0.238281 0.125000
1 0.738281 0.250000 0.312500 0.289062
1 0.273438 0.294922 0.156250 0.066406
1 0.662109 0.443359 0.207031 0.121094
1 0.839844 0.748047 0.320312 0.472656
1 0.630859 0.787109 0.136719 0.363281
1 0.861328 0.064453 0.261719 0.121094
1 0.164062 0.669922 0.312500 0.386719
