0 0.048828 0.359375 0.089844 0.187500
0 0.097656 0.417969 0.187500 0.250000
0 0.429688 0.466797 0.421875 0.253906
0 0.404297 0.218750 0.175781 0.093750
0 0.560547 0.281250 0.121094 0.109375
0 0.792969 0.541016 0.382812 0.449219
0 0.501953 0.654297 0.277344 0.097656
0 0.541016 0.732422 0.214844 0.097656
0 0.826172 0.828125 0.339844 0.109375
0 0.841797 0.923828 0.308594 0.097656
0 0.337891 0.623047 0.082031 0.066406
0 0.388672 0.306641 0.214844 0.089844
1 0.085938 0.728516 0.164062 0.355469
1 0.296875 0.855469 0.250000 0.289062
1 0.531250 0.890625 0.218750 0.218750
1 0.705078 0.232422 0.167969 0.089844
1 0.544922 0.164062 0.097656 0.078125
1 0.166016 0.160156 0.324219 0.179688
1 0.376953 0.123047 0.089844 0.097656
1 0.236328 0.714844 0.128906 0.226562
