0 0.710938 0.558594 0.148438 0.085938
0 0.789062 0.556641 0.101562 0.058594
0 0.580078 0.642578 0.121094 0.207031
0 0.400391 0.580078 0.238281 0.058594
0 0.439453 0.687500 0.160156 0.062500
0 0.335938 0.703125 0.031250 0.078125
0 0.164062 0.849609 0.156250 0.121094
0 0.273438 0.785156 0.085938 0.117188
0 0.218750 0.759766 0.109375 0.058594
0 0.335938 0.699219 0.101562 0.054688
0 0.236328 0.593750 0.066406 0.062500
0 0.142578 0.529297 0.066406 0.019531
0 0.220703 0.531250 0.066406 0.031250
0 0.662109 0.736328 0.042969 0.058594
0 0.191406 0.800781 0.117188 0.054688
1 0.339844 0.490234 0.164062 0.097656
0 0.689453 0.750000 0.058594 0.039062
1 0.464844 0.880859 0.265625 0.238281
1 0.792969 0.886719 0.398438 0.226562
