0 0.312500 0.343750 0.187500 0.234375
0 0.501953 0.390625 0.027344 0.312500
0 0.656250 0.511719 0.296875 0.195312
0 0.527344 0.328125 0.335938 0.203125
0 0.080078 0.169922 0.152344 0.089844
0 0.648438 0.716797 0.234375 0.222656
1 0.185547 0.730469 0.355469 0.539062
1 0.433594 0.777344 0.132812 0.445312
1 0.767578 0.906250 0.464844 0.171875
1 0.886719 0.712891 0.226562 0.207031
1 0.103516 0.337891 0.199219 0.238281
1 0.908203 0.451172 0.183594 0.308594
1 0.761719 0.330078 0.125000 0.160156
1 0.296875 0.185547 0.265625 0.074219
