0 0.218750 0.427734 0.125000 0.097656
0 0.378906 0.468750 0.187500 0.140625
0 0.517578 0.437500 0.105469 0.109375
0 0.626953 0.406250 0.089844 0.085938
0 0.841797 0.308594 0.152344 0.039062
0 0.125000 0.416016 0.109375 0.089844
0 0.410156 0.406250 0.179688 0.078125
0 0.513672 0.496094 0.105469 0.054688
0 0.693359 0.359375 0.089844 0.078125
0 0.269531 0.609375 0.210938 0.109375
1 0.791016 0.724609 0.417969 0.527344
1 0.876953 0.484375 0.246094 0.296875
1 0.769531 0.539062 0.179688 0.257812
1 0.556641 0.763672 0.339844 0.441406
1 0.226562 0.837891 0.445312 0.324219
1 0.083984 0.619141 0.152344 0.285156
1 0.917969 0.216797 0.156250 0.144531
1 0.128906 0.298828 0.234375 0.144531
1 0.033203 0.435547 0.058594 0.167969
