0 0.277344 0.263672 0.078125 0.058594
0 0.218750 0.277344 0.031250 0.031250
0 0.498047 0.281250 0.152344 0.031250
0 0.343750 0.291016 0.062500 0.027344
0 0.250000 0.326172 0.125000 0.035156
0 0.199219 0.484375 0.343750 0.187500
0 0.482422 0.437500 0.214844 0.203125
0 0.656250 0.386719 0.218750 0.109375
0 0.828125 0.406250 0.093750 0.125000
0 0.941406 0.427734 0.117188 0.136719
0 0.718750 0.343750 0.109375 0.093750
0 0.873047 0.525391 0.222656 0.144531
0 0.685547 0.494141 0.191406 0.082031
0 0.263672 0.402344 0.269531 0.078125
1 0.566406 0.732422 0.359375 0.308594
1 0.201172 0.765625 0.378906 0.359375
1 0.876953 0.796875 0.246094 0.390625
