0 0.482422 0.525391 0.105469 0.042969
0 0.328125 0.644531 0.093750 0.039062
0 0.806641 0.746094 0.066406 0.039062
0 0.912109 0.728516 0.035156 0.035156
0 0.472656 0.744141 0.039062 0.050781
0 0.507812 0.697266 0.046875 0.050781
0 0.550781 0.765625 0.093750 0.070312
0 0.515625 0.791016 0.031250 0.027344
0 0.097656 0.552734 0.078125 0.042969
1 0.687500 0.587891 0.265625 0.269531
1 0.910156 0.585938 0.179688 0.218750
1 0.140625 0.748047 0.257812 0.324219
1 0.355469 0.787109 0.171875 0.222656
1 0.474609 0.609375 0.199219 0.109375
1 0.296875 0.535156 0.250000 0.148438
